Generation:
1000

Phenotype:
+5.6E-5*KG(x[:,0], 7.0E+0,4.4E-0,None)+6.4E-3*KP(x[:,0], 1.4E-6,6.3E-7,0)+6.8E+0*KS(x[:,0], 8.8E+1,9.6E+1,None)-1.6E-7*KG(x[:,0], 8.4E-6,6.4E-6,None)

Genotype:
[511, 430, 274, 376, 345, 795, 429, 920, 276, 680, 84, 824, 157, 680, 979, 585, 34, 977, 404, 433, 833, 702, 434, 897, 906, 68, 673, 1, 357, 165, 443, 370, 455, 688, 812, 350, 466, 888, 640, 241, 602, 586, 224, 821, 491, 678, 901, 306, 496, 519, 337, 655, 914, 223, 16, 923, 34, 693, 936, 71, 557, 471, 287, 792, 449, 9, 455]
Tree:
None

Fitness:
43.01231795845538