Generation:
1000

Phenotype:
+9.9E+0*KS(x[:,0], 7.1E-1,1.0E-2,None)+3.3E-0*KG(x[:,0], 5.0E-2,9.8E-3,None)

Genotype:
[593, 414, 494, 259, 148, 110, 249, 301, 545, 321, 432, 410, 265, 962, 393, 624, 72, 848, 223, 209, 340, 445, 680, 553, 682, 791, 378, 335, 283, 323, 625, 259, 560, 49, 258, 472, 161, 845, 542, 780, 635, 320, 857, 400, 694, 72, 228, 475, 553, 453, 152, 573, 9, 996, 149, 1, 209, 156, 683, 824, 808, 993, 264, 408, 817, 764, 924, 395, 476, 827, 430, 556, 648, 600, 707, 504, 365, 322, 524, 720, 590, 96, 810, 131, 931, 717, 978, 927, 343, 375]
Tree:
None

Fitness:
12.078022238978532