Generation:
1000

Phenotype:
+2.7E-1*KG(x[:,0], 4.0E-8,5.5E-3,None)-4.8E-7*KS(x[:,0], 3.7E-0,2.7E-7,None)+2.5E-1*KP(x[:,0], 6.9E-2,5.0E+0,1)

Genotype:
[55, 630, 109, 117, 201, 451, 768, 110, 97, 58, 436, 585, 227, 833, 398, 227, 39, 471, 448, 719, 757, 209, 617, 315, 120, 775, 997, 873, 907, 483, 776, 180, 352, 165, 305, 931, 50, 869, 75, 292, 625, 190, 374, 920, 391, 505, 478, 805, 65, 548, 11, 940, 283, 405, 153, 575, 144, 66, 935, 760, 427, 927, 320, 166, 760, 920, 561, 540, 239, 628, 43, 269, 445, 801, 50, 623, 118, 659, 800, 367, 918, 650, 483, 154, 726, 133, 61, 756, 634, 134, 928, 112, 300, 545, 571, 193, 902, 554, 254, 288, 697, 116, 506, 233, 843, 592, 752, 761, 70, 217, 932, 122]
Tree:
None

Fitness:
73.88091391319904