Generation:
1000

Phenotype:
+9.7E-2*KS(x[:,0], 5.8E+0,1.0E-8,None)-9.0E-9*KP(x[:,0], 1.5E+3,1.0E-9,2)

Genotype:
[803, 780, 692, 177, 211, 782, 184, 158, 392, 320, 297, 700, 77, 788, 305, 824, 191, 224, 500, 947, 379, 225, 705, 668, 993, 954, 860, 491, 49, 57, 741, 207, 389, 915, 87, 602, 892, 452, 787, 280, 567, 132, 603, 276, 151, 771, 487, 768, 166, 649, 179, 256, 381, 612, 984, 560, 380, 486, 856, 893, 900, 558, 704, 181, 165, 639, 138, 891, 494, 446, 500, 844, 226, 269, 639, 637, 736, 677, 622, 778, 501, 952, 308, 644, 742, 174, 212, 806, 360, 149, 539, 318, 572, 686, 558, 565, 425, 775, 173, 521, 761, 504, 55, 203, 197, 248, 640, 426, 779, 775, 260, 288]
Tree:
None

Fitness:
2.0700506135640375