Generation:
1000

Phenotype:
+5.6E-9*KP(x[:,0], 8.7E+8,7.6E-3,1)+2.3E-8*KS(x[:,0], 1.1E+9,9.5E+8,None)

Genotype:
[39, 192, 499, 416, 439, 279, 682, 887, 360, 878, 519, 546, 787, 643, 336, 22, 112, 694, 183, 673, 638, 198, 671, 756, 299, 116, 5, 912, 568, 315, 56, 527, 574, 857, 575, 110, 518, 570, 329, 752, 842, 43, 980, 623, 417, 587, 735, 314, 237, 817, 612, 682, 85, 875, 605, 61, 853, 538, 569, 508, 398, 189, 142, 489, 142, 13, 603, 941, 515, 977, 683, 943, 975, 532, 974, 571, 380, 111, 72, 991, 455, 761, 221, 657, 725, 705, 564, 352, 624, 915]
Tree:
None

Fitness:
36.742530792898336