Generation:
1000

Phenotype:
-2.1E-4*KP(x[:,0], 6.9E-7,9.7E+0,2)+7.7E-7*KG(x[:,0], 6.0E+0,2.2E-6,None)+1.8E-2*KS(x[:,0], 9.0E-4,2.9E-4,None)

Genotype:
[591, 277, 622, 111, 195, 714, 653, 119, 433, 337, 791, 617, 106, 700, 132, 187, 528, 879, 377, 887, 567, 257, 460, 368, 140, 136, 432, 235, 546, 302, 250, 76, 153, 658, 41, 802, 575, 520, 251, 334, 379, 609, 825, 234, 483, 69, 153, 336, 65, 782, 736, 911, 282, 938, 596, 900, 935, 742, 862, 917, 305, 88, 234, 378, 357, 384, 723, 578, 58, 281, 128, 422, 131, 122, 275, 238, 875, 473, 156, 282, 153, 669, 609, 708, 307, 397, 253, 180, 566, 969]
Tree:
None

Fitness:
2.421392071067535