Generation:
1000

Phenotype:
-5.9E-2*KG(x[:,0], 1.9E-2,3.0E-9,None)+9.9E-1*KG(x[:,0], 3.1E-0,9.9E-1,None)

Genotype:
[73, 79, 877, 719, 399, 162, 684, 489, 823, 982, 506, 280, 953, 899, 820, 444, 900, 332, 389, 609, 461, 578, 351, 177, 550, 548, 439, 113, 881, 0, 7, 410, 849, 738, 198, 154, 428, 42, 878, 731, 8, 868, 303, 686, 762, 618, 865, 141, 63, 895, 765, 656, 896, 584, 726, 450, 916, 787, 998, 373, 316, 232, 256, 495, 41, 819, 169, 125, 493, 446, 87, 562, 127, 698, 430, 953, 213, 192, 440, 610, 41, 522, 738, 237, 646, 318, 618, 34, 158, 407, 758, 909, 441, 215, 65, 989, 947, 196, 524, 112, 683, 799, 584, 644, 830, 332, 467, 16, 34, 996, 880, 167, 694, 973, 697, 171, 483, 900, 502, 914, 606, 571, 377, 371, 353, 285, 117, 915, 379, 616, 19, 420, 873, 512, 129, 12, 381, 119, 480, 235, 38, 338, 94, 507, 475, 503, 918, 255, 297, 723, 424, 580, 565, 342, 701, 648, 766]
Tree:
None

Fitness:
0.04758871208758191