Generation:
1000

Phenotype:
+1.1E-0*KG(x[:,0], 3.1E-0,9.9E-1,None)-9.9E-2*KS(x[:,0], 3.0E+0,2.9E+0,None)+4.6E-3*KP(x[:,0], 6.7E-1,8.9E-7,4)

Genotype:
[337, 406, 90, 521, 683, 400, 254, 61, 635, 380, 485, 959, 925, 751, 497, 359, 613, 368, 959, 121, 922, 686, 400, 282, 420, 226, 399, 382, 500, 901, 506, 412, 930, 36, 61, 923, 266, 697, 253, 771, 610, 409, 95, 997, 174, 374, 262, 412, 362, 206, 439, 722, 478, 215, 837, 501, 786, 64, 716, 746, 865, 213, 641, 590, 320, 122, 130, 398, 856, 429, 807, 291, 857, 288, 575, 815, 776, 703, 197, 884, 783, 8, 506, 596, 275, 98, 600, 190, 318, 185]
Tree:
None

Fitness:
0.02309609270254058