Generation:
1000

Phenotype:
+5.0E-2*KS(x[:,0], 9.4E+4,1.0E-9,None)

Genotype:
[508, 662, 778, 940, 245, 532, 278, 154, 650, 714, 747, 710, 95, 499, 634, 98, 602, 918, 980, 396, 662, 765, 204, 532, 53, 641, 723, 408, 119, 921, 215, 41, 944, 179, 621, 515, 202, 123, 282, 645, 445, 942, 232, 105, 71, 591, 894, 768, 633, 155, 321, 41, 480, 927, 457, 60, 430, 505, 450, 313, 941, 190, 167, 828, 360, 101, 330, 621, 492, 671, 517, 799, 264, 268, 349, 623, 157, 561, 257, 557, 445, 148, 237, 716, 332, 274, 608, 914, 616, 51, 619, 202, 635, 830, 880, 291, 598, 286, 492, 512, 453, 220, 320, 499, 137, 750, 66, 777, 214, 892, 867, 111, 35, 88, 281, 362, 142, 421, 69, 219, 815, 241, 290, 464, 590, 805, 760, 883, 308, 16, 104, 649, 905, 941, 170]
Tree:
None

Fitness:
2.2868615606190237