Generation:
1000

Phenotype:
+8.9E-2*KS(x[:,0], 6.5E-0,1.0E-9,None)-7.4E-2*KP(x[:,0], 5.8E-1,2.1E-9,2)+9.9E-5*KP(x[:,0], 1.8E-4,6.8E+4,0)

Genotype:
[485, 312, 826, 399, 49, 272, 464, 135, 463, 460, 531, 790, 607, 659, 811, 885, 131, 582, 904, 237, 112, 778, 38, 527, 841, 676, 121, 569, 879, 777, 374, 386, 89, 649, 501, 855, 279, 298, 417, 704, 401, 648, 996, 454, 860, 269, 518, 270, 488, 583, 107, 447, 538, 962, 637, 641, 237, 778, 106, 942, 795, 109, 293, 479, 786, 403, 801]
Tree:
None

Fitness:
2.0599664011131273