Generation:
1000

Phenotype:
+8.6E-0*KS(x[:,0], 7.2E-1,8.1E-6,None)+3.7E-0*KG(x[:,0], 5.8E-2,1.8E+0,None)+6.1E-4*KS(x[:,0], 3.1E-8,5.9E+8,None)

Genotype:
[203, 338, 232, 746, 435, 60, 879, 182, 85, 851, 484, 1, 261, 46, 157, 43, 934, 434, 727, 517, 690, 445, 698, 769, 922, 378, 728, 416, 70, 955, 484, 436, 437, 401, 109, 204, 470, 81, 937, 678, 94, 469, 528, 568, 884, 104, 750, 157, 616, 221, 877, 381, 163, 220, 944, 640, 69, 631, 633, 329, 209, 367, 776, 159, 836, 868, 956]
Tree:
None

Fitness:
12.058290594804975