Generation:
1000

Phenotype:
+9.4E+0*KS(x[:,0], 8.0E-1,9.9E-2,None)+2.5E-0*KS(x[:,0], 2.0E+4,3.9E+5,None)

Genotype:
[359, 708, 728, 164, 804, 0, 7, 980, 591, 221, 899, 479, 429, 562, 551, 376, 910, 586, 725, 621, 850, 271, 830, 790, 74, 677, 419, 476, 205, 975, 382, 292, 540, 863, 448, 397, 537, 305, 671, 369, 704, 680, 495, 424, 24, 100, 296, 890, 354, 309, 643, 611, 553, 768, 769, 915, 388, 935, 451, 600, 853, 570, 905, 865, 517, 865, 976, 316, 217, 822, 0, 338, 905, 725, 538, 906, 512, 626, 289, 795, 899, 646, 670, 576, 697, 76, 171, 482, 216, 993]
Tree:
None

Fitness:
12.676298956372866