Generation:
1000

Phenotype:
+9.7E-0*KS(x[:,0], 7.0E-1,7.9E-2,None)+2.4E+0*KG(x[:,0], 5.9E-3,4.8E-8,None)

Genotype:
[623, 522, 179, 37, 211, 40, 888, 120, 553, 51, 267, 169, 709, 92, 597, 726, 762, 478, 654, 226, 190, 67, 29, 977, 553, 507, 178, 201, 818, 348, 717, 400, 53, 290, 253, 303, 706, 528, 540, 691, 631, 479, 190, 134, 565, 401, 671, 845, 959, 331, 843, 735, 329, 609, 8, 546, 122, 156, 367, 952, 642, 980, 334, 680, 568, 864, 23, 202, 367, 289, 944, 965, 131, 913, 983, 26, 68, 670, 879, 357, 178, 644, 166, 989, 691, 908, 705, 693, 77, 895]
Tree:
None

Fitness:
12.368051661556144