Generation:
1000

Phenotype:
+9.0E-0*KS(x[:,0], 7.4E-1,9.9E-7,None)+3.0E-0*KS(x[:,0], 8.6E-1,2.5E+0,None)

Genotype:
[233, 666, 512, 890, 191, 810, 960, 274, 205, 711, 629, 649, 681, 47, 310, 904, 402, 506, 560, 351, 970, 142, 746, 371, 491, 37, 525, 1000, 920, 80, 241, 642, 10, 221, 65, 938, 825, 479, 879, 152, 749, 522, 128, 661, 155, 938, 639, 378, 532, 528, 347, 226, 157, 975, 641, 75, 944, 616, 847, 891, 275, 630, 77, 581, 530, 688, 167, 612, 23, 581, 672, 462, 300, 266, 715, 800, 136, 808, 430, 447, 654, 715, 400, 916, 956, 871, 554, 175, 236, 245, 786, 44, 262, 205, 996, 701, 992, 412, 162, 643, 772, 337, 588, 314, 199, 509, 457, 978, 652, 777, 421, 532, 644, 126, 211, 527, 256, 266, 50, 222, 202, 364, 253, 288, 781, 78, 395, 232, 735, 877, 53, 23, 703, 496, 588, 16, 245, 587, 632, 419, 44, 5, 309, 681, 543, 877, 679, 219, 91, 567, 121, 465, 556, 967, 547, 811, 843]
Tree:
None

Fitness:
12.648221438614062