Generation:
1000

Phenotype:
+9.9E-1*KG(x[:,0], 5.0E-0,9.4E-1,None)-9.1E-7*KS(x[:,0], 6.9E+4,3.1E+1,None)

Genotype:
[727, 698, 899, 859, 375, 751, 805, 850, 353, 720, 494, 624, 903, 331, 596, 40, 127, 674, 951, 423, 877, 140, 519, 374, 704, 920, 881, 956, 771, 740, 141, 509, 453, 44, 486, 839, 588, 576, 877, 574, 205, 179, 768, 221, 668, 337, 789, 982, 457, 450, 935, 783, 383, 399, 971, 500, 758, 740, 172, 585, 610, 550, 963, 552, 920, 442, 688, 50, 748, 874, 290, 469, 28, 748, 737, 16, 945, 789, 171, 988, 769, 48, 578, 108, 307, 993, 909, 706, 639, 336, 683, 775, 728, 160, 10, 435, 606, 728, 74, 324, 742, 962, 797, 818, 444, 845, 865, 690, 371, 994, 250, 411, 562, 840, 898, 372, 689, 219, 548, 732, 59, 288, 365, 85, 150, 966, 59, 725, 602, 334, 944, 636, 944, 532, 398]
Tree:
None

Fitness:
0.5666631251633844