Generation:
1000

Phenotype:
+9.9E-0*KS(x[:,0], 6.6E-1,4.0E-1,None)

Genotype:
[922, 278, 863, 129, 19, 890, 356, 486, 367, 201, 948, 480, 625, 231, 740, 540, 303, 242, 645, 377, 991, 224, 57, 936, 291, 490, 16, 373, 677, 475, 204, 506, 585, 885, 20, 17, 471, 348, 360, 512, 89, 219, 767, 310, 432, 820, 931, 276, 322, 389, 49, 170, 710, 96, 293, 240, 934, 962, 786, 971, 353, 35, 637, 168, 35, 929, 382, 775, 256, 984, 989, 620, 724, 95, 116, 775, 568, 410, 742, 279, 343, 953, 561, 154, 520, 739, 569, 885, 869, 874, 616, 306, 207, 40, 251, 651, 967, 175, 729, 745, 687, 732, 718, 481, 843, 20, 188, 226, 747, 556, 551, 525]
Tree:
None

Fitness:
18.0502401757406