Generation:
1000

Phenotype:
+9.9E-1*KG(x[:,0], 4.0E-0,9.9E-1,None)

Genotype:
[432, 818, 287, 459, 443, 511, 975, 1000, 5, 410, 98, 279, 713, 131, 267, 301, 728, 16, 677, 232, 828, 670, 455, 43, 918, 293, 426, 307, 820, 393, 234, 894, 454, 212, 772, 100, 659, 531, 423, 430, 386, 548, 419, 473, 982, 638, 86, 480, 238, 561, 39, 378, 834, 535, 33, 162, 651, 850, 653, 641, 553, 75, 319, 987, 468, 213, 790, 242, 565, 24, 461, 713, 789, 298, 809, 28, 398, 320, 403, 295, 24, 919, 407, 841, 181, 821, 20, 177, 596, 164, 588, 27, 34, 880, 474, 944, 460, 135, 780, 710, 472, 415, 64, 149, 306, 234, 856, 614, 995, 890, 236, 340, 85, 578, 285, 565, 495, 417, 716, 440, 504, 425, 787, 164, 857, 679, 390, 104, 888, 831, 83, 535, 6, 158, 975, 513, 875, 453, 576, 425, 845, 563, 754, 140, 139, 126, 419, 849, 153, 36, 201, 911, 399, 975, 895, 756, 786, 631, 620, 215, 395, 446, 846, 618, 96, 408, 904, 429, 15, 606, 491, 900, 575, 858, 171, 516, 843, 374, 492, 564]
Tree:
None

Fitness:
0.32430525933371085