Generation:
1000

Phenotype:
+5.0E-2*KS(x[:,0], 6.8E+1,1.0E-9,None)

Genotype:
[604, 832, 688, 210, 563, 252, 230, 728, 340, 781, 936, 310, 747, 799, 745, 15, 487, 858, 945, 157, 576, 227, 79, 923, 985, 408, 638, 853, 533, 618, 343, 297, 889, 264, 714, 966, 407, 557, 820, 445, 313, 758, 368, 1, 805, 34, 807, 648, 394, 568, 509, 968, 474, 683, 600, 886, 453, 858, 847, 403, 887, 631, 112, 141, 850, 971, 473, 418, 919, 853, 394, 86, 847, 720, 225, 588, 157, 780, 45, 886, 526, 219, 798, 808, 74, 137, 869, 955, 542, 329]
Tree:
None

Fitness:
2.2868615606190232