Generation:
1000

Phenotype:
+9.2E-2*KS(x[:,0], 3.1E+0,6.4E-3,None)-9.3E-8*KP(x[:,0], 4.9E+2,5.9E-7,2)

Genotype:
[551, 498, 26, 272, 105, 102, 47, 11, 240, 150, 563, 44, 259, 863, 390, 590, 515, 620, 853, 461, 428, 174, 429, 230, 372, 760, 689, 871, 167, 452, 839, 111, 508, 137, 225, 513, 663, 812, 888, 122, 825, 742, 301, 487, 171, 610, 517, 554, 922, 869, 536, 273, 823, 964, 830, 646, 891, 535, 401, 669, 692, 107, 834, 260, 990, 170, 975, 468, 443, 694, 458, 825, 201, 997, 987, 846, 333, 477, 637, 932, 575, 44, 845, 830, 544, 671, 294, 619, 110, 598]
Tree:
None

Fitness:
2.0702532389632693