Generation:
1000

Phenotype:
+7.6E-7*KS(x[:,0], 2.8E-2,8.4E-1,None)-3.2E+3*KS(x[:,0], 3.4E-7,8.7E-6,None)+5.9E-9*KG(x[:,0], 7.1E+0,5.3E-3,None)

Genotype:
[857, 520, 627, 346, 773, 947, 541, 328, 647, 742, 862, 534, 57, 991, 699, 119, 565, 542, 12, 430, 743, 767, 234, 881, 27, 763, 17, 149, 726, 627, 804, 534, 319, 459, 597, 499, 501, 991, 640, 180, 733, 193, 187, 743, 431, 68, 162, 218, 314, 890, 521, 794, 323, 556, 538, 561, 194, 76, 20, 694, 806, 785, 638, 400, 427, 936, 542, 546, 960, 919, 314, 777, 335, 661, 665, 872, 661, 246, 614, 440, 906, 830, 713, 858, 782, 227, 948, 653, 314, 407, 450, 874, 933, 273, 339, 687, 311, 236, 470, 953, 672, 696, 482, 510, 898, 915, 899, 483, 651, 761, 93, 375, 318, 474, 543, 194, 182, 692, 530, 843, 307, 854, 43, 304, 40, 382, 908, 632, 377, 746, 726, 441, 727, 330, 852, 762, 310, 988, 48, 408, 105, 950, 709, 589, 137, 298, 871, 922, 520, 801, 65, 668, 863, 392, 21, 577, 463]
Tree:
None

Fitness:
2.3610691122746075