Generation:
1000

Phenotype:
+9.2E-2*KS(x[:,0], 3.9E+0,3.0E-8,None)+9.9E-3*KS(x[:,0], 7.8E+4,1.6E-7,None)-8.9E+0*KP(x[:,0], 9.6E-2,9.9E-7,3)

Genotype:
[443, 86, 728, 532, 399, 882, 515, 79, 118, 310, 398, 230, 353, 738, 685, 941, 192, 890, 789, 623, 223, 870, 478, 458, 514, 819, 216, 471, 697, 759, 236, 871, 205, 409, 950, 0, 827, 976, 851, 472, 584, 239, 269, 907, 923, 647, 515, 437, 938, 735, 222, 129, 531, 708, 932, 41, 231, 895, 453, 974, 238, 554, 429, 281, 260, 80, 848]
Tree:
None

Fitness:
2.0402418505880697