Generation:
1000

Phenotype:
+9.9E-2*KS(x[:,0], 5.6E+0,1.0E-9,None)-9.9E+9*KP(x[:,0], 9.2E-5,2.9E-6,3)

Genotype:
[29, 358, 98, 609, 869, 622, 481, 786, 344, 860, 63, 10, 531, 719, 525, 320, 857, 494, 799, 72, 669, 251, 172, 467, 915, 847, 719, 607, 596, 763, 676, 468, 307, 552, 952, 320, 839, 218, 993, 579, 825, 330, 504, 312, 480, 230, 907, 264, 808, 535, 357, 702, 955, 245, 714, 276, 65, 224, 671, 124, 37, 571, 157, 953, 142, 287, 95, 195, 192, 623, 148, 276, 55, 605, 227, 444, 948, 46, 982, 669, 432, 631, 760, 682, 872, 618, 537, 119, 757, 403]
Tree:
None

Fitness:
2.043510214610083