Generation:
1000

Phenotype:
+1.6E-1*KS(x[:,0], 6.1E-0,1.3E-3,None)-1.8E+3*KS(x[:,0], 4.8E-5,2.0E-9,None)

Genotype:
[323, 150, 630, 556, 763, 661, 932, 191, 471, 290, 981, 193, 771, 533, 452, 640, 451, 810, 968, 366, 973, 426, 708, 833, 975, 829, 370, 195, 319, 596, 148, 557, 687, 603, 486, 479, 246, 500, 683, 193, 271, 146, 612, 161, 398, 881, 331, 595, 151, 755, 512, 681, 516, 552, 335, 997, 663, 767, 897, 120, 686, 37, 699, 860, 378, 328, 576, 421, 909, 580, 247, 166, 344, 904, 870, 129, 846, 125, 701, 989, 45, 137, 121, 961, 161, 58, 342, 541, 803, 786, 549, 184, 984, 686, 679, 446, 32, 361, 271, 171, 470, 466, 853, 794, 811, 663, 78, 515, 270, 825, 710, 424, 551, 860, 989, 157, 900, 829, 884, 685, 134, 307, 126, 268, 202, 646, 829, 64, 272, 297, 998, 290, 512, 30, 25, 78, 363, 979, 354, 953, 261, 1, 477, 771, 863, 893, 766, 450, 18, 827, 875, 135, 867, 214, 830, 459, 648]
Tree:
None

Fitness:
2.01802714100025