Generation:
1000

Phenotype:
+9.9E-1*KG(x[:,0], 3.1E-0,9.9E-1,None)-6.1E-2*KG(x[:,0], 2.8E-2,1.0E-9,None)

Genotype:
[937, 6, 512, 959, 63, 831, 74, 911, 37, 400, 170, 539, 713, 531, 927, 864, 543, 185, 901, 247, 2, 811, 318, 199, 312, 36, 470, 887, 569, 270, 461, 622, 633, 331, 732, 311, 189, 845, 614, 638, 623, 778, 818, 842, 995, 349, 957, 726, 236, 581, 23, 810, 183, 71, 138, 608, 19, 593, 362, 788, 724, 372, 961, 760, 399, 700, 20, 107, 286, 507, 424, 383, 277, 125, 222, 972, 414, 44, 573, 789, 78, 118, 842, 157, 648, 328, 650, 549, 671, 922, 338, 391, 89, 421, 62, 418, 78, 87, 426, 886, 34, 172, 150, 432, 462, 989, 62, 577, 154, 790, 12, 490, 927, 69, 791, 263, 910, 963, 178, 574, 566, 245, 924, 996, 808, 146, 84, 823, 621, 878, 791, 595, 281, 812, 122, 471, 245, 444, 63, 951, 250, 295, 779, 594, 881, 253, 651, 500, 357, 251, 376, 682, 845, 810, 282, 50, 913]
Tree:
None

Fitness:
0.04753050005966039