Generation:
1000

Phenotype:
+9.7E-0*KS(x[:,0], 7.0E-1,6.1E-4,None)+8.4E+3*KS(x[:,0], 2.6E-7,3.1E-4,None)

Genotype:
[329, 526, 755, 537, 941, 680, 996, 520, 153, 891, 815, 801, 815, 824, 401, 520, 230, 862, 894, 620, 793, 415, 396, 669, 87, 632, 351, 483, 44, 450, 586, 913, 218, 377, 328, 982, 58, 798, 71, 160, 468, 715, 384, 370, 454, 259, 646, 560, 562, 733, 550, 957, 750, 488, 162, 215, 269, 15, 114, 433, 894, 547, 460, 571, 100, 807, 810, 681, 931, 201, 496, 972, 86, 633, 702, 280, 337, 20, 406, 425, 678, 995, 720, 619, 951, 162, 883, 156, 433, 897, 584, 991, 387, 249, 216, 591, 480, 966, 220, 951, 881, 335, 810, 89, 131, 840, 823, 93, 495, 550, 967, 438, 280, 826, 386, 367, 707, 256, 818, 362, 304, 93, 399, 523, 95, 724, 667, 232, 233, 563, 40, 231, 787, 877, 866]
Tree:
None

Fitness:
12.850520245178673