Generation:
1000

Phenotype:
-1.8E-5*KP(x[:,0], 3.7E+1,4.2E-0,2)+9.9E-2*KS(x[:,0], 2.8E-0,9.9E-5,None)

Genotype:
[51, 163, 729, 148, 411, 735, 803, 207, 470, 591, 624, 232, 81, 380, 452, 232, 616, 242, 759, 229, 662, 262, 218, 383, 870, 683, 839, 389, 545, 212, 376, 116, 829, 578, 228, 264, 209, 918, 221, 618, 712, 945, 129, 805, 101, 675, 523, 636, 394, 533, 127, 308, 749, 363, 300, 87, 316, 569, 916, 413, 206, 218, 489, 80, 613, 957, 714, 722, 96, 433, 177, 518, 450, 944, 929, 537, 559, 73, 879, 658, 85, 635, 342, 135, 348, 492, 297, 578, 644, 675, 929, 500, 839, 1000, 872, 824, 982, 309, 133, 896, 326, 95, 723, 723, 204, 670, 475, 954, 273, 191, 889, 454]
Tree:
None

Fitness:
2.0598358361474576