Generation:
1000

Phenotype:
+7.1E-2*KS(x[:,0], 2.9E+0,1.0E-9,None)-9.5E-0*KS(x[:,0], 9.5E-3,1.4E-7,None)+9.8E-2*KS(x[:,0], 4.2E-0,2.0E-7,None)

Genotype:
[293, 800, 654, 861, 509, 852, 370, 719, 704, 470, 882, 900, 409, 619, 299, 29, 629, 62, 985, 637, 80, 557, 945, 971, 293, 558, 564, 17, 507, 187, 880, 224, 251, 838, 937, 512, 642, 892, 241, 740, 928, 270, 425, 457, 436, 422, 311, 439, 402, 654, 103, 940, 162, 567, 444, 548, 503, 327, 521, 451, 612, 489, 910, 538, 788, 317, 913, 949, 45, 781, 23, 284, 615, 46, 112, 370, 354, 672, 535, 479, 611, 550, 714, 494, 975, 81, 32, 418, 105, 655]
Tree:
None

Fitness:
1.9832292835042988