Generation:
1000

Phenotype:
+9.9E-0*KS(x[:,0], 7.2E-1,3.0E-1,None)+9.9E-1*KG(x[:,0], 1.6E-4,3.7E-7,None)

Genotype:
[761, 482, 476, 289, 789, 400, 816, 172, 71, 671, 299, 310, 603, 751, 683, 288, 570, 44, 539, 11, 401, 207, 106, 7, 84, 371, 167, 591, 217, 10, 840, 901, 431, 734, 834, 735, 407, 556, 748, 374, 973, 871, 843, 457, 739, 735, 788, 45, 947, 476, 450, 818, 544, 621, 490, 828, 464, 239, 541, 492, 969, 19, 70, 14, 620, 280, 372, 68, 38, 13, 7, 366, 460, 112, 711, 392, 475, 403, 493, 840, 72, 370, 488, 730, 764, 52, 474, 399, 448, 607, 417, 833, 839, 644, 808, 530, 366, 768, 563, 848, 586, 523, 327, 863, 114, 267, 704, 409, 591, 398, 287, 676, 749, 218, 740, 842, 495, 417, 784, 175, 940, 651, 964, 374, 917, 53, 985, 206, 917, 245, 319, 638, 906, 265, 196, 475, 914, 364, 741, 62, 987, 472, 779, 950, 606, 537, 965, 2, 519, 258, 861, 940, 562, 554, 13, 297, 300, 90, 111, 280, 314, 373, 820, 254, 331, 708, 546, 551, 297, 853, 125, 649, 833, 790, 676, 236, 633, 707, 436, 904]
Tree:
None

Fitness:
14.436892568047357