Generation:
1000

Phenotype:
+9.9E-1*KG(x[:,0], 3.8E-0,9.8E-1,None)

Genotype:
[822, 54, 836, 219, 559, 361, 578, 118, 965, 30, 26, 258, 941, 31, 271, 176, 425, 311, 746, 317, 204, 407, 741, 359, 856, 64, 629, 259, 50, 773, 454, 196, 53, 210, 490, 853, 627, 460, 332, 266, 447, 531, 30, 732, 495, 282, 542, 356, 9, 828, 833, 436, 304, 920, 2, 438, 377, 660, 889, 878, 677, 806, 145, 700, 528, 900, 140, 509, 737, 536, 465, 315, 196, 633, 141, 482, 643, 849, 448, 0, 210, 305, 421, 936, 319, 672, 894, 94, 461, 116]
Tree:
None

Fitness:
0.34827702784716696