Generation:
1000

Phenotype:
+9.6E+0*KS(x[:,0], 7.0E-1,1.0E-1,None)+2.5E-0*KS(x[:,0], 1.1E-8,1.4E+0,None)

Genotype:
[683, 480, 404, 336, 756, 330, 393, 570, 409, 161, 963, 20, 41, 11, 937, 328, 626, 190, 335, 871, 190, 828, 231, 975, 508, 747, 594, 686, 580, 60, 379, 445, 244, 341, 724, 198, 285, 604, 252, 28, 329, 989, 475, 331, 139, 514, 209, 508, 423, 796, 91, 76, 742, 438, 696, 202, 905, 558, 362, 63, 894, 737, 659, 204, 57, 137, 667, 698, 924, 154, 298, 687, 873, 465, 853, 158, 969, 627, 665, 508, 475, 231, 658, 390, 874, 422, 398, 937, 576, 918, 420, 816, 717, 65, 531, 203, 90, 595, 479, 824, 115, 673, 796, 2, 195, 89, 331, 403, 220, 808, 973, 388, 52, 86, 224, 585, 5, 345, 810, 650, 163, 771, 296, 102, 129, 165, 202, 845, 298, 560, 922, 932, 875, 103, 832, 578, 926, 377, 915, 455, 523, 161, 672, 967, 581, 908, 661, 187, 778, 401, 441, 306, 289, 438, 742, 625, 516, 584, 344, 489, 54, 526, 454, 261, 341, 932, 40, 682, 61, 648, 909, 656, 951, 828, 992, 673, 456, 508, 181, 70]
Tree:
None

Fitness:
12.409578361662563