Generation:
1000

Phenotype:
+4.2E-1*KG(x[:,0], 6.1E-6,9.9E+3,None)+8.9E+0*KS(x[:,0], 3.2E+6,1.9E+8,None)

Genotype:
[409, 302, 588, 672, 559, 21, 779, 211, 737, 326, 926, 589, 96, 233, 968, 214, 100, 178, 199, 894, 170, 227, 582, 192, 466, 873, 79, 654, 478, 846, 417, 904, 860, 915, 52, 179, 334, 553, 17, 932, 639, 804, 561, 10, 550, 264, 270, 625, 798, 21, 242, 337, 666, 631, 670, 666, 899, 254, 68, 379, 363, 679, 10, 538, 749, 495, 195, 241, 989, 963, 170, 557, 396, 800, 817, 792, 168, 11, 282, 693, 564, 173, 159, 153, 998, 122, 308, 160, 123, 269, 417, 763, 410, 342, 367, 357, 72, 193, 216, 702, 513, 827, 721, 54, 39, 843, 187, 616, 760, 514, 990, 788, 76, 275, 845, 811, 62, 899, 94, 348, 968, 16, 905, 70, 117, 796, 904, 567, 979, 812, 726, 624, 280, 624, 517, 99, 822, 553, 640, 816, 470, 386, 924, 719, 194, 825, 570, 912, 943, 580, 672, 421, 965, 538, 568, 445, 858, 823, 789, 878, 298, 376, 596, 198, 232, 519, 805, 908, 40, 931, 221, 237, 161, 405, 334, 534, 330, 214, 560, 473]
Tree:
None

Fitness:
60.53008030674828