Generation:
1000

Phenotype:
+9.9E-1*KG(x[:,0], 3.1E+0,9.9E-1,None)-5.9E-2*KG(x[:,0], 2.3E-2,8.8E-5,None)

Genotype:
[319, 212, 152, 229, 361, 331, 128, 761, 510, 300, 458, 589, 427, 821, 985, 924, 385, 994, 59, 593, 802, 730, 983, 5, 472, 151, 298, 431, 55, 772, 294, 42, 406, 442, 568, 234, 792, 653, 968, 588, 216, 334, 748, 253, 888, 600, 465, 664, 9, 420, 399, 602, 587, 212, 281, 381, 24, 500, 525, 565, 152, 702, 694, 294, 259, 208, 750, 926, 819, 844, 512, 800, 812, 513, 304, 520, 787, 673, 757, 976, 722, 174, 918, 723, 843, 289, 508, 739, 613, 588, 616, 74, 61, 510, 129, 469, 253, 656, 622, 112, 959, 267, 949, 937, 439, 393, 559, 70, 885, 461, 461, 585, 597, 633, 208, 364, 741, 635, 697, 304, 13, 803, 504, 38, 708, 411, 808, 291, 874, 347, 218, 299, 89, 165, 972]
Tree:
None

Fitness:
0.047583513013703164