Generation:
1000

Phenotype:
+9.9E-1*KG(x[:,0], 3.1E+0,9.9E-1,None)-6.6E-2*KG(x[:,0], 1.0E-9,9.2E+3,None)

Genotype:
[493, 754, 530, 459, 531, 481, 812, 801, 678, 440, 674, 79, 623, 171, 791, 870, 631, 5, 116, 629, 22, 117, 750, 169, 429, 323, 452, 78, 643, 526, 118, 442, 187, 981, 357, 641, 607, 26, 115, 406, 149, 21, 192, 439, 11, 396, 149, 846, 961, 871, 186, 611, 717, 805, 202, 563, 834, 656, 766, 989, 714, 142, 684, 368, 461, 311, 572, 541, 618, 423, 220, 665, 288, 403, 37, 987, 978, 784, 162, 369, 842, 993, 279, 452, 453, 234, 79, 736, 7, 260, 603, 444, 617, 217, 240, 494, 517, 935, 540, 588, 83, 232, 373, 22, 546, 827, 649, 928, 380, 624, 511, 177, 864, 205, 568, 667, 3, 686, 839, 330, 65, 407, 208, 776, 155, 445, 319, 570, 506, 752, 674, 347, 980, 317, 431, 402, 80, 809, 142, 614, 694, 185, 467, 192, 67, 334, 853, 503, 403, 761, 421, 906, 337, 584, 320, 136, 606]
Tree:
None

Fitness:
0.04758700168704159