Generation:
1000

Phenotype:
+9.7E+2*KS(x[:,0], 4.0E-4,7.8E-9,None)+8.0E-0*KS(x[:,0], 5.6E+8,5.8E+5,None)+7.2E-0*KS(x[:,0], 6.2E-4,6.6E-9,None)

Genotype:
[659, 788, 656, 727, 380, 42, 579, 10, 833, 34, 474, 188, 435, 39, 212, 677, 236, 457, 260, 83, 750, 787, 436, 880, 298, 868, 908, 346, 125, 551, 688, 394, 321, 392, 275, 920, 518, 412, 969, 844, 617, 926, 629, 549, 457, 795, 270, 143, 751, 400, 632, 771, 527, 595, 585, 15, 890, 862, 410, 546, 108, 668, 671, 460, 816, 487, 359, 355, 672, 455, 94, 811, 225, 520, 278, 931, 930, 663, 757, 905, 182, 868, 977, 7, 338, 204, 618, 574, 908, 216, 563, 712, 7, 574, 158, 264, 335, 682, 260, 926, 923, 324, 788, 104, 241, 200, 141, 751, 682, 668, 46, 184, 248, 704, 71, 603, 765, 173, 582, 18, 247, 779, 448, 123, 406, 891, 666, 330, 45, 263, 306, 538, 586, 217, 876]
Tree:
None

Fitness:
42.24630456688874