Generation:
1000

Phenotype:
+9.9E-1*KG(x[:,0], 3.1E-0,1.0E-0,None)-6.8E-0*KS(x[:,0], 1.0E-9,7.3E-3,None)

Genotype:
[619, 516, 485, 9, 825, 291, 929, 501, 521, 620, 990, 160, 645, 110, 378, 712, 697, 653, 238, 487, 40, 990, 190, 345, 349, 465, 23, 615, 3, 450, 308, 278, 43, 571, 223, 421, 536, 324, 4, 849, 945, 80, 761, 420, 253, 621, 399, 143, 288, 657, 114, 55, 984, 708, 483, 319, 645, 406, 215, 804, 520, 405, 756, 299, 587, 597, 452, 617, 420, 675, 606, 271, 577, 533, 280, 236, 536, 375, 180, 199, 507, 935, 219, 140, 835, 219, 853, 131, 664, 685]
Tree:
None

Fitness:
0.0472647991960184