Generation:
1000

Phenotype:
+9.9E-1*KG(x[:,0], 3.1E-0,1.0E+0,None)-5.2E-0*KS(x[:,0], 5.2E-7,9.7E-3,None)+2.1E-8*KS(x[:,0], 1.3E-4,8.0E+3,None)

Genotype:
[151, 92, 737, 289, 641, 51, 20, 271, 337, 880, 504, 630, 546, 830, 238, 233, 911, 436, 962, 163, 290, 931, 32, 17, 127, 422, 27, 961, 933, 167, 340, 32, 298, 1, 19, 578, 234, 223, 933, 494, 250, 250, 878, 183, 446, 658, 216, 272, 833, 962, 842, 101, 858, 596, 356, 778, 644, 126, 771, 942, 816, 510, 920, 716, 356, 251, 393, 63, 69, 409, 124, 888, 407, 325, 866, 2, 511, 440, 436, 227, 869, 967, 891, 90, 681, 660, 197, 103, 346, 741]
Tree:
None

Fitness:
0.04728435958118921