Generation:
1000

Phenotype:
+9.7E+0*KS(x[:,0], 7.0E-1,2.0E-1,None)+1.9E+0*KS(x[:,0], 2.9E-8,6.3E+4,None)

Genotype:
[929, 994, 80, 197, 624, 120, 420, 640, 101, 741, 10, 540, 271, 901, 832, 1000, 340, 963, 29, 780, 870, 757, 859, 257, 658, 95, 303, 996, 484, 938, 298, 685, 256, 421, 745, 341, 539, 597, 330, 614, 484, 708, 733, 275, 419, 305, 709, 537, 871, 909, 305, 611, 702, 556, 664, 132, 524, 805, 505, 676, 753, 763, 552, 2, 472, 834, 598, 420, 619, 215, 791, 373, 972, 273, 569, 561, 698, 947, 567, 351, 985, 621, 509, 837, 798, 21, 650, 646, 738, 634]
Tree:
None

Fitness:
12.652873924396108