Generation:
1000

Phenotype:
+3.9E+0*KG(x[:,0], 9.9E-2,9.9E-1,None)+9.8E-0*KS(x[:,0], 5.9E-1,7.0E-9,None)-9.8E-2*KS(x[:,0], 2.2E+9,5.6E-8,None)

Genotype:
[427, 452, 38, 819, 334, 960, 683, 499, 709, 372, 782, 789, 517, 711, 334, 623, 130, 782, 498, 243, 1000, 328, 569, 619, 441, 933, 400, 777, 219, 945, 424, 67, 521, 338, 133, 212, 100, 172, 794, 49, 265, 176, 603, 508, 167, 200, 405, 320, 131, 495, 910, 466, 84, 483, 393, 395, 106, 565, 798, 0, 315, 602, 378, 410, 444, 58, 708, 694, 943, 875, 305, 40, 894, 408, 70, 172, 886, 44, 832, 280, 359, 700, 320, 572, 612, 762, 712, 338, 258, 416, 4, 285, 931, 424, 336, 891, 870, 451, 482, 580, 494, 842, 972, 545, 328, 307, 764, 666, 257, 484, 150, 129]
Tree:
None

Fitness:
11.780909967202204