Generation:
1000

Phenotype:
-5.0E-3*KG(x[:,0], 2.1E-0,7.5E-9,None)-4.0E-2*KP(x[:,0], 9.6E+0,8.1E-6,0)+1.2E-3*KS(x[:,0], 6.2E+0,2.4E-4,None)+9.9E-1*KG(x[:,0], 3.4E-0,9.9E-1,None)

Genotype:
[91, 383, 562, 260, 385, 753, 775, 271, 665, 940, 96, 705, 867, 519, 934, 957, 865, 957, 850, 239, 782, 548, 886, 110, 280, 619, 521, 695, 706, 705, 809, 426, 189, 602, 575, 153, 914, 932, 996, 230, 829, 234, 495, 54, 118, 462, 756, 557, 769, 895, 921, 164, 524, 319, 1000, 854, 209, 885, 741, 692, 565, 968, 290, 336, 203, 455, 826]
Tree:
None

Fitness:
0.04869632911839883