Generation:
1000

Phenotype:
+7.1E+0*KS(x[:,0], 2.8E+3,3.5E+5,None)+6.2E-2*KS(x[:,0], 3.1E-1,5.7E-1,None)

Genotype:
[977, 842, 987, 201, 728, 730, 784, 318, 510, 823, 371, 315, 210, 935, 441, 112, 886, 878, 462, 531, 312, 740, 491, 305, 411, 283, 867, 165, 801, 101, 325, 919, 862, 744, 948, 616, 370, 874, 888, 751, 521, 439, 829, 241, 504, 21, 376, 755, 595, 663, 944, 128, 617, 747, 596, 908, 55, 914, 373, 102, 636, 995, 171, 813, 695, 270, 790, 276, 359, 951, 130, 190, 476, 269, 423, 55, 474, 295, 708, 602, 714, 217, 654, 619, 671, 36, 527, 158, 666, 637]
Tree:
None

Fitness:
59.62277875031903