Generation:
1000

Phenotype:
+8.9E-2*KS(x[:,0], 5.6E-0,1.3E-8,None)-2.6E+2*KP(x[:,0], 9.8E-3,1.2E-7,2)

Genotype:
[203, 908, 430, 219, 873, 472, 76, 956, 963, 80, 306, 963, 451, 928, 868, 872, 613, 172, 46, 682, 402, 881, 678, 803, 903, 432, 202, 641, 227, 972, 1, 482, 132, 510, 897, 399, 97, 159, 872, 730, 371, 875, 265, 720, 980, 482, 985, 99, 53, 557, 122, 972, 431, 228, 668, 204, 495, 332, 503, 623, 15, 703, 255, 225, 216, 487, 800, 492, 40, 527, 629, 579, 485, 903, 61, 485, 236, 54, 318, 327, 833, 842, 691, 348, 619, 242, 123, 998, 490, 18, 850, 354, 196, 194, 935, 474, 796, 948, 855, 934, 605, 279, 650, 705, 864, 371, 34, 322, 49, 241, 377, 963, 952, 825, 943, 633, 33, 268, 221, 110, 481, 663, 404, 877, 942, 331, 164, 743, 649, 649, 913, 369, 828, 669, 413]
Tree:
None

Fitness:
2.0613572524142643