Generation:
1000

Phenotype:
+4.6E-0*KS(x[:,0], 8.0E+9,8.5E+0,None)+4.0E+0*KS(x[:,0], 8.9E-6,4.4E-0,None)+6.0E-9*KP(x[:,0], 1.6E+8,5.3E+6,1)

Genotype:
[989, 292, 21, 16, 957, 620, 52, 950, 938, 169, 565, 975, 476, 540, 238, 161, 784, 903, 400, 254, 170, 169, 379, 755, 746, 903, 994, 43, 970, 253, 914, 440, 635, 750, 497, 589, 711, 106, 960, 698, 544, 133, 98, 616, 121, 421, 292, 52, 622, 463, 632, 286, 38, 744, 230, 575, 692, 595, 149, 632, 266, 366, 706, 73, 536, 180, 972, 721, 351, 727, 737, 751, 187, 333, 707, 907, 945, 303, 252, 874, 743, 752, 300, 631, 133, 480, 173, 820, 37, 143, 963, 198, 876, 895, 517, 788, 370, 622, 820, 658, 961, 308, 335, 753, 138, 460, 15, 997, 876, 144, 916, 920, 65, 597, 484, 224, 884, 233, 370, 620, 379, 585, 662, 819, 356, 611, 714, 444, 837, 485, 255, 782, 236, 651, 66]
Tree:
None

Fitness:
25.5527747556698