Generation:
1000

Phenotype:
+3.5E-0*KG(x[:,0], 6.6E-8,5.3E-9,None)+4.7E-2*KP(x[:,0], 2.7E-5,7.2E-3,2)

Genotype:
[433, 886, 920, 165, 857, 840, 869, 816, 441, 508, 841, 153, 997, 479, 330, 590, 118, 282, 337, 165, 152, 415, 157, 345, 55, 825, 92, 183, 293, 397, 23, 777, 34, 528, 373, 169, 796, 569, 659, 488, 742, 692, 355, 958, 783, 715, 460, 298, 117, 522, 48, 181, 115, 735, 974, 443, 569, 387, 112, 557, 916, 158, 700, 883, 976, 578, 201, 720, 951, 900, 81, 261, 984, 41, 260, 610, 189, 32, 943, 506, 5, 795, 240, 26, 204, 931, 898, 653, 134, 271]
Tree:
None

Fitness:
65.49096622151389