Generation:
1000

Phenotype:
+3.4E-8*KP(x[:,0], 5.0E-5,6.4E-9,1)

Genotype:
[398, 334, 911, 824, 237, 728, 751, 780, 57, 945, 302, 164, 799, 659, 31, 581, 843, 219, 936, 148, 185, 343, 569, 121, 825, 811, 567, 717, 871, 704, 349, 810, 479, 362, 916, 438, 840, 383, 538, 77, 577, 753, 617, 399, 376, 528, 790, 783, 295, 695, 626, 467, 585, 774, 478, 92, 219, 647, 565, 214, 133, 627, 911, 584, 78, 728, 484, 488, 399, 201, 352, 739, 281, 725, 972, 391, 299, 528, 962, 789, 882, 901, 966, 459, 26, 433, 687, 617, 340, 637, 935, 63, 314, 890, 214, 132, 200, 387, 30, 81, 981, 932, 303, 531, 285, 220, 432, 101, 424, 351, 434, 4]
Tree:
None

Fitness:
81.9758744125159