Generation:
1000

Phenotype:
+9.6E-2*KP(x[:,0], 2.1E+4,5.7E-7,0)

Genotype:
[632, 474, 575, 46, 543, 272, 784, 191, 384, 364, 265, 797, 555, 827, 800, 863, 260, 736, 380, 754, 804, 472, 236, 260, 344, 65, 822, 810, 805, 674, 132, 188, 347, 712, 132, 588, 458, 669, 486, 30, 527, 704, 713, 13, 671, 905, 376, 326, 111, 610, 83, 946, 779, 536, 54, 815, 680, 148, 460, 636, 852, 449, 124, 79, 844, 785, 292, 229, 880, 631, 70, 495, 840, 982, 325, 388, 184, 301, 76, 974, 173, 491, 172, 350, 442, 589, 789, 946, 915, 592]
Tree:
None

Fitness:
81.45653015024834