Generation:
1000

Phenotype:
+5.0E-2*KS(x[:,0], 3.8E+4,1.0E-9,None)

Genotype:
[958, 602, 634, 560, 497, 152, 668, 448, 486, 624, 963, 240, 111, 839, 912, 169, 993, 495, 15, 663, 808, 838, 253, 860, 840, 652, 269, 749, 311, 872, 448, 116, 34, 860, 702, 254, 597, 501, 340, 666, 84, 778, 282, 500, 465, 118, 877, 655, 256, 42, 439, 637, 12, 38, 169, 692, 720, 127, 864, 707, 420, 906, 549, 42, 868, 700, 388, 549, 738, 296, 923, 941, 787, 941, 820, 168, 948, 39, 782, 775, 824, 596, 863, 298, 881, 589, 366, 327, 851, 484]
Tree:
None

Fitness:
2.2868615606190237