Generation:
1000

Phenotype:
+9.9E-1*KG(x[:,0], 4.0E+0,9.9E-1,None)-7.2E-6*KP(x[:,0], 6.5E-3,4.1E+3,1)

Genotype:
[655, 688, 116, 919, 123, 511, 102, 470, 692, 840, 395, 219, 963, 371, 996, 314, 333, 465, 692, 275, 216, 536, 775, 225, 553, 822, 11, 490, 173, 506, 630, 453, 629, 231, 918, 430, 284, 713, 474, 987, 650, 460, 50, 886, 182, 667, 639, 202, 567, 161, 800, 394, 799, 118, 84, 752, 923, 946, 855, 768, 237, 279, 301, 353, 979, 199, 862, 325, 692, 359, 336, 788, 422, 796, 673, 903, 254, 257, 310, 534, 279, 80, 830, 980, 417, 664, 143, 271, 911, 801]
Tree:
None

Fitness:
0.13511856291384358