Generation:
1000

Phenotype:
+9.8E+0*KS(x[:,0], 9.1E-1,1.5E-1,None)+4.0E+0*KP(x[:,0], 2.5E-2,5.9E-1,1)-9.9E-1*KS(x[:,0], 7.0E-0,5.1E-7,None)

Genotype:
[419, 10, 638, 158, 164, 0, 404, 211, 85, 971, 936, 195, 277, 841, 880, 399, 986, 849, 320, 938, 830, 388, 235, 533, 932, 364, 229, 297, 221, 776, 52, 457, 836, 279, 65, 231, 780, 990, 343, 310, 985, 311, 751, 97, 652, 433, 0, 659, 530, 259, 541, 326, 790, 828, 299, 357, 845, 626, 48, 442, 868, 915, 722, 565, 284, 142, 938]
Tree:
None

Fitness:
11.775203724808666