Generation:
1000

Phenotype:
+9.9E-1*KG(x[:,0], 3.1E-0,9.9E-1,None)-6.1E-2*KG(x[:,0], 2.8E-2,1.0E-9,None)

Genotype:
[193, 48, 683, 199, 289, 801, 353, 541, 677, 870, 368, 849, 247, 781, 769, 252, 989, 464, 521, 65, 702, 847, 8, 913, 622, 630, 970, 235, 699, 339, 769, 403, 609, 608, 30, 846, 358, 470, 603, 622, 518, 919, 874, 924, 167, 881, 933, 862, 38, 640, 87, 575, 433, 578, 916, 574, 671, 266, 62, 136, 950, 530, 601, 543, 224, 149, 654, 232, 719, 554, 89, 823, 811, 908, 891, 180, 6, 16, 98, 875, 814, 383, 236, 342, 171, 139, 666, 734, 723, 304]
Tree:
None

Fitness:
0.04753050005966039