Generation:
1000

Phenotype:
+9.9E+0*KS(x[:,0], 7.1E-1,5.1E-9,None)+3.4E-0*KG(x[:,0], 4.8E-2,8.8E-2,None)

Genotype:
[425, 96, 989, 769, 122, 640, 285, 111, 277, 471, 337, 751, 209, 429, 436, 408, 952, 101, 424, 275, 500, 624, 888, 77, 52, 196, 968, 293, 452, 578, 133, 738, 167, 307, 329, 926, 122, 369, 751, 432, 661, 278, 896, 80, 160, 754, 21, 488, 865, 674, 343, 263, 77, 213, 240, 686, 174, 708, 411, 658, 217, 127, 260, 79, 69, 235, 760, 856, 86, 172, 261, 623, 90, 294, 403, 120, 367, 829, 27, 375, 668, 160, 675, 896, 955, 433, 611, 158, 904, 511]
Tree:
None

Fitness:
12.045247917008922