Generation:
1000

Phenotype:
+5.0E-2*KS(x[:,0], 6.8E+1,1.0E-9,None)

Genotype:
[976, 854, 85, 300, 225, 982, 563, 578, 786, 721, 153, 300, 501, 859, 197, 486, 619, 533, 49, 121, 742, 336, 442, 753, 357, 816, 588, 673, 883, 80, 849, 523, 753, 300, 589, 929, 205, 93, 69, 504, 602, 351, 787, 738, 954, 329, 103, 684, 593, 604, 630, 533, 265, 78, 93, 815, 957, 996, 366, 845, 582, 222, 462, 413, 520, 439, 331, 295, 255, 237, 629, 743, 416, 912, 567, 385, 55, 406, 379, 383, 405, 207, 27, 936, 330, 977, 685, 371, 941, 486, 388, 674, 791, 15, 174, 42, 784, 519, 507, 699, 694, 416, 661, 12, 974, 876, 908, 50, 702, 35, 41, 241]
Tree:
None

Fitness:
2.2868615606190232