Generation:
1000

Phenotype:
+9.9E-1*KG(x[:,0], 3.1E-0,1.0E-0,None)-5.0E-2*KG(x[:,0], 9.9E-4,3.1E-8,None)

Genotype:
[355, 240, 332, 989, 641, 61, 263, 381, 423, 500, 540, 980, 671, 410, 204, 360, 171, 589, 890, 155, 532, 53, 179, 63, 654, 191, 781, 473, 238, 126, 447, 122, 452, 893, 92, 591, 92, 289, 878, 179, 104, 676, 446, 392, 441, 641, 346, 884, 629, 490, 702, 610, 645, 176, 780, 158, 669, 612, 166, 505, 275, 796, 135, 323, 902, 870, 23, 737, 596, 886, 692, 262, 140, 920, 85, 571, 864, 237, 178, 952, 333, 799, 379, 219, 482, 784, 817, 657, 571, 110, 308, 664, 147, 868, 353, 579, 269, 716, 845, 212, 97, 260, 718, 857, 455, 547, 876, 725, 313, 237, 681, 345]
Tree:
None

Fitness:
0.04727097826258764