Generation:
1000

Phenotype:
+9.9E-1*KG(x[:,0], 2.9E+0,9.9E-1,None)-6.2E-2*KG(x[:,0], 9.9E-7,9.8E-7,None)

Genotype:
[889, 638, 683, 189, 59, 851, 901, 709, 906, 420, 827, 349, 181, 271, 793, 408, 525, 5, 412, 605, 202, 854, 799, 883, 827, 53, 318, 137, 257, 937, 491, 613, 559, 710, 95, 522, 461, 163, 852, 17, 563, 246, 216, 179, 348, 476, 804, 183, 961, 426, 535, 930, 612, 602, 489, 642, 334, 209, 369, 430, 462, 378, 356, 297, 160, 361, 211, 249, 827, 359, 942, 892, 167, 877, 455, 466, 621, 513, 762, 314, 56, 603, 113, 322, 491, 356, 852, 11, 79, 697]
Tree:
None

Fitness:
0.04820896024282808