Generation:
1000

Phenotype:
+8.6E-0*KS(x[:,0], 6.1E-1,2.4E-4,None)+4.6E+0*KG(x[:,0], 9.9E-2,1.9E-0,None)

Genotype:
[581, 944, 970, 816, 709, 240, 716, 621, 277, 461, 343, 264, 671, 484, 882, 978, 392, 957, 536, 750, 440, 53, 409, 445, 532, 603, 99, 811, 90, 948, 385, 969, 58, 247, 464, 911, 707, 482, 555, 999, 764, 761, 851, 479, 68, 585, 110, 531, 356, 846, 782, 169, 417, 427, 210, 461, 435, 923, 76, 100, 58, 134, 416, 870, 246, 293, 316, 638, 878, 432, 548, 96, 470, 32, 297, 24, 622, 985, 4, 176, 819, 42, 963, 734, 852, 570, 43, 860, 590, 545, 288, 787, 237, 373, 214, 927, 329, 732, 17, 733, 562, 950, 884, 679, 640, 217, 884, 6, 102, 101, 55, 439]
Tree:
None

Fitness:
11.68833924767379