Generation:
1000

Phenotype:
-9.4E-2*KG(x[:,0], 2.3E+1,7.2E-2,None)-9.9E+0*KP(x[:,0], 9.9E-3,5.1E-8,1)+1.9E-1*KS(x[:,0], 6.4E+0,5.0E-5,None)+9.9E+2*KS(x[:,0], 9.8E-8,4.0E-5,None)

Genotype:
[805, 791, 71, 774, 183, 402, 397, 863, 198, 221, 384, 2, 873, 522, 504, 495, 547, 80, 549, 446, 80, 332, 579, 403, 133, 328, 401, 865, 698, 796, 317, 52, 441, 839, 221, 271, 734, 314, 224, 700, 301, 540, 941, 865, 132, 220, 146, 350, 759, 944, 762, 314, 508, 835, 78, 786, 990, 335, 215, 192, 970, 751, 776, 786, 400, 642, 12]
Tree:
None

Fitness:
1.8760471634223141