Generation:
1000

Phenotype:
+9.9E-1*KG(x[:,0], 3.0E-0,9.9E-1,None)-6.9E-2*KS(x[:,0], 4.0E+0,4.0E+0,None)+2.4E+1*KS(x[:,0], 2.6E-4,3.0E-8,None)

Genotype:
[73, 502, 44, 159, 665, 41, 461, 520, 33, 320, 917, 759, 951, 431, 816, 761, 635, 752, 509, 507, 582, 255, 40, 66, 30, 984, 80, 32, 70, 360, 232, 850, 460, 604, 862, 381, 784, 806, 11, 344, 650, 210, 65, 768, 282, 855, 940, 538, 455, 648, 569, 738, 156, 23, 952, 852, 495, 347, 53, 649, 964, 576, 409, 547, 103, 236, 80, 970, 17, 82, 637, 794, 942, 378, 826, 85, 403, 831, 213, 274, 878, 537, 550, 359, 893, 958, 678, 118, 592, 949]
Tree:
None

Fitness:
0.04491459624182331