Generation:
1000

Phenotype:
+9.9E-1*KG(x[:,0], 3.0E-0,1.0E+0,None)-6.2E-2*KS(x[:,0], 6.0E+0,6.2E-0,None)

Genotype:
[925, 462, 998, 759, 977, 601, 398, 450, 637, 870, 810, 540, 586, 260, 276, 154, 235, 734, 632, 151, 772, 455, 310, 868, 320, 302, 512, 505, 870, 763, 173, 641, 683, 241, 151, 984, 427, 397, 46, 666, 886, 298, 809, 700, 378, 416, 482, 128, 56, 417, 260, 182, 911, 257, 931, 905, 328, 345, 808, 272, 377, 87, 79, 512, 268, 608, 530, 395, 828, 167, 840, 361, 258, 556, 86, 865, 53, 46, 94, 890, 45, 818, 156, 251, 475, 746, 391, 311, 151, 283, 909, 65, 309, 381, 222, 385, 118, 660, 984, 436, 643, 968, 495, 517, 624, 707, 262, 546, 192, 666, 697, 826]
Tree:
None

Fitness:
0.04558495497223171