Generation:
1000

Phenotype:
+1.2E+1*KS(x[:,0], 4.9E-1,3.0E-1,None)+5.4E+2*KS(x[:,0], 1.1E-9,3.0E-4,None)

Genotype:
[851, 928, 549, 362, 392, 131, 768, 809, 963, 501, 263, 740, 807, 41, 378, 730, 636, 283, 924, 270, 362, 702, 601, 349, 969, 668, 320, 791, 304, 666, 571, 594, 663, 562, 881, 148, 319, 625, 730, 880, 417, 303, 239, 419, 158, 277, 817, 193, 622, 321, 67, 51, 592, 436, 538, 692, 717, 934, 387, 149, 496, 436, 167, 544, 958, 998, 148, 954, 11, 663, 416, 186, 318, 562, 287, 412, 331, 689, 774, 671, 487, 753, 113, 693, 122, 674, 361, 561, 859, 935, 454, 763, 896, 936, 395, 586, 94, 943, 472, 919, 874, 495, 962, 885, 415, 475, 69, 958, 209, 761, 140, 956, 97, 524, 795, 671, 532, 238, 840, 891, 373, 405, 742, 330, 224, 793, 239, 140, 391, 920, 967, 631, 351, 448, 604, 543, 285, 282, 427, 676, 982, 166, 257, 568, 976, 526, 630, 481, 905, 973, 114, 428, 237, 276, 855, 713, 791]
Tree:
None

Fitness:
13.185985523981303