Generation:
1000

Phenotype:
+9.4E+0*KS(x[:,0], 7.3E-1,5.4E-3,None)+1.9E-0*KS(x[:,0], 3.4E+1,9.3E+1,None)+9.9E-1*KG(x[:,0], 6.6E+0,4.6E-5,None)+6.3E-1*KP(x[:,0], 3.2E+6,6.4E+9,0)

Genotype:
[257, 780, 818, 684, 634, 240, 222, 923, 47, 401, 553, 664, 743, 723, 797, 875, 890, 333, 559, 865, 780, 245, 964, 278, 441, 98, 923, 986, 791, 104, 607, 114, 665, 9, 35, 571, 842, 916, 2, 810, 687, 736, 885, 315, 768, 404, 662, 176, 173, 953, 321, 722, 742, 698, 486, 572, 554, 384, 129, 180, 366, 442, 884, 852, 24, 837, 243]
Tree:
None

Fitness:
12.118152060432788