Generation:
1000

Phenotype:
+9.9E-1*KG(x[:,0], 4.0E+0,9.9E-1,None)

Genotype:
[6, 908, 161, 89, 883, 161, 552, 650, 410, 360, 530, 609, 739, 471, 968, 101, 877, 634, 848, 753, 251, 750, 160, 96, 688, 951, 569, 344, 483, 614, 791, 894, 327, 284, 433, 200, 263, 266, 472, 817, 100, 248, 317, 374, 990, 162, 839, 288, 797, 660, 385, 685, 424, 340, 213, 979, 47, 431, 472, 631, 697, 170, 48, 220, 526, 249, 179, 986, 739, 171, 154, 104, 271, 619, 992, 948, 275, 594, 906, 326, 99, 67, 677, 366, 438, 608, 311, 33, 595, 977, 881, 266, 783, 888, 678, 544, 359, 942, 116, 88, 724, 332, 626, 835, 39, 301, 284, 851, 442, 715, 774, 53, 546, 868, 763, 578, 481, 965, 58, 995, 663, 408, 780, 14, 892, 22, 968, 984, 139, 812, 690, 511, 144, 758, 889, 121, 115, 794, 698, 557, 363, 742, 235, 844, 585, 123, 666, 540, 333, 212, 519, 391, 792, 654, 562, 54, 756, 820, 853, 878, 922, 648, 218, 133, 179, 309, 102, 979, 35, 175, 663, 865, 463, 902, 59, 539, 676, 642, 245, 293]
Tree:
None

Fitness:
0.32430525933371085