Generation:
1000

Phenotype:
+5.0E-2*KS(x[:,0], 6.8E+1,1.0E-9,None)

Genotype:
[652, 390, 778, 0, 811, 272, 122, 668, 52, 441, 828, 800, 777, 889, 188, 236, 938, 207, 983, 787, 873, 465, 737, 313, 660, 793, 637, 25, 502, 223, 915, 955, 664, 583, 618, 925, 605, 104, 520, 716, 317, 485, 617, 2, 900, 642, 652, 12, 339, 515, 75, 131, 674, 275, 84, 835, 265, 643, 131, 789, 379, 29, 502, 614, 36, 332, 361, 967, 3, 46, 418, 217, 779, 355, 391, 639, 960, 73, 338, 885, 959, 247, 522, 450, 13, 669, 27, 859, 265, 259]
Tree:
None

Fitness:
2.2868615606190232