Generation:
1000

Phenotype:
+9.6E-0*KS(x[:,0], 7.1E-1,2.9E-2,None)+2.5E-0*KS(x[:,0], 3.5E-7,3.0E+7,None)+4.9E-8*KG(x[:,0], 8.1E-7,4.1E-8,None)

Genotype:
[923, 302, 341, 396, 605, 780, 222, 931, 73, 771, 217, 949, 147, 632, 135, 407, 702, 154, 875, 777, 710, 974, 565, 189, 717, 731, 440, 940, 767, 260, 234, 152, 975, 299, 531, 28, 88, 51, 715, 97, 300, 491, 147, 328, 321, 365, 382, 362, 562, 727, 727, 450, 387, 651, 918, 339, 342, 553, 315, 751, 753, 94, 733, 937, 961, 916, 913, 923, 542, 774, 211, 497, 719, 256, 452, 478, 685, 940, 443, 313, 819, 697, 979, 893, 235, 128, 589, 4, 412, 585, 894, 60, 83, 578, 583, 461, 553, 819, 679, 96, 311, 237, 122, 989, 338, 159, 915, 427, 469, 888, 360, 401, 696, 179, 396, 161, 639, 445, 864, 38, 481, 931, 585, 558, 58, 524, 316, 635, 69, 403, 904, 920, 290, 808, 376]
Tree:
None

Fitness:
12.612806784702233