Generation:
1000

Phenotype:
+9.9E-0*KS(x[:,0], 7.9E-1,1.3E-1,None)+2.3E+0*KG(x[:,0], 8.3E-5,5.7E-8,None)-6.3E-1*KS(x[:,0], 3.8E+5,4.3E-8,None)

Genotype:
[689, 58, 512, 479, 543, 560, 312, 649, 541, 201, 846, 153, 175, 991, 631, 535, 832, 127, 53, 718, 220, 115, 583, 857, 705, 607, 677, 997, 658, 378, 964, 125, 725, 413, 75, 121, 461, 868, 994, 735, 597, 593, 783, 738, 324, 246, 938, 311, 846, 611, 909, 774, 489, 97, 798, 618, 166, 556, 932, 623, 825, 714, 250, 837, 533, 423, 50, 738, 595, 394, 835, 13, 592, 416, 575, 394, 677, 898, 741, 303, 670, 21, 351, 652, 85, 353, 728, 675, 516, 120, 481, 179, 220, 632, 294, 411, 771, 682, 848, 177, 240, 641, 50, 539, 529, 70, 213, 721, 710, 277, 754, 951, 860, 159, 240, 824, 903, 663, 571, 958, 821, 247, 220, 675, 31, 0, 68, 372, 714, 255, 450, 297, 253, 935, 533]
Tree:
None

Fitness:
11.854885686265657