Generation:
1000

Phenotype:
+9.9E-0*KS(x[:,0], 6.1E-1,1.1E-9,None)+3.8E+0*KG(x[:,0], 8.6E-2,9.2E-1,None)

Genotype:
[119, 752, 26, 749, 593, 890, 212, 991, 737, 531, 684, 951, 943, 79, 632, 774, 600, 353, 678, 836, 290, 412, 136, 703, 962, 89, 62, 627, 71, 741, 822, 118, 542, 864, 371, 74, 434, 732, 522, 76, 862, 805, 766, 276, 847, 310, 802, 999, 75, 861, 300, 45, 888, 746, 189, 935, 117, 703, 40, 365, 412, 665, 990, 336, 860, 42, 698, 180, 496, 659, 953, 909, 71, 619, 986, 467, 910, 385, 28, 759, 847, 589, 805, 40, 1, 377, 1000, 322, 137, 227, 355, 796, 913, 123, 863, 562, 757, 350, 563, 225, 480, 324, 505, 116, 596, 164, 621, 549, 22, 57, 272, 155]
Tree:
None

Fitness:
11.933321446625403