Generation:
1000

Phenotype:
+9.7E+0*KS(x[:,0], 6.1E-1,5.7E-8,None)+3.7E+0*KG(x[:,0], 8.3E-2,1.0E+0,None)

Genotype:
[407, 542, 143, 157, 916, 200, 212, 731, 679, 931, 850, 447, 873, 98, 816, 90, 400, 920, 817, 684, 20, 223, 373, 35, 422, 396, 520, 976, 760, 494, 747, 405, 690, 361, 35, 497, 160, 821, 971, 855, 800, 411, 153, 56, 852, 13, 458, 71, 679, 742, 68, 822, 352, 149, 191, 337, 78, 354, 200, 753, 277, 656, 346, 725, 655, 793, 501, 539, 532, 446, 127, 715, 645, 921, 301, 856, 140, 184, 553, 22, 301, 441, 579, 504, 13, 299, 842, 928, 518, 803]
Tree:
None

Fitness:
11.899187374729943