Generation:
1000

Phenotype:
+4.8E+2*KS(x[:,0], 7.9E-3,7.0E-8,None)+9.2E-1*KG(x[:,0], 9.6E+0,1.6E-9,None)

Genotype:
[479, 636, 552, 118, 996, 162, 717, 229, 221, 3, 456, 20, 535, 288, 245, 60, 462, 386, 992, 549, 521, 791, 696, 68, 680, 549, 926, 617, 129, 456, 823, 380, 624, 11, 575, 100, 322, 699, 563, 401, 833, 846, 838, 229, 379, 649, 954, 463, 769, 472, 440, 845, 337, 261, 490, 748, 653, 838, 206, 398, 752, 186, 875, 367, 9, 129, 749, 25, 605, 547, 134, 241, 809, 288, 778, 76, 718, 926, 161, 279, 211, 668, 826, 792, 232, 23, 507, 327, 861, 855, 90, 290, 863, 295, 740, 519, 691, 97, 142, 490, 272, 348, 834, 906, 169, 166, 328, 414, 921, 497, 217, 722, 644, 242, 625, 319, 859, 443, 100, 932, 987, 762, 365, 960, 137, 556, 937, 19, 861, 103, 924, 743, 287, 780, 528, 843, 201, 237, 403, 913, 612, 530, 452, 21, 131, 975, 245, 471, 268, 444, 14, 718, 351, 494, 354, 916, 235, 640, 51, 716, 933, 821, 567, 46, 1, 208, 142, 412, 898, 785, 937, 486, 590, 195, 175, 164, 732, 168, 692, 661]
Tree:
None

Fitness:
31.299819581360417