Generation:
1000

Phenotype:
+7.8E+0*KS(x[:,0], 4.2E+4,6.4E+2,None)

Genotype:
[940, 656, 672, 198, 904, 600, 417, 72, 418, 554, 923, 434, 410, 652, 441, 234, 312, 336, 984, 496, 478, 55, 146, 368, 398, 583, 304, 765, 977, 73, 4, 506, 615, 461, 386, 663, 833, 79, 738, 753, 265, 272, 27, 823, 347, 285, 827, 364, 564, 42, 804, 454, 146, 289, 451, 983, 549, 71, 53, 931, 629, 898, 495, 748, 506, 685, 646, 43, 290, 425, 499, 915, 520, 872, 547, 309, 331, 592, 192, 507, 342, 193, 664, 450, 32, 215, 164, 704, 371, 351, 105, 283, 979, 16, 622, 534, 771, 985, 874, 854, 338, 292, 504, 823, 515, 42, 244, 207, 948, 181, 338, 853, 853, 709, 115, 869, 983, 1000, 389, 970, 84, 973, 810, 87, 660, 1000, 255, 795, 816, 860, 903, 833, 779, 457, 882]
Tree:
None

Fitness:
45.22085929058049