Generation:
1000

Phenotype:
+9.9E-1*KG(x[:,0], 2.7E-0,9.9E-1,None)-7.9E-2*KP(x[:,0], 2.3E+7,1.2E+8,0)

Genotype:
[43, 914, 692, 729, 703, 581, 712, 537, 209, 600, 881, 419, 961, 521, 230, 704, 953, 123, 359, 437, 982, 874, 533, 564, 597, 648, 782, 104, 68, 290, 571, 519, 626, 819, 813, 695, 411, 650, 127, 251, 643, 674, 296, 557, 18, 561, 501, 148, 699, 38, 133, 460, 539, 722, 367, 872, 987, 188, 150, 677, 879, 456, 286, 497, 616, 309, 47, 306, 135, 276, 395, 185, 49, 56, 309, 364, 377, 142, 148, 211, 626, 16, 1, 834, 92, 713, 711, 753, 582, 784, 8, 300, 730, 918, 692, 538, 0, 549, 560, 936, 587, 729, 920, 947, 922, 353, 340, 914, 610, 491, 313, 70, 880, 387, 6, 393, 266, 889, 63, 317, 537, 337, 447, 192, 204, 464, 364, 165, 764, 935, 139, 301, 490, 714, 686, 901, 586, 290, 726, 413, 612, 519, 503, 436, 361, 703, 34, 787, 731, 652, 693, 448, 442, 400, 870, 492, 539]
Tree:
None

Fitness:
0.0508621086175279