Generation:
1000

Phenotype:
+9.9E+0*KS(x[:,0], 6.7E-1,5.8E-2,None)+2.5E+0*KG(x[:,0], 9.8E-3,1.2E-7,None)

Genotype:
[23, 212, 611, 519, 594, 870, 491, 197, 509, 561, 589, 748, 445, 682, 351, 24, 214, 784, 315, 392, 720, 845, 138, 245, 143, 612, 822, 183, 497, 760, 976, 565, 610, 191, 815, 601, 3, 918, 717, 252, 983, 309, 293, 140, 204, 477, 893, 962, 441, 393, 289, 703, 883, 460, 747, 895, 652, 123, 876, 452, 139, 159, 644, 559, 758, 744, 423, 574, 615, 200, 904, 640, 72, 55, 998, 226, 12, 594, 555, 854, 30, 98, 673, 567, 227, 615, 330, 275, 106, 195, 521, 392, 963, 785, 13, 0, 466, 938, 430, 113, 123, 798, 716, 871, 246, 957, 910, 124, 240, 527, 569, 122, 768, 110, 942, 226, 625, 271, 84, 66, 825, 831, 145, 650, 57, 153, 105, 288, 122, 908, 229, 328, 108, 715, 436, 118, 818, 18, 830, 587, 933, 448, 565, 51, 808, 292, 184, 98, 678, 468, 431, 278, 233, 401, 434, 830, 652, 500, 218, 703, 14, 447, 730, 104, 764, 447, 138, 454, 510, 553, 845, 516, 89, 714, 228, 935, 774, 795, 867, 716]
Tree:
None

Fitness:
12.307233142962856