Generation:
1000

Phenotype:
+9.9E+0*KS(x[:,0], 6.6E-1,4.0E-1,None)

Genotype:
[352, 642, 314, 9, 4, 420, 383, 506, 737, 421, 696, 850, 953, 661, 489, 575, 397, 835, 679, 466, 870, 600, 770, 15, 820, 243, 518, 123, 387, 85, 249, 685, 792, 618, 196, 267, 126, 707, 695, 628, 368, 140, 743, 187, 502, 160, 710, 342, 495, 437, 157, 18, 309, 498, 640, 22, 903, 198, 86, 254, 151, 838, 629, 347, 760, 879, 45, 644, 776, 166, 310, 465, 264, 580, 232, 457, 472, 810, 551, 929, 754, 728, 266, 446, 413, 915, 482, 754, 389, 661, 512, 461, 192, 850, 620, 241, 685, 337, 677, 504, 661, 649, 815, 271, 374, 110, 43, 241, 569, 967, 25, 312]
Tree:
None

Fitness:
18.0502401757406