Generation:
1000

Phenotype:
-6.9E-2*KS(x[:,0], 5.1E-0,5.0E-0,None)+9.9E-1*KG(x[:,0], 3.0E-0,9.9E-1,None)

Genotype:
[707, 315, 41, 469, 725, 442, 148, 881, 171, 780, 454, 310, 277, 590, 273, 798, 16, 836, 349, 575, 701, 659, 560, 671, 240, 233, 939, 27, 381, 874, 984, 44, 694, 700, 980, 987, 786, 579, 728, 839, 647, 724, 749, 630, 34, 603, 381, 421, 684, 505, 843, 326, 365, 316, 977, 607, 854, 376, 835, 193, 652, 351, 663, 730, 434, 814, 64, 323, 615, 393, 536, 6, 114, 113, 237, 447, 367, 924, 677, 818, 720, 464, 102, 924, 77, 939, 601, 782, 795, 652]
Tree:
None

Fitness:
0.04560047010824078