Generation:
1000

Phenotype:
+3.6E-5*KS(x[:,0], 3.2E+8,3.4E-1,None)-8.6E+0*KG(x[:,0], 9.3E-6,7.9E+2,None)

Genotype:
[647, 154, 641, 806, 757, 295, 623, 262, 4, 168, 443, 544, 995, 381, 388, 846, 187, 835, 996, 98, 140, 746, 563, 187, 506, 420, 889, 164, 572, 89, 930, 74, 542, 749, 187, 404, 227, 64, 716, 196, 424, 588, 863, 164, 528, 887, 3, 657, 123, 511, 431, 417, 626, 609, 179, 220, 826, 765, 108, 738, 329, 500, 154, 453, 173, 155, 167, 749, 502, 286, 606, 488, 370, 646, 905, 444, 654, 117, 187, 249, 609, 593, 599, 898, 801, 4, 218, 415, 65, 427]
Tree:
None

Fitness:
2.352267386507448