Generation:
1000

Phenotype:
-1.3E-7*KP(x[:,0], 4.7E-4,1.2E+1,4)

Genotype:
[824, 465, 441, 253, 53, 117, 786, 857, 613, 834, 657, 482, 68, 761, 284, 58, 889, 397, 877, 301, 348, 462, 35, 57, 736, 424, 825, 696, 892, 847, 573, 27, 661, 873, 705, 324, 322, 982, 982, 625, 729, 148, 657, 842, 300, 871, 932, 409, 431, 272, 704, 407, 629, 197, 836, 517, 539, 281, 721, 780, 435, 964, 598, 952, 750, 2, 786, 45, 126, 483, 193, 400, 238, 957, 291, 171, 664, 291, 355, 836, 234, 444, 336, 652, 650, 720, 819, 56, 973, 208]
Tree:
None

Fitness:
2.4328781826278547