Generation:
1000

Phenotype:
+2.5E-0*KG(x[:,0], 9.9E-3,1.0E-8,None)+9.7E-0*KS(x[:,0], 7.1E-1,7.2E-2,None)

Genotype:
[685, 518, 289, 995, 317, 690, 557, 619, 351, 973, 432, 900, 509, 758, 600, 250, 646, 836, 177, 997, 240, 555, 471, 51, 41, 303, 192, 145, 772, 245, 46, 651, 581, 893, 197, 270, 863, 765, 966, 927, 547, 756, 599, 352, 176, 723, 736, 322, 867, 254, 465, 839, 327, 802, 912, 55, 352, 115, 963, 182, 222, 378, 544, 724, 432, 231, 568, 183, 848, 504, 565, 507, 179, 924, 600, 952, 121, 484, 729, 946, 129, 610, 569, 106, 919, 809, 212, 731, 191, 732]
Tree:
None

Fitness:
12.339882124511375