Generation:
1000

Phenotype:
+1.1E-0*KG(x[:,0], 3.1E-0,9.9E-1,None)-4.8E-3*KS(x[:,0], 7.7E+8,3.4E+8,None)-8.9E-2*KS(x[:,0], 9.5E+6,4.2E+7,None)+7.1E-8*KP(x[:,0], 6.4E-5,6.0E-1,2)

Genotype:
[73, 366, 855, 21, 133, 410, 20, 671, 841, 0, 899, 309, 491, 751, 95, 983, 281, 156, 168, 961, 193, 375, 647, 534, 588, 605, 964, 830, 258, 252, 17, 971, 952, 659, 323, 382, 458, 435, 764, 26, 48, 962, 104, 157, 71, 230, 476, 492, 991, 401, 808, 248, 974, 181, 565, 176, 430, 729, 161, 622, 47, 680, 696, 958, 909, 857, 587]
Tree:
None

Fitness:
0.030498659049602393