Generation:
1000

Phenotype:
+9.7E+0*KS(x[:,0], 8.6E-1,3.4E-6,None)+2.9E-4*KS(x[:,0], 5.9E-3,3.5E-6,None)+3.4E-0*KG(x[:,0], 2.6E-2,4.4E-9,None)+5.8E-3*KS(x[:,0], 3.7E-3,3.5E-2,None)

Genotype:
[713, 474, 323, 257, 934, 1000, 610, 856, 923, 311, 290, 594, 601, 896, 17, 815, 218, 550, 599, 365, 384, 31, 549, 993, 283, 776, 965, 223, 956, 249, 1, 478, 515, 154, 187, 360, 802, 486, 731, 642, 291, 684, 249, 739, 119, 178, 226, 589, 348, 309, 653, 686, 527, 893, 283, 20, 275, 379, 832, 906, 128, 169, 135, 402, 160, 906, 648, 123, 522, 845, 366, 484, 565, 108, 281, 267, 513, 755, 101, 448, 471, 245, 301, 661, 106, 884, 725, 589, 124, 100, 590, 192, 910, 619, 727, 878, 794, 960, 314, 158, 199, 630, 794, 79, 334, 302, 16, 356, 90, 474, 931, 504]
Tree:
None

Fitness:
13.343151128976704