Generation:
1000

Phenotype:
+9.9E-1*KG(x[:,0], 3.0E+0,1.0E+0,None)-6.1E+1*KS(x[:,0], 1.0E-9,9.9E-4,None)

Genotype:
[655, 302, 287, 109, 723, 541, 848, 490, 702, 950, 810, 740, 884, 890, 145, 190, 353, 770, 801, 288, 261, 27, 300, 751, 919, 170, 209, 875, 444, 359, 11, 275, 817, 291, 64, 928, 958, 77, 54, 118, 694, 592, 10, 646, 535, 381, 691, 159, 729, 319, 27, 749, 872, 730, 479, 998, 73, 867, 430, 588, 945, 978, 47, 693, 899, 887, 362, 365, 834, 404, 862, 660, 177, 467, 939, 398, 152, 900, 994, 564, 34, 167, 657, 529, 1000, 198, 120, 20, 368, 154, 468, 335, 346, 581, 228, 480, 841, 179, 276, 954, 780, 691, 795, 611, 6, 803, 315, 399, 132, 795, 629, 885]
Tree:
None

Fitness:
0.0472073739303359