Generation:
1000

Phenotype:
+9.9E-0*KS(x[:,0], 6.8E-1,2.0E-1,None)+1.8E-0*KP(x[:,0], 4.4E+4,2.3E+4,0)

Genotype:
[413, 692, 413, 559, 567, 500, 302, 368, 137, 601, 127, 730, 91, 141, 807, 704, 848, 522, 68, 239, 190, 264, 364, 268, 374, 793, 373, 6, 544, 580, 864, 34, 364, 225, 556, 512, 438, 149, 980, 774, 689, 790, 388, 275, 470, 595, 452, 591, 236, 10, 132, 337, 765, 916, 667, 184, 893, 935, 412, 432, 649, 352, 528, 731, 930, 414, 427, 73, 644, 152, 157, 570, 807, 280, 827, 981, 976, 731, 680, 622, 68, 877, 166, 457, 176, 196, 967, 103, 126, 551, 572, 534, 788, 549, 908, 75, 84, 588, 636, 25, 746, 725, 743, 128, 910, 686, 984, 463, 622, 202, 675, 177, 646, 313, 772, 781, 818, 394, 865, 606, 118, 343, 854, 804, 261, 651, 26, 105, 433, 54, 264, 839, 407, 970, 681, 718, 283, 664, 253, 796, 1000, 175, 998, 614, 685, 509, 313, 864, 691, 551, 227, 789, 504, 792, 204, 137, 278]
Tree:
None

Fitness:
12.618969421979282