Generation:
1000

Phenotype:
+9.9E-7*KG(x[:,0], 2.0E-8,5.5E+1,None)+3.8E-2*KS(x[:,0], 9.1E+7,5.1E+5,None)

Genotype:
[433, 840, 368, 669, 79, 57, 631, 840, 953, 358, 121, 645, 290, 911, 324, 406, 608, 209, 888, 995, 682, 917, 751, 444, 347, 715, 171, 468, 675, 322, 966, 571, 869, 572, 78, 860, 994, 483, 684, 294, 592, 457, 78, 694, 466, 391, 402, 49, 692, 778, 236, 104, 679, 419, 239, 117, 604, 868, 140, 663, 624, 335, 180, 977, 17, 479, 451, 772, 134, 441, 456, 443, 390, 525, 274, 692, 522, 40, 940, 965, 222, 927, 893, 876, 801, 180, 265, 523, 321, 77]
Tree:
None

Fitness:
2.3344137030168537