Generation:
1000

Phenotype:
+9.9E-0*KS(x[:,0], 6.6E-1,2.3E-2,None)-9.9E+8*KP(x[:,0], 7.8E-6,1.1E-9,2)+2.9E+0*KG(x[:,0], 9.8E-3,9.2E-1,None)

Genotype:
[977, 614, 314, 479, 105, 730, 518, 816, 675, 71, 964, 513, 861, 302, 163, 171, 729, 521, 919, 580, 148, 870, 788, 503, 496, 315, 521, 455, 399, 727, 270, 902, 964, 459, 114, 440, 647, 358, 5, 963, 539, 382, 545, 451, 800, 927, 931, 548, 813, 217, 798, 692, 769, 372, 307, 866, 705, 48, 417, 675, 118, 931, 495, 288, 504, 601, 683]
Tree:
None

Fitness:
12.035921041518808