Generation:
1000

Phenotype:
+9.9E+0*KS(x[:,0], 7.9E-1,1.2E-1,None)-6.4E-1*KS(x[:,0], 6.6E+3,1.0E-9,None)+2.3E-0*KP(x[:,0], 8.8E+9,6.0E-3,0)

Genotype:
[245, 920, 593, 169, 730, 950, 708, 319, 413, 761, 774, 322, 135, 591, 983, 71, 947, 617, 744, 463, 711, 149, 256, 20, 243, 432, 930, 195, 879, 736, 962, 740, 982, 663, 3, 820, 979, 268, 398, 119, 896, 90, 621, 653, 940, 3, 563, 417, 708, 86, 66, 220, 941, 437, 985, 697, 740, 76, 400, 587, 221, 544, 194, 682, 843, 592, 451, 239, 760, 938, 626, 222, 925, 150, 530, 471, 927, 527, 681, 95, 339, 607, 959, 182, 908, 378, 698, 541, 804, 506]
Tree:
None

Fitness:
11.851026759172981