Generation:
1000

Phenotype:
-6.1E-2*KG(x[:,0], 1.0E-7,3.2E+2,None)+9.9E-1*KG(x[:,0], 3.0E-0,1.0E+0,None)

Genotype:
[529, 613, 590, 671, 885, 312, 747, 990, 515, 687, 479, 252, 458, 442, 822, 882, 350, 296, 779, 141, 451, 353, 1000, 555, 340, 54, 760, 542, 940, 548, 338, 593, 447, 922, 543, 263, 730, 259, 584, 246, 798, 567, 382, 534, 277, 846, 290, 722, 229, 592, 661, 769, 717, 808, 691, 159, 255, 825, 457, 767, 783, 993, 254, 710, 332, 422, 918, 784, 416, 510, 373, 496, 963, 411, 387, 552, 694, 98, 701, 752, 623, 60, 583, 967, 5, 92, 793, 508, 206, 4, 604, 21, 181, 343, 736, 490, 921, 203, 558, 613, 196, 972, 188, 818, 658, 174, 771, 67, 477, 605, 92, 413, 415, 974, 275, 354, 753, 778, 704, 938, 261, 430, 961, 675, 741, 815, 805, 184, 455, 977, 815, 534, 224, 684, 561, 530, 74, 563, 81, 463, 119, 652, 640, 477, 361, 587, 962, 622, 529, 563, 939, 313, 358, 337, 915, 9, 603]
Tree:
None

Fitness:
0.047207187520868