Generation:
1000

Phenotype:
+9.9E+0*KS(x[:,0], 8.6E-1,9.5E-2,None)+2.7E+0*KG(x[:,0], 7.4E-4,9.1E-0,None)-6.5E-2*KS(x[:,0], 1.0E+1,3.4E-3,None)-7.4E-1*KS(x[:,0], 2.1E+5,6.1E-4,None)

Genotype:
[701, 714, 494, 519, 128, 420, 952, 106, 951, 531, 908, 865, 39, 72, 37, 223, 164, 469, 307, 194, 560, 213, 994, 325, 114, 773, 181, 437, 770, 453, 53, 663, 824, 815, 871, 252, 918, 240, 852, 171, 470, 914, 529, 403, 783, 568, 41, 564, 234, 637, 711, 253, 791, 258, 365, 896, 31, 65, 104, 626, 993, 711, 386, 417, 450, 101, 359, 179, 458, 686, 803, 613, 77, 189, 295, 840, 119, 803, 538, 784, 171, 454, 755, 318, 354, 593, 966, 712, 318, 561, 9, 581, 194, 565, 757, 829, 164, 60, 841, 58, 276, 168, 224, 350, 436, 542, 935, 311, 456, 867, 319, 108, 173, 97, 893, 913, 743, 358, 665, 441, 585, 205, 757, 571, 576, 649, 965, 862, 693, 316, 455, 251, 442, 843, 751, 346, 743, 711, 525, 253, 279, 610, 530, 74, 761, 245, 113, 482, 950, 328, 783, 810, 963, 850, 559, 298, 818, 210, 150, 121, 422, 574, 140, 961, 186, 841, 341, 598, 156, 94, 0, 175, 451, 239, 220, 847, 633, 336, 981, 81]
Tree:
None

Fitness:
11.851719625816864