Generation:
1000

Phenotype:
+9.9E-2*KS(x[:,0], 6.4E+0,2.1E-8,None)-9.5E-0*KS(x[:,0], 6.0E-3,2.2E-7,None)

Genotype:
[773, 860, 962, 499, 241, 2, 545, 464, 274, 200, 928, 631, 53, 498, 739, 856, 565, 134, 205, 931, 780, 752, 270, 373, 443, 667, 502, 145, 667, 137, 331, 812, 865, 107, 209, 853, 412, 367, 798, 992, 686, 579, 11, 482, 612, 761, 66, 15, 339, 545, 297, 307, 878, 253, 688, 424, 34, 938, 323, 747, 267, 700, 72, 958, 319, 547, 2, 766, 257, 709, 132, 55, 831, 464, 562, 149, 11, 545, 990, 808, 744, 283, 270, 559, 414, 97, 485, 750, 777, 48, 792, 756, 586, 189, 621, 266, 621, 170, 873, 992, 101, 800, 834, 983, 808, 296, 176, 217, 235, 610, 302, 65, 139, 451, 490, 180, 715, 652, 919, 51, 785, 104, 203, 491, 0, 345, 861, 739, 469, 660, 59, 664, 317, 46, 24]
Tree:
None

Fitness:
2.0883857089590765