Generation:
1000

Phenotype:
+1.3E+1*KS(x[:,0], 5.2E-1,3.0E-1,None)

Genotype:
[898, 766, 954, 33, 862, 841, 967, 932, 745, 511, 659, 320, 895, 671, 438, 15, 82, 57, 14, 878, 449, 407, 277, 86, 501, 545, 102, 771, 260, 898, 257, 579, 214, 368, 76, 14, 58, 779, 782, 147, 145, 436, 598, 202, 142, 984, 988, 966, 379, 412, 499, 245, 975, 997, 31, 403, 370, 866, 702, 308, 927, 141, 976, 135, 638, 374, 410, 983, 838, 705, 999, 818, 986, 168, 596, 398, 573, 5, 723, 648, 402, 237, 784, 367, 462, 719, 65, 243, 972, 277]
Tree:
None

Fitness:
14.390282960797869