Generation:
1000

Phenotype:
-1.5E-0*KP(x[:,0], 5.6E-8,6.7E-3,1)+3.2E-2*KS(x[:,0], 9.9E+4,9.5E-2,None)

Genotype:
[297, 443, 180, 295, 635, 300, 157, 936, 975, 488, 131, 287, 519, 813, 676, 856, 224, 713, 852, 823, 632, 215, 19, 484, 904, 845, 235, 749, 172, 649, 429, 338, 593, 354, 2, 624, 857, 550, 631, 898, 401, 105, 652, 241, 478, 641, 821, 34, 698, 38, 891, 599, 185, 31, 187, 725, 272, 2, 866, 822, 887, 665, 80, 18, 196, 979, 117, 449, 711, 962, 809, 943, 664, 453, 834, 721, 980, 883, 127, 952, 656, 330, 746, 902, 948, 573, 52, 356, 274, 461, 814, 709, 14, 954, 943, 977, 711, 360, 497, 377, 242, 824, 909, 116, 888, 727, 608, 589, 770, 164, 524, 447, 346, 918, 90, 80, 630, 215, 858, 530, 539, 883, 306, 484, 59, 704, 561, 477, 501, 734, 50, 660, 784, 953, 6, 850, 684, 193, 30, 173, 146, 456, 762, 993, 529, 605, 931, 23, 381, 357, 718, 912, 505, 432, 218, 52, 637, 878, 906, 573, 718, 157, 88, 75, 216, 543, 91, 682, 368, 670, 92, 675, 727, 375, 222, 692, 915, 242, 893, 636]
Tree:
None

Fitness:
2.3568300353118494