Generation:
1000

Phenotype:
+9.5E-0*KS(x[:,0], 7.0E-1,9.1E-9,None)+3.5E+0*KG(x[:,0], 5.7E-2,7.2E-1,None)

Genotype:
[647, 452, 143, 165, 313, 100, 294, 820, 19, 541, 341, 511, 369, 439, 808, 894, 710, 281, 425, 298, 570, 688, 287, 455, 652, 123, 802, 997, 631, 518, 457, 404, 940, 230, 544, 895, 556, 338, 22, 145, 83, 853, 810, 412, 644, 821, 676, 989, 619, 245, 549, 689, 702, 676, 674, 574, 25, 632, 13, 615, 40, 173, 271, 327, 467, 570, 440, 211, 780, 779, 596, 775, 337, 410, 166, 811, 586, 890, 935, 565, 542, 507, 302, 593, 995, 359, 176, 995, 260, 1]
Tree:
None

Fitness:
12.005089362398156