Generation:
1000

Phenotype:
+5.0E-2*KS(x[:,0], 6.8E+1,1.0E-9,None)

Genotype:
[418, 782, 121, 990, 11, 652, 410, 448, 560, 331, 603, 660, 249, 499, 177, 634, 48, 439, 637, 148, 688, 452, 650, 163, 71, 578, 227, 543, 130, 843, 331, 687, 835, 442, 301, 142, 851, 469, 504, 215, 508, 223, 297, 70, 37, 792, 295, 211, 77, 501, 665, 224, 283, 839, 265, 983, 901, 402, 558, 860, 288, 607, 390, 264, 48, 970, 861, 702, 540, 405, 922, 392, 395, 577, 954, 869, 806, 825, 278, 221, 472, 745, 330, 580, 576, 767, 402, 971, 321, 518]
Tree:
None

Fitness:
2.2868615606190232