Generation:
1000

Phenotype:
+9.9E-0*KS(x[:,0], 7.4E-1,1.0E-9,None)-7.9E-1*KS(x[:,0], 1.3E+1,1.0E-9,None)+3.9E+0*KG(x[:,0], 7.7E-2,9.9E-1,None)

Genotype:
[35, 502, 728, 979, 511, 460, 456, 304, 457, 291, 153, 330, 357, 79, 393, 587, 71, 645, 279, 737, 901, 162, 593, 430, 511, 954, 450, 765, 289, 886, 582, 688, 218, 59, 600, 870, 321, 97, 521, 122, 458, 729, 851, 561, 547, 791, 718, 659, 58, 347, 958, 172, 680, 663, 929, 412, 804, 191, 225, 597, 769, 985, 146, 586, 257, 757, 818, 648, 503, 346, 788, 348, 442, 82, 677, 596, 109, 309, 840, 782, 196, 169, 171, 220, 977, 614, 81, 924, 829, 126]
Tree:
None

Fitness:
11.178038020072135