Generation:
1000

Phenotype:
+9.8E+0*KS(x[:,0], 6.7E-1,5.6E-2,None)+2.5E-0*KG(x[:,0], 9.6E-3,8.2E-8,None)

Genotype:
[875, 220, 881, 878, 544, 0, 617, 837, 839, 941, 121, 816, 21, 492, 692, 294, 798, 730, 395, 957, 940, 719, 686, 467, 813, 295, 232, 493, 398, 218, 681, 901, 687, 272, 535, 670, 190, 500, 480, 739, 695, 972, 280, 780, 255, 810, 871, 393, 996, 213, 132, 986, 154, 75, 811, 804, 671, 415, 835, 506, 360, 599, 536, 375, 211, 727, 878, 255, 403, 750, 978, 934, 655, 222, 395, 588, 711, 950, 18, 943, 278, 45, 654, 901, 217, 196, 492, 830, 441, 440]
Tree:
None

Fitness:
12.344110131851505