Generation:
1000

Phenotype:
+8.1E-4*KS(x[:,0], 3.5E-4,1.3E+2,None)

Genotype:
[268, 948, 448, 991, 779, 464, 479, 485, 459, 854, 855, 293, 16, 812, 256, 766, 748, 955, 188, 777, 111, 944, 208, 928, 738, 402, 255, 579, 813, 423, 503, 505, 537, 871, 800, 820, 182, 813, 751, 954, 636, 703, 401, 587, 214, 472, 829, 592, 679, 363, 258, 549, 169, 447, 822, 158, 316, 988, 63, 643, 446, 994, 518, 903, 73, 473, 380, 208, 901, 113, 456, 898, 716, 513, 749, 88, 295, 872, 853, 746, 941, 501, 835, 371, 274, 885, 391, 938, 523, 524]
Tree:
None

Fitness:
2.4713245385928193