Generation:
1000

Phenotype:
+9.9E+0*KS(x[:,0], 6.7E-1,2.5E-2,None)+2.9E+0*KG(x[:,0], 3.3E-2,9.8E-2,None)

Genotype:
[89, 958, 404, 179, 362, 210, 563, 697, 883, 541, 460, 775, 659, 582, 369, 402, 226, 568, 769, 80, 100, 227, 363, 423, 962, 80, 608, 699, 252, 182, 361, 869, 519, 848, 766, 866, 553, 446, 201, 210, 791, 971, 315, 3, 75, 305, 251, 772, 523, 891, 930, 430, 51, 670, 763, 464, 959, 362, 874, 515, 763, 610, 645, 663, 194, 799, 409, 42, 439, 125, 591, 257, 762, 290, 189, 634, 530, 757, 677, 396, 783, 79, 94, 821, 513, 100, 67, 689, 228, 949]
Tree:
None

Fitness:
12.084963447432727