Generation:
1000

Phenotype:
-4.0E-2*KS(x[:,0], 1.4E+0,1.0E+9,None)+9.6E-1*KG(x[:,0], 3.0E+0,9.4E-1,None)-9.6E-4*KS(x[:,0], 8.3E+0,2.4E-7,None)

Genotype:
[353, 25, 354, 710, 213, 882, 891, 734, 98, 350, 792, 270, 184, 729, 403, 595, 454, 638, 926, 675, 271, 551, 330, 580, 800, 467, 954, 145, 441, 733, 616, 499, 719, 316, 949, 424, 583, 923, 668, 280, 307, 744, 215, 667, 441, 865, 352, 64, 511, 51, 925, 367, 867, 649, 298, 283, 698, 549, 291, 787, 30, 941, 505, 288, 580, 363, 390, 182, 258, 709, 730, 120, 116, 792, 268, 455, 864, 728, 190, 472, 190, 743, 275, 171, 829, 630, 401, 211, 369, 65, 46, 415, 457, 761, 846, 958, 783, 154, 139, 301, 899, 114, 103, 245, 830, 289, 526, 950, 443, 846, 677, 75]
Tree:
None

Fitness:
0.3583672708772365