Generation:
1000

Phenotype:
+6.0E+0*KS(x[:,0], 4.9E+8,4.9E+5,None)+4.9E+0*KS(x[:,0], 2.2E-7,3.6E+1,None)+3.4E+0*KP(x[:,0], 1.4E-2,2.3E-4,3)

Genotype:
[695, 860, 518, 190, 760, 240, 48, 769, 654, 918, 408, 739, 912, 845, 284, 77, 558, 750, 239, 186, 930, 721, 852, 993, 217, 173, 946, 570, 221, 793, 386, 510, 461, 104, 744, 970, 333, 644, 391, 182, 514, 183, 179, 374, 203, 979, 749, 160, 784, 378, 182, 255, 821, 897, 461, 900, 456, 201, 873, 85, 334, 559, 332, 472, 711, 828, 239]
Tree:
None

Fitness:
30.087446626453353