Generation:
1000

Phenotype:
+1.2E+1*KS(x[:,0], 4.8E-1,3.0E-1,None)+1.9E-1*KS(x[:,0], 4.1E+1,2.6E+1,None)

Genotype:
[371, 928, 90, 672, 820, 761, 372, 898, 93, 861, 506, 250, 231, 541, 648, 694, 84, 828, 929, 981, 221, 624, 691, 34, 81, 478, 6, 428, 411, 687, 138, 64, 302, 559, 253, 439, 731, 438, 157, 934, 720, 172, 18, 910, 319, 915, 773, 74, 360, 910, 203, 816, 130, 840, 863, 500, 746, 5, 551, 544, 433, 230, 276, 219, 827, 53, 902, 366, 197, 906, 618, 246, 215, 853, 527, 328, 658, 923, 922, 333, 262, 341, 610, 221, 35, 335, 130, 114, 595, 225]
Tree:
None

Fitness:
12.965869665387268