Generation:
1000

Phenotype:
+9.7E+0*KS(x[:,0], 7.1E-1,5.4E-2,None)+2.6E-0*KG(x[:,0], 9.8E-3,2.1E-9,None)

Genotype:
[209, 836, 863, 357, 754, 250, 96, 691, 355, 791, 76, 964, 687, 152, 531, 600, 656, 100, 376, 61, 470, 278, 28, 261, 163, 892, 731, 985, 979, 753, 692, 555, 359, 750, 653, 58, 427, 160, 500, 719, 471, 218, 807, 451, 424, 71, 559, 131, 659, 709, 744, 329, 732, 804, 344, 625, 549, 327, 693, 390, 901, 677, 293, 719, 462, 878, 402, 323, 656, 160, 359, 473, 406, 783, 518, 676, 7, 609, 131, 112, 322, 147, 660, 995, 844, 405, 871, 179, 989, 865, 670, 312, 350, 727, 759, 939, 121, 246, 544, 966, 151, 622, 903, 907, 589, 42, 666, 908, 116, 301, 152, 412]
Tree:
None

Fitness:
12.325700815184032