Generation:
1000

Phenotype:
+9.9E+0*KS(x[:,0], 6.9E-1,8.1E-3,None)+3.2E-0*KG(x[:,0], 4.5E-2,9.4E-2,None)

Genotype:
[29, 16, 404, 609, 704, 940, 23, 639, 703, 651, 214, 531, 853, 953, 473, 312, 822, 137, 202, 619, 980, 696, 835, 137, 482, 71, 924, 51, 22, 325, 510, 418, 28, 500, 745, 259, 420, 926, 828, 890, 643, 244, 104, 539, 392, 704, 950, 387, 9, 256, 88, 711, 72, 662, 811, 433, 743, 41, 195, 693, 406, 257, 488, 579, 337, 756, 586, 320, 882, 117, 944, 621, 91, 635, 500, 591, 651, 50, 832, 596, 568, 955, 201, 355, 266, 585, 831, 543, 614, 510, 531, 326, 266, 777, 908, 405, 744, 469, 420, 830, 604, 200, 892, 606, 360, 973, 713, 56, 436, 960, 682, 339, 63, 898, 650, 981, 30, 678, 500, 613, 736, 969, 125, 94, 426, 516, 933, 138, 933, 712, 715, 309, 732, 981, 939, 955, 678, 591, 672, 214, 532, 81, 252, 253, 711, 7, 517, 210, 159, 474, 156, 140, 129, 790, 22, 308, 349]
Tree:
None

Fitness:
12.049497623268346