Generation:
1000

Phenotype:
+1.1E+0*KG(x[:,0], 3.0E+0,9.9E-1,None)-9.8E-2*KG(x[:,0], 9.9E-2,2.1E-0,None)-9.4E-2*KG(x[:,0], 4.6E+0,5.0E-8,None)

Genotype:
[361, 42, 558, 201, 62, 30, 254, 470, 36, 600, 332, 949, 787, 81, 455, 709, 467, 377, 38, 515, 952, 251, 269, 363, 282, 1, 701, 809, 980, 120, 342, 905, 62, 74, 57, 122, 876, 876, 454, 210, 688, 1000, 439, 668, 529, 667, 767, 687, 203, 292, 798, 9, 960, 812, 927, 841, 377, 861, 218, 176, 451, 81, 314, 268, 966, 878, 610, 53, 824, 329, 359, 32, 474, 559, 364, 620, 181, 392, 255, 449, 406, 255, 738, 461, 121, 278, 779, 40, 958, 960, 743, 422, 116, 263, 57, 365, 883, 437, 892, 792, 590, 134, 348, 694, 334, 172, 265, 576, 349, 661, 318, 242, 116, 22, 573, 647, 877, 736, 291, 162, 561, 614, 111, 600, 382, 665, 532, 658, 946, 263, 709, 98, 181, 163, 876, 525, 853, 173, 100, 380, 144, 838, 970, 685, 730, 757, 110, 817, 458, 479, 317, 133, 235, 591, 693, 874, 458, 439, 989, 201, 241, 243, 590, 204, 558, 833, 155, 804, 112, 640, 649, 867, 505, 437, 223, 101, 238, 26, 172, 752]
Tree:
None

Fitness:
0.019467202860907997