Generation:
1000

Phenotype:
-5.6E-2*KS(x[:,0], 4.2E-0,6.1E+6,None)+9.7E-1*KG(x[:,0], 3.0E-0,9.7E-1,None)

Genotype:
[755, 953, 778, 786, 999, 672, 660, 852, 637, 210, 842, 181, 508, 186, 532, 378, 468, 701, 87, 83, 351, 902, 410, 609, 900, 269, 427, 303, 411, 543, 153, 196, 10, 515, 160, 771, 89, 286, 235, 316, 217, 301, 188, 900, 710, 310, 146, 670, 815, 82, 249, 636, 738, 678, 575, 678, 457, 377, 21, 872, 420, 812, 895, 654, 989, 907, 954, 877, 24, 884, 417, 93, 479, 499, 712, 797, 295, 301, 234, 160, 931, 28, 398, 46, 929, 137, 766, 48, 412, 225, 823, 320, 682, 959, 3, 985, 482, 260, 341, 920, 312, 840, 537, 487, 565, 396, 734, 428, 252, 511, 418, 544]
Tree:
None

Fitness:
0.12626456854491364