Generation:
1000

Phenotype:
+7.0E+0*KS(x[:,0], 2.2E-2,6.0E-7,None)+1.6E-5*KG(x[:,0], 2.8E-2,3.6E-2,None)

Genotype:
[659, 458, 789, 650, 614, 10, 181, 72, 961, 832, 41, 790, 803, 117, 742, 216, 636, 495, 26, 103, 575, 820, 338, 967, 522, 992, 866, 221, 952, 563, 405, 823, 491, 209, 918, 959, 898, 360, 73, 852, 824, 342, 222, 828, 188, 906, 751, 446, 905, 92, 879, 41, 955, 338, 319, 558, 261, 100, 101, 429, 754, 43, 667, 347, 410, 961, 80, 150, 17, 484, 292, 353, 970, 88, 842, 430, 394, 327, 156, 669, 300, 346, 879, 786, 482, 372, 984, 871, 505, 198, 690, 401, 91, 911, 318, 993, 324, 131, 248, 170, 542, 572, 956, 864, 556, 595, 191, 626, 762, 172, 400, 822, 972, 898, 120, 772, 357, 898, 592, 387, 663, 209, 296, 537, 804, 264, 602, 474, 653, 519, 757, 955, 616, 263, 172]
Tree:
None

Fitness:
79.48439086857537