Generation:
1000

Phenotype:
+5.0E-2*KS(x[:,0], 6.8E+1,1.0E-9,None)

Genotype:
[556, 592, 31, 840, 911, 452, 581, 58, 244, 851, 432, 710, 285, 289, 493, 457, 871, 651, 11, 70, 193, 167, 529, 554, 407, 923, 657, 133, 580, 989, 734, 798, 281, 555, 631, 832, 261, 233, 640, 820, 88, 983, 583, 558, 548, 646, 818, 812, 517, 553, 655, 561, 667, 883, 807, 592, 798, 649, 257, 242, 711, 957, 54, 857, 500, 487, 475, 711, 164, 377, 900, 149, 480, 839, 459, 769, 28, 16, 152, 970, 737, 251, 384, 655, 952, 3, 759, 301, 711, 931]
Tree:
None

Fitness:
2.2868615606190232