Generation:
1000

Phenotype:
-8.0E-1*KS(x[:,0], 7.3E+4,9.2E-3,None)+4.8E-9*KS(x[:,0], 9.0E-3,8.6E-5,None)

Genotype:
[575, 885, 295, 720, 697, 721, 924, 73, 234, 34, 125, 52, 127, 113, 70, 178, 302, 750, 708, 953, 859, 683, 690, 291, 893, 241, 996, 107, 65, 495, 298, 790, 474, 66, 745, 601, 913, 293, 203, 188, 515, 618, 101, 178, 369, 800, 129, 884, 547, 745, 995, 575, 717, 628, 640, 396, 232, 492, 134, 932, 810, 443, 567, 171, 208, 879, 500, 972, 670, 75, 630, 401, 356, 967, 226, 608, 333, 840, 747, 830, 159, 311, 787, 652, 946, 947, 725, 22, 509, 255, 70, 53, 195, 57, 188, 361, 320, 215, 158, 944, 564, 959, 404, 457, 6, 974, 572, 970, 883, 362, 980, 300, 118, 552, 791, 525, 722, 152, 27, 600, 173, 279, 839, 279, 514, 861, 867, 297, 414, 495, 419, 192, 430, 377, 421, 830, 46, 739, 938, 742, 773, 355, 271, 643, 236, 303, 257, 246, 573, 56, 725, 75, 170, 486, 463, 267, 941, 523, 621, 160, 34, 403, 193, 571, 978, 769, 674, 220, 599, 909, 50, 551, 671, 287, 245, 753, 744, 32, 965, 963]
Tree:
None

Fitness:
9.998169921652362