Generation:
1000

Phenotype:
+9.9E-1*KG(x[:,0], 3.2E-0,9.9E-1,None)-7.9E-2*KS(x[:,0], 3.7E+0,3.0E+0,None)+3.9E-2*KS(x[:,0], 3.2E+0,2.9E-8,None)

Genotype:
[253, 392, 485, 699, 271, 881, 137, 842, 443, 450, 845, 749, 783, 61, 745, 647, 631, 465, 439, 415, 732, 803, 97, 870, 120, 875, 700, 550, 170, 925, 700, 318, 497, 319, 971, 332, 56, 252, 308, 990, 991, 219, 29, 418, 125, 974, 950, 388, 579, 546, 683, 693, 918, 925, 944, 318, 323, 652, 466, 141, 349, 896, 178, 314, 408, 182, 255, 873, 432, 292, 185, 554, 87, 875, 851, 785, 994, 509, 65, 483, 277, 206, 509, 532, 166, 48, 803, 982, 867, 263, 301, 377, 505, 825, 949, 574, 540, 244, 996, 765, 943, 428, 55, 473, 789, 78, 268, 624, 754, 833, 377, 450, 767, 33, 851, 38, 755, 626, 993, 122, 716, 217, 181, 523, 775, 120, 506, 996, 769, 150, 237, 752, 685, 560, 690, 229, 845, 472, 747, 248, 321, 629, 951, 261, 730, 661, 560, 525, 353, 78, 522, 97, 58, 398, 72, 62, 392, 193, 73, 222, 152, 927, 220, 504, 40, 505, 679, 484, 159, 579, 451, 887, 239, 969, 729, 944, 463, 112, 240, 977]
Tree:
None

Fitness:
0.04050286461453736