Generation:
1000

Phenotype:
+1.1E+0*KG(x[:,0], 4.4E+0,9.9E-1,None)

Genotype:
[648, 104, 594, 451, 636, 100, 489, 334, 612, 770, 737, 679, 955, 21, 250, 641, 925, 905, 558, 747, 296, 802, 342, 352, 213, 878, 32, 512, 97, 494, 811, 969, 445, 856, 376, 559, 526, 920, 468, 441, 718, 211, 822, 572, 823, 170, 864, 295, 17, 740, 394, 858, 785, 178, 260, 565, 631, 447, 792, 934, 628, 886, 167, 484, 386, 794, 74, 131, 503, 269, 609, 531, 661, 232, 567, 810, 578, 502, 507, 394, 33, 914, 641, 40, 536, 807, 611, 537, 308, 648, 823, 15, 949, 408, 697, 243, 530, 924, 959, 694, 639, 945, 35, 762, 998, 941, 303, 138, 774, 957, 744, 789]
Tree:
None

Fitness:
0.32110877424189216