Generation:
1000

Phenotype:
+6.1E+2*KS(x[:,0], 3.1E-3,8.6E-7,None)+6.8E-1*KP(x[:,0], 9.0E+2,6.8E-4,0)+1.6E-8*KS(x[:,0], 1.4E-1,5.5E+2,None)

Genotype:
[167, 528, 707, 291, 882, 312, 902, 631, 239, 763, 313, 846, 25, 37, 470, 285, 988, 230, 488, 161, 451, 512, 930, 594, 172, 941, 938, 179, 114, 285, 346, 580, 279, 916, 287, 588, 999, 514, 67, 341, 463, 195, 958, 792, 401, 756, 506, 72, 913, 266, 309, 197, 656, 147, 276, 415, 176, 61, 454, 438, 377, 251, 611, 741, 914, 631, 363]
Tree:
None

Fitness:
47.65882180297949