Generation:
1000

Phenotype:
+9.8E-0*KS(x[:,0], 7.0E-1,2.0E-1,None)+1.9E+0*KS(x[:,0], 1.9E+3,7.9E+4,None)

Genotype:
[983, 52, 548, 878, 829, 740, 204, 160, 961, 951, 298, 850, 127, 221, 260, 424, 536, 882, 669, 428, 700, 810, 429, 128, 263, 897, 199, 564, 44, 640, 904, 102, 918, 163, 466, 410, 627, 550, 158, 641, 35, 262, 895, 418, 823, 225, 760, 586, 880, 153, 929, 967, 72, 693, 739, 827, 89, 275, 637, 725, 648, 21, 125, 45, 24, 567, 71, 755, 578, 119, 792, 767, 968, 962, 948, 405, 187, 778, 847, 232, 255, 579, 396, 899, 772, 572, 14, 761, 586, 179, 72, 194, 240, 242, 589, 457, 737, 394, 4, 323, 406, 690, 815, 778, 291, 955, 515, 560, 823, 870, 278, 25, 117, 781, 378, 288, 322, 517, 602, 863, 682, 804, 657, 682, 354, 437, 486, 792, 388, 880, 382, 61, 323, 429, 646]
Tree:
None

Fitness:
12.647464730988975