Generation:
1000

Phenotype:
+1.1E-0*KG(x[:,0], 3.2E+0,1.0E+0,None)-8.7E-2*KS(x[:,0], 9.6E-1,1.5E-0,None)-5.5E-3*KS(x[:,0], 4.1E-4,5.1E-3,None)

Genotype:
[493, 644, 918, 441, 393, 40, 947, 2, 910, 600, 684, 50, 176, 530, 741, 779, 179, 178, 327, 367, 412, 593, 606, 387, 891, 297, 415, 343, 280, 617, 628, 851, 427, 235, 739, 963, 669, 211, 383, 674, 22, 431, 913, 853, 631, 70, 433, 249, 36, 890, 470, 818, 160, 651, 243, 878, 631, 560, 500, 210, 899, 599, 337, 855, 45, 704, 979, 973, 460, 914, 143, 387, 204, 810, 887, 61, 326, 615, 815, 80, 493, 947, 947, 379, 789, 932, 159, 391, 649, 894]
Tree:
None

Fitness:
0.029086247417818272