Generation:
1000

Phenotype:
+9.7E-0*KS(x[:,0], 6.9E-1,9.7E-2,None)+1.4E-9*KP(x[:,0], 1.0E-9,4.0E+4,2)

Genotype:
[131, 508, 350, 867, 699, 200, 5, 429, 745, 821, 755, 797, 633, 12, 823, 224, 388, 171, 254, 75, 159, 819, 580, 645, 169, 282, 140, 858, 334, 112, 917, 559, 659, 899, 930, 883, 859, 96, 209, 683, 862, 798, 360, 191, 664, 72, 512, 322, 160, 835, 643, 471, 367, 64, 535, 800, 311, 758, 573, 801, 838, 428, 87, 329, 807, 526, 554, 270, 794, 396, 772, 124, 328, 68, 653, 545, 407, 434, 44, 676, 845, 779, 807, 89, 702, 600, 802, 724, 104, 765]
Tree:
None

Fitness:
12.398641444615576