Generation:
1000

Phenotype:
-2.8E-1*KG(x[:,0], 9.3E-2,3.4E-2,None)+9.9E-2*KS(x[:,0], 7.2E+0,8.3E-9,None)+6.8E-1*KG(x[:,0], 2.0E-0,6.1E-1,None)

Genotype:
[997, 117, 847, 518, 455, 591, 323, 283, 753, 992, 794, 254, 733, 522, 528, 989, 958, 89, 869, 651, 142, 375, 122, 410, 310, 115, 923, 905, 469, 654, 744, 756, 923, 568, 347, 671, 964, 170, 891, 10, 338, 501, 179, 71, 968, 971, 894, 479, 224, 50, 251, 90, 819, 499, 322, 627, 692, 188, 656, 517, 949, 197, 205, 542, 349, 33, 981, 987, 84, 911, 363, 871, 796, 359, 990, 826, 143, 651, 15, 460, 422, 417, 316, 43, 643, 89, 821, 574, 615, 439, 822, 111, 288, 816, 786, 816, 842, 834, 478, 672, 874, 304, 507, 671, 127, 432, 702, 518, 445, 628, 416, 30]
Tree:
None

Fitness:
[0.015617735378194513, 0]