Generation:
1000

Phenotype:
+3.7E-0*KG(x[:,0], 6.7E-2,9.2E-1,None)+9.4E-0*KS(x[:,0], 7.0E-1,2.7E-5,None)-2.2E+1*KP(x[:,0], 8.3E-6,7.3E-4,1)

Genotype:
[781, 738, 614, 397, 183, 470, 86, 867, 683, 62, 269, 662, 235, 101, 719, 833, 232, 629, 454, 899, 670, 591, 990, 827, 961, 712, 827, 99, 185, 631, 560, 767, 505, 952, 276, 391, 781, 183, 61, 966, 213, 773, 609, 464, 736, 59, 829, 94, 831, 187, 75, 75, 309, 24, 592, 651, 156, 597, 783, 28, 823, 853, 894, 351, 891, 7, 548, 469, 248, 596, 507, 610, 32, 868, 646, 6, 429, 158, 858, 626, 541, 308, 403, 25, 897, 910, 790, 827, 51, 134]
Tree:
None

Fitness:
12.00131240792017