Generation:
1000

Phenotype:
+5.0E-2*KS(x[:,0], 7.0E+9,1.0E-9,None)

Genotype:
[424, 372, 382, 670, 363, 482, 654, 40, 96, 489, 270, 640, 177, 329, 223, 831, 894, 282, 727, 969, 824, 866, 727, 266, 811, 163, 999, 989, 477, 636, 544, 325, 904, 74, 198, 828, 307, 937, 464, 282, 899, 546, 584, 562, 783, 631, 71, 922, 480, 48, 271, 907, 611, 36, 797, 361, 49, 147, 160, 495, 676, 759, 396, 230, 4, 652, 126, 222, 724, 993, 760, 234, 481, 205, 952, 768, 633, 870, 932, 234, 333, 668, 955, 11, 19, 798, 286, 217, 537, 171]
Tree:
None

Fitness:
2.2868615606190237