Generation:
1000

Phenotype:
+4.4E-4*KP(x[:,0], 8.2E+3,2.7E+3,1)+1.3E-0*KS(x[:,0], 7.6E-1,1.3E+1,None)

Genotype:
[387, 704, 120, 894, 619, 44, 124, 772, 782, 553, 901, 527, 258, 413, 381, 586, 446, 423, 373, 831, 270, 870, 426, 343, 501, 432, 633, 798, 361, 143, 418, 692, 655, 515, 813, 953, 896, 68, 836, 645, 753, 550, 897, 62, 479, 170, 567, 759, 214, 420, 464, 888, 10, 852, 84, 462, 570, 743, 771, 416, 109, 648, 5, 803, 617, 815, 284, 529, 788, 61, 188, 947, 979, 498, 954, 258, 136, 314, 774, 145, 153, 593, 858, 655, 531, 328, 375, 985, 787, 89, 283, 111, 654, 5, 70, 165, 188, 256, 355, 685, 587, 109, 26, 941, 895, 150, 588, 25, 109, 562, 311, 926, 467, 177, 907, 936, 435, 922, 152, 174, 856, 156, 129, 342, 614, 923, 583, 657, 295, 287, 321, 483, 590, 66, 258]
Tree:
None

Fitness:
24.741595824546316