Generation:
1000

Phenotype:
+2.9E-0*KP(x[:,0], 1.4E-0,9.8E-1,1)

Genotype:
[128, 218, 289, 889, 877, 590, 126, 534, 585, 90, 818, 178, 695, 991, 96, 67, 921, 894, 825, 907, 208, 491, 452, 863, 30, 296, 172, 847, 36, 821, 789, 417, 921, 151, 131, 172, 497, 901, 842, 273, 516, 46, 475, 878, 783, 202, 833, 419, 267, 155, 833, 664, 758, 363, 45, 433, 502, 305, 210, 896, 466, 935, 26, 363, 269, 105, 713, 273, 532, 431, 732, 353, 668, 35, 139, 947, 857, 980, 691, 846, 761, 756, 283, 844, 678, 977, 758, 369, 112, 974, 485, 166, 88, 595, 734, 916, 549, 972, 749, 278, 960, 512, 713, 958, 124, 721, 746, 641, 918, 48, 39, 990]
Tree:
None

Fitness:
24.132864457360768