Generation:
1000

Phenotype:
+9.9E+0*KS(x[:,0], 6.6E-1,4.0E-1,None)

Genotype:
[952, 448, 386, 629, 886, 290, 959, 896, 659, 241, 876, 770, 203, 441, 871, 910, 322, 578, 230, 314, 32, 88, 402, 601, 434, 794, 3, 590, 750, 711, 666, 843, 681, 164, 409, 438, 190, 680, 798, 90, 659, 489, 986, 12, 128, 579, 294, 460, 527, 573, 437, 858, 70, 490, 386, 601, 357, 514, 23, 619, 766, 168, 802, 734, 502, 546, 148, 769, 308, 69, 427, 794, 841, 463, 296, 214, 802, 395, 583, 714, 949, 770, 338, 44, 214, 990, 488, 138, 950, 193, 760, 372, 877, 130, 428, 203, 533, 291, 649, 345, 903, 500, 347, 437, 825, 857, 527, 284, 654, 40, 244, 61]
Tree:
None

Fitness:
18.0502401757406