Generation:
1000

Phenotype:
+5.0E-2*KS(x[:,0], 6.8E+1,1.0E-9,None)

Genotype:
[922, 422, 787, 90, 53, 882, 176, 598, 170, 871, 81, 150, 771, 889, 569, 102, 409, 65, 518, 280, 671, 448, 416, 236, 992, 88, 556, 301, 256, 31, 836, 152, 728, 824, 891, 138, 437, 941, 312, 903, 446, 539, 33, 331, 169, 514, 253, 831, 925, 78, 376, 538, 603, 920, 247, 32, 842, 908, 433, 148, 574, 556, 650, 429, 125, 20, 845, 648, 607, 562, 641, 798, 263, 395, 640, 959, 431, 876, 329, 115, 822, 766, 587, 650, 322, 828, 662, 639, 348, 883]
Tree:
None

Fitness:
2.2868615606190232