Generation:
1000

Phenotype:
+9.8E+0*KS(x[:,0], 6.4E-1,3.0E-9,None)+3.6E+0*KG(x[:,0], 7.6E-2,7.9E-1,None)

Genotype:
[815, 192, 521, 378, 642, 1000, 140, 214, 269, 61, 200, 320, 439, 189, 833, 84, 702, 272, 256, 802, 520, 537, 896, 707, 702, 699, 999, 757, 961, 530, 582, 683, 896, 293, 775, 861, 987, 700, 163, 65, 500, 721, 783, 376, 490, 965, 751, 582, 466, 671, 531, 858, 312, 178, 418, 140, 343, 599, 10, 300, 990, 10, 721, 814, 890, 115, 789, 175, 236, 632, 230, 269, 903, 146, 911, 953, 59, 258, 785, 464, 921, 901, 238, 167, 730, 458, 210, 183, 908, 926]
Tree:
None

Fitness:
11.922103167605819