Generation:
1000

Phenotype:
+9.9E-0*KS(x[:,0], 7.0E-1,6.4E-9,None)+3.1E-0*KG(x[:,0], 3.6E-2,1.7E-2,None)

Genotype:
[11, 624, 143, 409, 625, 860, 186, 600, 287, 911, 266, 84, 875, 289, 454, 288, 486, 758, 671, 963, 900, 515, 396, 829, 382, 216, 147, 351, 442, 341, 159, 204, 702, 80, 559, 142, 465, 80, 208, 208, 529, 107, 387, 365, 357, 732, 957, 153, 233, 553, 11, 90, 908, 912, 797, 737, 154, 131, 985, 735, 848, 833, 485, 152, 812, 908, 225, 332, 975, 131, 86, 993, 553, 396, 484, 599, 251, 238, 651, 567, 80, 48, 283, 474, 480, 662, 729, 613, 992, 789, 369, 133, 387, 514, 122, 921, 891, 548, 468, 243, 347, 684, 500, 454, 48, 773, 466, 294, 691, 6, 866, 738]
Tree:
None

Fitness:
12.06053323342556