Generation:
1000

Phenotype:
+9.9E-0*KS(x[:,0], 5.7E-1,3.0E-1,None)+6.6E+0*KS(x[:,0], 6.1E-2,9.3E-2,None)+8.8E-5*KS(x[:,0], 6.1E+5,2.1E-9,None)

Genotype:
[413, 322, 269, 939, 591, 750, 751, 717, 651, 671, 119, 60, 311, 111, 2, 479, 426, 149, 766, 678, 690, 689, 911, 911, 922, 809, 573, 455, 472, 867, 892, 600, 628, 718, 587, 515, 842, 751, 4, 785, 757, 151, 483, 609, 191, 776, 72, 809, 12, 742, 676, 343, 117, 540, 990, 802, 618, 627, 544, 585, 407, 524, 700, 442, 569, 520, 266, 194, 729, 0, 856, 681, 538, 455, 94, 295, 729, 993, 424, 979, 204, 438, 857, 93, 705, 159, 164, 911, 430, 621, 18, 4, 770, 113, 670, 652, 727, 789, 820, 557, 107, 925, 350, 527, 472, 574, 127, 711, 171, 279, 257, 962]
Tree:
None

Fitness:
13.321124488358464