Generation:
1000

Phenotype:
+6.7E-7*KS(x[:,0], 7.0E+5,3.3E+2,None)+9.6E-0*KS(x[:,0], 9.2E+0,1.5E-4,None)+6.4E-2*KG(x[:,0], 3.9E-5,5.0E-1,None)

Genotype:
[251, 10, 536, 207, 237, 777, 924, 330, 414, 695, 956, 403, 122, 62, 344, 11, 278, 170, 806, 705, 750, 872, 702, 790, 800, 9, 895, 353, 194, 240, 390, 904, 716, 934, 655, 52, 542, 89, 689, 655, 373, 390, 643, 111, 225, 315, 875, 435, 920, 837, 108, 792, 961, 148, 537, 391, 794, 669, 225, 847, 991, 950, 831, 398, 48, 6, 963]
Tree:
None

Fitness:
44.706990108557825