Generation:
1000

Phenotype:
+9.9E-1*KG(x[:,0], 3.3E+0,9.9E-1,None)-9.9E+3*KS(x[:,0], 1.2E-9,5.1E-6,None)

Genotype:
[649, 116, 404, 49, 219, 701, 353, 483, 628, 240, 62, 699, 887, 691, 224, 550, 739, 143, 819, 414, 893, 765, 542, 103, 769, 994, 531, 811, 96, 352, 128, 685, 31, 331, 687, 973, 702, 675, 968, 227, 775, 837, 186, 136, 964, 117, 75, 901, 977, 420, 115, 568, 692, 177, 196, 483, 885, 443, 460, 406, 214, 169, 257, 141, 563, 387, 141, 245, 705, 145, 784, 639, 763, 799, 90, 842, 123, 55, 598, 105, 6, 988, 957, 817, 971, 108, 991, 881, 883, 975, 131, 708, 68, 392, 883, 316, 869, 818, 562, 936, 458, 265, 739, 132, 321, 22, 857, 700, 194, 670, 550, 386]
Tree:
None

Fitness:
0.04830087751014639