Generation:
1000

Phenotype:
+7.9E+0*KP(x[:,0], 6.8E-3,7.0E-1,3)+8.9E+0*KS(x[:,0], 8.3E-1,9.7E-4,None)

Genotype:
[693, 936, 699, 619, 872, 790, 419, 328, 607, 643, 762, 450, 547, 581, 768, 994, 904, 196, 819, 652, 10, 493, 343, 345, 581, 467, 277, 921, 674, 381, 222, 809, 109, 619, 488, 568, 868, 866, 32, 740, 471, 616, 755, 464, 435, 517, 646, 994, 223, 892, 847, 703, 802, 130, 442, 352, 260, 443, 247, 700, 385, 456, 510, 901, 528, 178, 68, 794, 438, 165, 44, 408, 160, 725, 191, 942, 369, 549, 972, 656, 538, 96, 183, 765, 656, 895, 156, 1000, 297, 223]
Tree:
None

Fitness:
13.16345068512675