Generation:
1000

Phenotype:
+9.9E-1*KG(x[:,0], 3.1E-0,9.9E-1,None)-5.9E-2*KG(x[:,0], 9.9E-4,2.0E-3,None)

Genotype:
[265, 206, 143, 949, 87, 761, 677, 781, 693, 320, 530, 749, 667, 981, 753, 306, 343, 337, 519, 507, 462, 242, 149, 617, 784, 208, 530, 167, 523, 921, 987, 430, 557, 481, 690, 874, 776, 218, 783, 58, 575, 137, 895, 332, 81, 946, 869, 376, 338, 653, 779, 247, 865, 850, 950, 799, 439, 451, 631, 934, 59, 193, 953, 174, 844, 410, 832, 222, 770, 905, 416, 344, 937, 188, 95, 355, 825, 431, 322, 628, 402, 319, 985, 84, 107, 745, 472, 63, 851, 98]
Tree:
None

Fitness:
0.047624447100365154