Generation:
1000

Phenotype:
+9.9E-2*KS(x[:,0], 1.1E+4,4.2E-8,None)-1.2E-8*KP(x[:,0], 8.5E+1,5.9E+0,3)

Genotype:
[359, 230, 962, 29, 313, 962, 909, 361, 556, 944, 579, 302, 25, 698, 58, 560, 125, 297, 72, 91, 368, 961, 445, 672, 441, 490, 179, 668, 800, 103, 449, 812, 287, 274, 91, 790, 32, 465, 622, 877, 849, 347, 41, 588, 751, 711, 856, 390, 341, 881, 444, 384, 718, 782, 677, 62, 237, 303, 368, 683, 656, 216, 395, 253, 706, 544, 261, 759, 883, 555, 319, 103, 479, 802, 708, 250, 472, 465, 79, 197, 468, 87, 89, 806, 592, 734, 820, 432, 797, 282, 207, 262, 975, 993, 388, 578, 42, 190, 198, 162, 734, 485, 185, 399, 628, 763, 241, 99, 271, 201, 121, 975, 985, 744, 498, 909, 947, 9, 647, 921, 74, 947, 564, 456, 644, 818, 984, 339, 968, 215, 618, 816, 890, 985, 943]
Tree:
None

Fitness:
2.0759604671918916