Generation:
1000

Phenotype:
+9.9E-2*KS(x[:,0], 5.6E-0,1.2E-9,None)-7.6E-2*KP(x[:,0], 4.7E-1,6.9E-3,3)

Genotype:
[593, 564, 926, 699, 205, 782, 760, 236, 505, 670, 981, 402, 617, 119, 217, 2, 517, 879, 456, 943, 622, 507, 497, 155, 411, 41, 359, 501, 343, 168, 206, 225, 635, 186, 148, 243, 222, 445, 164, 452, 652, 816, 56, 515, 218, 839, 306, 15, 918, 826, 628, 201, 490, 189, 709, 38, 446, 545, 164, 446, 939, 982, 350, 407, 974, 914, 821, 436, 4, 77, 32, 374, 605, 746, 115, 269, 336, 177, 637, 114, 653, 344, 66, 884, 750, 823, 165, 598, 277, 735]
Tree:
None

Fitness:
2.042915195851954