Generation:
1000

Phenotype:
+5.6E-6*KS(x[:,0], 6.9E+3,4.9E-6,None)+2.8E+7*KS(x[:,0], 2.0E-8,2.0E-7,None)

Genotype:
[473, 198, 94, 936, 307, 276, 203, 219, 252, 573, 93, 799, 387, 176, 949, 598, 658, 802, 218, 340, 507, 532, 290, 35, 428, 1, 400, 367, 377, 717, 806, 457, 961, 530, 259, 112, 465, 118, 451, 680, 940, 383, 796, 350, 637, 356, 254, 88, 376, 856, 92, 530, 599, 906, 243, 465, 782, 852, 503, 741, 213, 927, 73, 160, 614, 161, 875, 496, 435, 84, 360, 488, 427, 728, 111, 471, 310, 560, 323, 445, 397, 665, 434, 454, 153, 282, 506, 373, 586, 205, 476, 965, 512, 150, 949, 414, 443, 795, 727, 595, 682, 100, 606, 29, 233, 965, 123, 358, 479, 19, 378, 624, 258, 726, 770, 997, 653, 703, 367, 176, 561, 905, 168, 201, 375, 876, 691, 164, 453, 25, 513, 439, 920, 246, 887]
Tree:
None

Fitness:
51.522379423872465