Generation:
1000

Phenotype:
+9.9E-0*KS(x[:,0], 6.9E-1,9.9E-4,None)+6.5E-8*KP(x[:,0], 1.5E-2,4.6E+1,0)+3.1E-0*KG(x[:,0], 4.1E-2,9.9E-3,None)

Genotype:
[563, 456, 152, 469, 19, 500, 536, 339, 821, 381, 647, 429, 529, 254, 462, 333, 46, 239, 715, 49, 618, 297, 835, 55, 662, 129, 216, 36, 431, 840, 906, 662, 200, 221, 877, 340, 579, 81, 457, 512, 233, 909, 177, 33, 437, 432, 618, 569, 289, 801, 409, 23, 722, 339, 124, 830, 99, 390, 927, 483, 265, 690, 653, 581, 263, 464, 929, 991, 889, 449, 276, 579, 580, 106, 590, 801, 873, 835, 572, 60, 348, 322, 901, 264, 928, 844, 320, 241, 582, 147, 295, 381, 863, 436, 569, 610, 754, 465, 861, 196, 967, 915, 707, 577, 451, 80, 826, 613, 284, 236, 604, 918, 51, 964, 41, 402, 39, 890, 18, 808, 797, 90, 402, 42, 92, 471, 410, 865, 986, 730, 777, 722, 676, 76, 161, 770, 280, 614, 870, 587, 452, 301, 72, 594, 918, 718, 735, 440, 496, 354, 995, 368, 932, 582, 844, 504, 607, 251, 800, 192, 140, 161, 416, 779, 206, 669, 753, 992, 902, 562, 110, 409, 666, 430, 196, 75, 847, 543, 554, 911]
Tree:
None

Fitness:
12.062765253826896