Generation:
1000

Phenotype:
+9.8E-0*KS(x[:,0], 6.4E-1,9.0E-2,None)+8.8E-1*KS(x[:,0], 3.2E+8,8.6E+8,None)+8.4E-6*KP(x[:,0], 7.4E-0,3.9E+4,1)+8.9E-1*KS(x[:,0], 4.8E+3,8.4E+4,None)

Genotype:
[383, 86, 89, 268, 759, 220, 932, 614, 889, 911, 377, 680, 603, 62, 168, 923, 28, 754, 258, 895, 161, 479, 682, 880, 38, 952, 976, 164, 668, 169, 735, 510, 538, 114, 511, 356, 420, 124, 941, 0, 254, 329, 290, 944, 306, 832, 638, 817, 649, 871, 261, 516, 888, 142, 73, 349, 284, 230, 654, 560, 315, 272, 661, 465, 681, 337, 416]
Tree:
None

Fitness:
12.565756488761076