Generation:
1000

Phenotype:
+9.9E+0*KS(x[:,0], 6.7E-1,2.1E-1,None)+1.8E-0*KP(x[:,0], 1.1E+3,7.3E+0,0)

Genotype:
[761, 314, 557, 179, 946, 30, 32, 547, 215, 301, 937, 11, 851, 941, 379, 686, 246, 567, 378, 743, 680, 747, 361, 12, 293, 627, 603, 832, 770, 780, 850, 436, 246, 673, 707, 163, 884, 693, 12, 551, 326, 393, 31, 48, 647, 857, 650, 656, 400, 148, 800, 524, 858, 222, 46, 665, 749, 940, 735, 594, 170, 703, 623, 760, 601, 142, 523, 307, 307, 974, 168, 716, 266, 668, 925, 913, 322, 616, 845, 504, 159, 7, 774, 308, 234, 285, 1000, 683, 996, 377]
Tree:
None

Fitness:
12.657929582350274