Generation:
1000

Phenotype:
+9.4E+0*KS(x[:,0], 8.0E-1,6.9E-2,None)+2.7E-0*KG(x[:,0], 9.4E-3,2.0E-8,None)

Genotype:
[851, 556, 215, 584, 112, 540, 763, 330, 693, 341, 743, 259, 305, 702, 279, 354, 526, 172, 387, 285, 560, 170, 494, 897, 253, 955, 730, 543, 528, 627, 421, 387, 194, 487, 565, 675, 253, 483, 242, 524, 352, 789, 774, 921, 436, 717, 548, 443, 544, 359, 86, 387, 759, 419, 17, 235, 981, 875, 983, 614, 665, 100, 672, 51, 777, 385, 78, 452, 787, 784, 329, 1, 933, 194, 504, 107, 12, 71, 389, 79, 491, 508, 836, 151, 360, 965, 451, 454, 771, 638]
Tree:
None

Fitness:
12.510521458085542