Generation:
1000

Phenotype:
+9.9E-2*KS(x[:,0], 6.1E+0,3.0E-9,None)-6.1E+0*KP(x[:,0], 5.7E-2,1.7E-2,2)

Genotype:
[269, 678, 35, 859, 427, 482, 788, 451, 814, 210, 452, 510, 75, 839, 163, 698, 301, 563, 461, 954, 320, 688, 217, 233, 482, 27, 147, 235, 952, 637, 611, 168, 374, 228, 752, 463, 259, 306, 168, 938, 631, 405, 262, 455, 261, 757, 499, 717, 670, 955, 620, 400, 545, 424, 577, 4, 415, 809, 539, 195, 680, 247, 765, 314, 872, 470, 74, 108, 802, 501, 840, 653, 270, 527, 717, 199, 47, 270, 496, 18, 505, 612, 809, 676, 2, 497, 48, 258, 82, 569, 918, 956, 891, 605, 547, 845, 233, 37, 918, 871, 425, 667, 867, 164, 479, 133, 714, 465, 977, 407, 189, 603, 775, 332, 842, 493, 291, 507, 536, 719, 293, 102, 929, 728, 431, 433, 17, 878, 651, 286, 477, 233, 168, 281, 306]
Tree:
None

Fitness:
2.0488811135243603