Generation:
1000

Phenotype:
+1.2E+1*KS(x[:,0], 4.3E-1,2.3E-1,None)+6.7E-0*KG(x[:,0], 3.0E+0,2.0E+0,None)+9.9E-1*KG(x[:,0], 6.5E+0,2.0E-9,None)

Genotype:
[695, 736, 225, 742, 650, 491, 696, 333, 377, 221, 982, 203, 217, 851, 887, 961, 414, 113, 257, 391, 120, 11, 180, 606, 330, 910, 190, 904, 780, 230, 174, 454, 944, 619, 435, 851, 878, 265, 356, 150, 793, 630, 603, 179, 615, 448, 307, 193, 908, 168, 830, 956, 23, 102, 637, 553, 955, 603, 924, 897, 488, 210, 993, 795, 353, 701, 271]
Tree:
None

Fitness:
3.1302424437826564