Generation:
1000

Phenotype:
+9.9E-1*KG(x[:,0], 3.1E-0,9.9E-1,None)-6.6E-2*KS(x[:,0], 3.9E+0,4.0E+0,None)+2.9E+7*KP(x[:,0], 8.9E-5,9.6E-8,4)

Genotype:
[871, 28, 512, 139, 535, 271, 524, 331, 727, 950, 890, 579, 301, 181, 599, 35, 411, 626, 256, 973, 62, 974, 249, 938, 120, 336, 260, 44, 760, 638, 170, 552, 1, 709, 304, 667, 853, 389, 913, 105, 107, 46, 717, 208, 214, 580, 545, 40, 679, 960, 294, 234, 107, 61, 953, 841, 829, 969, 697, 648, 703, 92, 400, 635, 885, 326, 826, 596, 468, 725, 10, 955, 707, 240, 100, 21, 313, 254, 748, 443, 267, 556, 793, 24, 90, 37, 499, 627, 355, 104]
Tree:
None

Fitness:
0.04544604549544784