Generation:
1000

Phenotype:
-7.7E-2*KG(x[:,0], 8.5E-0,8.2E-8,None)-6.8E-2*KP(x[:,0], 1.1E-0,9.6E+4,0)+1.1E-0*KG(x[:,0], 3.2E+0,9.9E-1,None)

Genotype:
[391, 487, 348, 927, 641, 132, 853, 895, 841, 340, 745, 482, 919, 858, 300, 273, 45, 86, 998, 605, 822, 909, 261, 733, 250, 881, 886, 284, 894, 410, 246, 648, 513, 331, 83, 70, 245, 232, 294, 310, 476, 519, 589, 201, 257, 321, 346, 203, 463, 5, 699, 127, 490, 808, 173, 458, 885, 876, 302, 108, 872, 397, 338, 453, 480, 771, 169, 113, 902, 434, 40, 92, 869, 642, 155, 269, 450, 849, 295, 204, 668, 58, 878, 895, 209, 223, 756, 642, 37, 246, 246, 76, 897, 433, 815, 318, 690, 981, 89, 494, 190, 757, 561, 157, 138, 806, 266, 729, 217, 17, 103, 740, 404, 561, 320, 136, 212, 584, 173, 180, 986, 142, 288, 926, 816, 470, 973, 574, 497, 431, 868, 418, 565, 807, 73, 350, 962, 661, 980, 522, 318, 840, 394, 356, 69, 777, 879, 160, 27, 189, 951, 599, 801, 934, 581, 503, 176, 333, 54, 526, 1000, 869, 711, 345, 872, 206, 817, 274, 506, 993, 730, 769, 41, 259, 19, 507, 587, 969, 949, 922]
Tree:
None

Fitness:
0.024378626464330564