Generation:
1000

Phenotype:
-4.9E-2*KG(x[:,0], 8.8E-3,4.7E-3,None)+9.9E-1*KG(x[:,0], 3.0E-0,9.7E-1,None)

Genotype:
[115, 919, 939, 969, 671, 832, 592, 828, 47, 383, 309, 57, 785, 223, 100, 780, 700, 323, 89, 179, 761, 65, 200, 631, 410, 62, 817, 521, 691, 143, 887, 243, 947, 869, 692, 124, 270, 325, 177, 698, 965, 888, 997, 448, 332, 345, 950, 973, 198, 429, 347, 455, 762, 644, 45, 903, 217, 750, 940, 294, 602, 115, 880, 203, 832, 65, 503, 672, 84, 491, 591, 524, 334, 842, 391, 866, 565, 744, 804, 379, 161, 721, 249, 882, 816, 494, 101, 643, 981, 78]
Tree:
None

Fitness:
0.12029218474663841