Generation:
1000

Phenotype:
+9.9E-1*KG(x[:,0], 3.2E-0,9.9E-1,None)-5.1E-2*KG(x[:,0], 7.2E-8,6.6E-7,None)+9.1E-3*KS(x[:,0], 6.9E+5,2.8E-9,None)

Genotype:
[415, 698, 629, 989, 837, 951, 83, 212, 475, 380, 251, 259, 611, 651, 812, 265, 319, 886, 221, 717, 552, 762, 542, 775, 268, 50, 136, 63, 377, 331, 58, 762, 98, 491, 631, 413, 446, 989, 826, 155, 973, 838, 399, 329, 947, 104, 911, 344, 476, 297, 490, 259, 683, 303, 264, 977, 284, 943, 583, 176, 654, 648, 356, 408, 908, 28, 78]
Tree:
None

Fitness:
0.04715876096057302