Generation:
1000

Phenotype:
+9.9E-2*KS(x[:,0], 5.8E+0,2.9E-9,None)-2.3E-3*KP(x[:,0], 7.7E-1,7.8E-1,4)+9.9E-5*KG(x[:,0], 9.3E-3,8.3E-3,None)

Genotype:
[263, 946, 620, 289, 461, 52, 49, 908, 274, 850, 19, 249, 127, 719, 54, 219, 821, 100, 783, 531, 783, 654, 307, 719, 461, 654, 358, 281, 811, 404, 78, 198, 332, 379, 529, 935, 881, 633, 335, 263, 817, 463, 327, 633, 936, 47, 111, 791, 566, 885, 520, 523, 955, 460, 670, 243, 792, 67, 661, 633, 954, 737, 973, 61, 470, 998, 903]
Tree:
None

Fitness:
2.0558429885928837