Generation:
1000

Phenotype:
+9.7E-0*KS(x[:,0], 7.1E-1,1.3E-1,None)+2.2E+0*KG(x[:,0], 3.3E-4,1.2E-6,None)

Genotype:
[791, 36, 611, 997, 405, 810, 420, 231, 299, 481, 864, 43, 763, 241, 382, 336, 998, 730, 652, 286, 40, 803, 193, 543, 804, 693, 852, 203, 336, 911, 145, 90, 363, 254, 208, 871, 836, 523, 957, 35, 880, 369, 404, 252, 972, 667, 979, 857, 306, 76, 409, 595, 718, 135, 997, 110, 742, 96, 566, 843, 479, 229, 70, 832, 873, 376, 568, 393, 421, 522, 198, 112, 376, 776, 485, 690, 752, 351, 148, 959, 194, 786, 637, 275, 426, 133, 7, 983, 911, 502, 437, 361, 396, 745, 801, 56, 402, 917, 3, 299, 164, 923, 734, 194, 109, 300, 235, 502, 555, 149, 23, 987, 881, 62, 535, 667, 489, 766, 924, 738, 682, 205, 180, 252, 209, 390, 426, 985, 290, 678, 507, 269, 264, 89, 573, 448, 287, 598, 423, 966, 760, 960, 292, 607, 33, 502, 888, 228, 99, 594, 626, 290, 950, 362, 213, 77, 383, 252, 465, 676, 797, 137, 968, 820, 156, 590, 474, 920, 1000, 364, 928, 995, 596, 206, 367, 874, 789, 502, 59, 116]
Tree:
None

Fitness:
12.464445137397684