Generation:
1000

Phenotype:
+9.9E-1*KG(x[:,0], 3.1E-0,9.9E-1,None)-6.1E-2*KG(x[:,0], 9.7E-4,2.7E-0,None)

Genotype:
[115, 306, 791, 199, 251, 331, 290, 521, 707, 280, 26, 929, 401, 441, 255, 900, 599, 905, 961, 781, 132, 251, 87, 565, 454, 190, 627, 567, 190, 407, 134, 4, 795, 131, 800, 972, 404, 984, 450, 937, 521, 960, 788, 621, 203, 863, 260, 230, 664, 733, 688, 740, 179, 634, 937, 583, 990, 321, 41, 91, 381, 475, 500, 227, 654, 315, 180, 951, 5, 995, 922, 294, 547, 343, 571, 336, 822, 918, 683, 919, 889, 696, 285, 783, 631, 241, 656, 904, 649, 956, 688, 553, 147, 599, 419, 65, 327, 412, 329, 562, 771, 968, 18, 667, 914, 483, 969, 125, 275, 475, 590, 42]
Tree:
None

Fitness:
0.04758851700366569