Generation:
1000

Phenotype:
+9.6E+0*KS(x[:,0], 7.8E-1,7.9E-5,None)+3.0E-0*KS(x[:,0], 8.9E-2,8.5E+8,None)

Genotype:
[887, 276, 629, 876, 330, 270, 681, 668, 223, 231, 492, 29, 633, 65, 974, 790, 332, 164, 120, 823, 100, 799, 419, 961, 482, 979, 885, 774, 258, 698, 723, 431, 340, 339, 830, 704, 759, 839, 367, 274, 123, 421, 382, 858, 193, 166, 35, 783, 740, 364, 498, 59, 281, 597, 808, 974, 803, 564, 716, 855, 42, 924, 574, 898, 188, 739, 521, 463, 648, 157, 955, 419, 954, 60, 169, 346, 723, 675, 2, 500, 234, 99, 116, 175, 668, 743, 345, 198, 617, 386, 694, 681, 265, 445, 788, 333, 886, 102, 760, 242, 665, 18, 236, 696, 198, 131, 585, 769, 360, 127, 983, 968, 280, 966, 8, 856, 41, 975, 431, 248, 360, 590, 409, 874, 36, 994, 451, 692, 284, 502, 722, 774, 704, 735, 438, 358, 220, 620, 932, 478, 156, 29, 974, 810, 377, 516, 367, 618, 532, 258, 424, 102, 74, 908, 588, 918, 509]
Tree:
None

Fitness:
13.307924820627122