Generation:
1000

Phenotype:
+4.9E-5*KS(x[:,0], 4.0E-2,4.5E-0,None)-3.7E-3*KS(x[:,0], 2.2E+5,3.2E+0,None)

Genotype:
[977, 780, 804, 129, 675, 675, 696, 640, 115, 122, 930, 395, 417, 880, 467, 184, 423, 974, 327, 911, 213, 109, 862, 600, 245, 326, 502, 52, 380, 777, 309, 846, 155, 105, 164, 638, 952, 843, 220, 859, 375, 892, 98, 478, 699, 57, 953, 542, 444, 552, 315, 64, 176, 509, 562, 342, 17, 695, 455, 895, 293, 728, 346, 645, 868, 878, 778, 684, 866, 178, 402, 350, 318, 130, 411, 666, 809, 964, 787, 347, 355, 136, 915, 521, 105, 887, 724, 893, 150, 333]
Tree:
None

Fitness:
2.4643123898678745