Generation:
1000

Phenotype:
+9.9E+0*KS(x[:,0], 6.6E-1,4.0E-1,None)

Genotype:
[40, 216, 890, 809, 646, 80, 689, 366, 403, 21, 786, 180, 527, 701, 280, 390, 542, 430, 981, 492, 525, 175, 514, 995, 550, 433, 332, 714, 809, 475, 173, 817, 629, 380, 119, 772, 374, 256, 326, 445, 340, 674, 80, 136, 72, 418, 768, 991, 125, 639, 153, 8, 989, 826, 357, 985, 775, 96, 860, 701, 675, 216, 845, 265, 280, 191, 90, 684, 242, 715, 12, 200, 274, 331, 439, 827, 437, 51, 686, 246, 882, 947, 742, 91, 133, 515, 73, 707, 515, 270]
Tree:
None

Fitness:
18.0502401757406