Generation:
1000

Phenotype:
+5.0E-2*KS(x[:,0], 6.8E+1,1.0E-9,None)

Genotype:
[244, 966, 328, 560, 767, 592, 473, 888, 598, 741, 873, 440, 551, 599, 730, 621, 199, 973, 405, 874, 329, 440, 460, 122, 933, 392, 381, 850, 86, 956, 477, 755, 545, 238, 277, 878, 186, 235, 516, 849, 834, 761, 16, 203, 167, 996, 28, 494, 609, 255, 90, 91, 580, 187, 393, 871, 352, 94, 313, 689, 556, 156, 382, 542, 351, 750, 303, 875, 823, 367, 210, 789, 163, 136, 241, 714, 292, 805, 689, 989, 743, 846, 292, 892, 241, 187, 614, 317, 285, 6]
Tree:
None

Fitness:
2.2868615606190232