Generation:
1000

Phenotype:
-9.1E-3*KS(x[:,0], 5.6E+0,3.5E+0,None)-6.2E-2*KS(x[:,0], 5.1E-1,3.8E+5,None)+9.9E-1*KG(x[:,0], 3.1E+0,9.9E-1,None)

Genotype:
[761, 29, 143, 981, 585, 373, 391, 126, 330, 260, 290, 35, 836, 470, 197, 551, 513, 878, 772, 231, 92, 607, 151, 197, 91, 281, 118, 906, 895, 552, 798, 262, 710, 729, 637, 41, 443, 11, 910, 420, 53, 439, 23, 941, 653, 634, 622, 582, 10, 386, 328, 432, 330, 461, 114, 157, 647, 34, 285, 928, 481, 799, 232, 712, 540, 7, 10, 998, 358, 121, 572, 690, 913, 15, 762, 943, 88, 44, 223, 614, 549, 942, 140, 819, 699, 371, 704, 679, 993, 80, 389, 69, 77, 253, 608, 87, 421, 980, 857, 517, 839, 943, 387, 336, 676, 643, 75, 430, 890, 812, 2, 734, 577, 384, 492, 63, 539, 543, 155, 113, 568, 593, 258, 802, 550, 847, 248, 542, 9, 483, 414, 14, 966, 915, 77]
Tree:
None

Fitness:
0.046952662560379804