Generation:
1000

Phenotype:
+7.9E-2*KS(x[:,0], 7.7E-0,2.4E-9,None)-9.6E-1*KS(x[:,0], 5.0E-2,1.1E-9,None)

Genotype:
[59, 434, 717, 959, 513, 782, 762, 597, 665, 130, 451, 374, 147, 299, 492, 394, 367, 296, 736, 27, 231, 94, 480, 335, 412, 540, 931, 43, 739, 301, 787, 636, 137, 641, 80, 137, 761, 81, 302, 516, 167, 880, 877, 0, 470, 840, 268, 916, 499, 125, 712, 524, 106, 608, 302, 517, 499, 159, 194, 55, 390, 953, 670, 25, 727, 6, 906, 749, 441, 475, 610, 630, 188, 663, 222, 143, 144, 30, 464, 978, 631, 479, 123, 451, 164, 277, 81, 691, 636, 512]
Tree:
None

Fitness:
2.1242848115143986