Generation:
1000

Phenotype:
-5.0E-2*KS(x[:,0], 9.7E-1,3.3E-0,None)+9.9E-1*KG(x[:,0], 3.2E-0,9.9E-1,None)

Genotype:
[71, 189, 103, 770, 387, 62, 233, 767, 135, 231, 470, 3, 981, 1000, 494, 696, 584, 53, 819, 765, 331, 425, 202, 333, 620, 782, 439, 395, 821, 921, 236, 15, 657, 317, 20, 840, 373, 477, 715, 918, 776, 764, 871, 52, 25, 781, 816, 852, 612, 424, 696, 343, 59, 536, 69, 610, 917, 421, 866, 676, 298, 160, 413, 608, 792, 288, 370, 1, 730, 154, 169, 163, 205, 769, 265, 128, 874, 505, 781, 738, 451, 384, 886, 83, 226, 716, 147, 972, 601, 466, 274, 956, 376, 418, 526, 326, 839, 612, 554, 378, 319, 531, 609, 420, 657, 274, 747, 420, 990, 564, 363, 597, 894, 355, 17, 483, 633, 167, 574, 354, 158, 636, 854, 763, 679, 43, 67, 327, 435, 795, 899, 45, 391, 123, 588, 575, 523, 23, 964, 604, 796, 844, 945, 699, 351, 621, 527, 977, 721, 809, 674, 430, 421, 207, 48, 675, 65, 303, 986, 954, 274, 740, 15, 679, 733, 709, 530, 329, 448, 515, 219, 1000, 845, 886, 832, 682, 864, 691, 521, 461]
Tree:
None

Fitness:
0.04771745180539058