Generation:
1000

Phenotype:
-1.9E-9*KS(x[:,0], 1.0E-6,3.4E-8,None)+3.8E-2*KS(x[:,0], 6.5E+8,2.0E+5,None)

Genotype:
[923, 109, 342, 49, 211, 319, 180, 40, 411, 666, 560, 274, 929, 568, 324, 478, 516, 317, 88, 321, 312, 662, 395, 650, 38, 955, 670, 106, 265, 406, 305, 813, 40, 379, 244, 586, 683, 389, 103, 140, 137, 680, 918, 74, 213, 910, 934, 624, 80, 627, 287, 357, 577, 833, 535, 244, 478, 111, 249, 738, 229, 788, 783, 991, 757, 260, 599, 471, 467, 143, 107, 62, 825, 901, 35, 203, 885, 98, 208, 90, 886, 886, 785, 458, 720, 210, 802, 309, 791, 632, 206, 519, 931, 946, 698, 574, 577, 246, 78, 797, 381, 616, 936, 257, 972, 281, 613, 680, 343, 314, 184, 477, 398, 426, 68, 323, 316, 905, 486, 215, 468, 8, 87, 290, 467, 341, 998, 923, 312, 135, 256, 662, 166, 534, 119]
Tree:
None

Fitness:
2.3344146688098504