Generation:
1000

Phenotype:
+9.6E-0*KS(x[:,0], 7.2E-1,4.7E-2,None)+2.6E-0*KG(x[:,0], 9.9E-3,1.7E-5,None)

Genotype:
[425, 366, 719, 836, 411, 0, 843, 842, 87, 501, 264, 697, 599, 752, 788, 210, 832, 721, 746, 561, 450, 143, 99, 487, 513, 621, 707, 37, 395, 470, 91, 336, 341, 479, 186, 305, 475, 260, 522, 423, 479, 679, 490, 60, 421, 907, 29, 674, 364, 322, 151, 497, 421, 754, 210, 624, 776, 268, 234, 168, 157, 69, 976, 108, 568, 572, 352, 84, 784, 271, 575, 247, 20, 991, 209, 474, 609, 408, 153, 31, 730, 739, 164, 84, 953, 956, 532, 107, 808, 786, 38, 2, 856, 229, 619, 678, 951, 839, 655, 892, 217, 342, 445, 841, 999, 704, 104, 620, 7, 834, 451, 88, 867, 73, 854, 328, 431, 380, 490, 807, 227, 169, 429, 851, 482, 923, 699, 528, 458, 924, 759, 492, 804, 911, 157]
Tree:
None

Fitness:
12.360568694954324