Generation:
1000

Phenotype:
+9.9E-1*KG(x[:,0], 3.0E+0,9.9E-1,None)-5.3E-2*KP(x[:,0], 5.4E-2,5.5E-6,0)-9.9E-2*KG(x[:,0], 1.9E+1,5.0E-9,None)

Genotype:
[799, 582, 548, 789, 59, 831, 704, 760, 708, 980, 134, 769, 303, 381, 778, 141, 131, 805, 513, 897, 532, 706, 834, 257, 192, 391, 435, 839, 976, 1000, 528, 491, 665, 479, 189, 202, 450, 939, 394, 581, 643, 100, 691, 439, 144, 290, 0, 547, 469, 516, 695, 226, 238, 287, 315, 498, 611, 245, 842, 923, 867, 227, 50, 884, 327, 550, 865, 830, 962, 611, 506, 843, 989, 12, 811, 875, 873, 448, 419, 754, 814, 15, 534, 934, 46, 917, 838, 253, 846, 246, 715, 834, 727, 979, 749, 440, 961, 506, 552, 691, 92, 429, 398, 671, 497, 880, 338, 748, 898, 361, 772, 109, 25, 94, 726, 414, 283, 400, 713, 424, 248, 432, 614, 448, 679, 271, 653, 538, 40, 561, 221, 566, 431, 34, 663, 826, 602, 942, 140, 42, 813, 489, 734, 996, 705, 543, 971, 129, 806, 923, 113, 913, 322, 585, 110, 472, 197]
Tree:
None

Fitness:
0.03838547199552205