Generation:
1000

Phenotype:
+9.8E-2*KS(x[:,0], 2.8E+4,6.3E-8,None)-4.8E-5*KP(x[:,0], 7.5E+2,3.2E-0,1)-9.1E-6*KP(x[:,0], 5.5E-0,5.4E-4,3)

Genotype:
[317, 318, 305, 128, 989, 772, 847, 448, 558, 334, 518, 893, 567, 88, 86, 513, 839, 498, 998, 721, 565, 834, 685, 456, 392, 758, 702, 897, 290, 101, 524, 341, 125, 501, 867, 536, 94, 545, 21, 240, 985, 534, 905, 184, 383, 213, 143, 726, 707, 3, 220, 526, 787, 750, 245, 436, 655, 857, 863, 937, 671, 679, 103, 124, 650, 827, 54, 764, 495, 275, 479, 514, 629, 678, 731, 46, 738, 810, 690, 903, 951, 345, 946, 832, 731, 462, 611, 354, 921, 804, 959, 526, 416, 850, 365, 109, 25, 976, 920, 332, 358, 387, 525, 186, 720, 236, 881, 547, 791, 242, 418, 944, 489, 858, 917, 491, 514, 54, 236, 203, 614, 559, 570, 220, 833, 930, 811, 177, 909, 145, 459, 526, 477, 180, 482, 687, 99, 966, 883, 566, 783, 152, 815, 663, 930, 554, 27, 799, 822, 675, 634, 284, 30, 515, 856, 602, 183, 538, 767, 702, 623, 701, 713, 162, 998, 637, 36, 112, 669, 838, 48, 536, 955, 551, 128, 919, 113, 902, 538, 394]
Tree:
None

Fitness:
2.1664602973710974