Generation:
1000

Phenotype:
+9.9E+0*KS(x[:,0], 7.5E-1,9.0E-9,None)+3.8E-0*KG(x[:,0], 6.7E-2,9.5E-1,None)-7.7E-1*KS(x[:,0], 2.8E+8,6.3E-9,None)

Genotype:
[839, 398, 179, 399, 82, 100, 294, 385, 827, 141, 314, 350, 469, 529, 475, 727, 910, 254, 378, 31, 110, 32, 447, 441, 32, 665, 555, 991, 741, 51, 868, 597, 888, 567, 133, 201, 604, 168, 428, 608, 356, 633, 993, 9, 796, 668, 7, 480, 508, 309, 232, 412, 196, 485, 476, 145, 98, 707, 912, 260, 256, 819, 697, 9, 717, 765, 558]
Tree:
None

Fitness:
11.249603154763875