Generation:
1000

Phenotype:
+9.9E+0*KS(x[:,0], 6.7E-1,4.1E-1,None)

Genotype:
[766, 358, 737, 889, 340, 100, 428, 907, 299, 231, 309, 601, 279, 411, 662, 630, 675, 171, 812, 75, 856, 791, 8, 93, 656, 932, 810, 92, 405, 713, 86, 173, 406, 178, 381, 291, 492, 646, 854, 38, 439, 587, 80, 628, 108, 638, 340, 747, 91, 90, 401, 619, 197, 601, 617, 762, 422, 236, 476, 180, 914, 749, 247, 458, 888, 480, 775, 7, 80, 483, 870, 780, 864, 757, 287, 348, 284, 546, 266, 43, 215, 721, 187, 307, 836, 703, 678, 383, 229, 146, 172, 173, 697, 289, 797, 55, 992, 953, 865, 400, 424, 752, 946, 938, 322, 465, 749, 76, 18, 528, 160, 713, 842, 423, 234, 688, 145, 251, 29, 934, 170, 682, 768, 858, 528, 223, 958, 759, 529, 278, 892, 238, 694, 511, 199, 901, 340, 620, 486, 631, 527, 948, 208, 0, 716, 685, 159, 88, 23, 198, 626, 259, 337, 155, 145, 842, 779]
Tree:
None

Fitness:
18.05756404949771