Generation:
1000

Phenotype:
+8.9E-0*KS(x[:,0], 7.3E-1,1.7E-2,None)+3.0E+0*KS(x[:,0], 8.1E-1,2.3E+0,None)

Genotype:
[809, 516, 223, 699, 641, 950, 123, 223, 137, 211, 144, 227, 209, 102, 998, 802, 626, 344, 510, 500, 530, 7, 541, 495, 251, 685, 303, 222, 800, 201, 405, 299, 596, 141, 821, 40, 586, 748, 307, 14, 487, 76, 44, 562, 297, 860, 819, 162, 787, 968, 281, 965, 428, 402, 154, 901, 520, 245, 658, 151, 585, 790, 841, 237, 812, 681, 149, 269, 240, 635, 495, 279, 573, 482, 181, 634, 513, 178, 462, 23, 556, 916, 952, 582, 618, 9, 727, 142, 349, 154]
Tree:
None

Fitness:
12.603603954735476