Generation:
1000

Phenotype:
+4.5E-1*KP(x[:,0], 6.5E-2,6.2E+0,1)-9.9E-1*KS(x[:,0], 1.0E+1,1.4E-8,None)+9.8E-0*KS(x[:,0], 1.0E+0,9.9E-2,None)+6.5E-6*KS(x[:,0], 2.7E+6,3.3E+7,None)

Genotype:
[717, 292, 813, 275, 805, 191, 230, 725, 493, 762, 824, 562, 764, 890, 181, 167, 313, 71, 109, 703, 431, 0, 200, 136, 801, 522, 574, 243, 968, 593, 845, 622, 278, 598, 769, 50, 396, 320, 428, 810, 620, 779, 827, 962, 569, 310, 680, 41, 305, 277, 796, 451, 67, 480, 786, 200, 883, 736, 647, 609, 286, 44, 418, 762, 662, 200, 95, 653, 907, 48, 434, 798, 859, 607, 82, 167, 227, 969, 652, 190, 927, 363, 520, 79, 692, 207, 190, 108, 959, 725]
Tree:
None

Fitness:
12.332701029790428