Generation:
1000

Phenotype:
+9.3E-2*KS(x[:,0], 6.8E+0,5.1E-7,None)+8.7E-4*KS(x[:,0], 5.8E+6,7.5E+2,None)-6.4E-7*KP(x[:,0], 8.5E+4,5.1E-5,1)

Genotype:
[473, 224, 350, 283, 977, 462, 68, 588, 56, 410, 832, 421, 793, 447, 244, 317, 814, 61, 677, 241, 344, 292, 548, 862, 6, 528, 345, 612, 752, 669, 14, 543, 68, 344, 685, 37, 601, 935, 896, 174, 139, 381, 99, 405, 876, 716, 362, 469, 732, 699, 899, 980, 587, 248, 636, 821, 0, 158, 455, 287, 257, 200, 747, 987, 951, 88, 251]
Tree:
None

Fitness:
2.09653689840778