Generation:
1000

Phenotype:
+2.4E+0*KG(x[:,0], 9.8E-3,2.5E-2,None)+9.6E+0*KS(x[:,0], 7.1E-1,7.4E-2,None)

Genotype:
[343, 174, 757, 704, 618, 590, 566, 78, 969, 493, 217, 705, 353, 212, 759, 346, 494, 215, 806, 658, 120, 600, 601, 581, 191, 987, 804, 169, 752, 966, 574, 791, 657, 188, 928, 974, 736, 871, 381, 630, 758, 768, 394, 723, 353, 397, 164, 12, 364, 731, 745, 23, 548, 11, 207, 822, 97, 264, 803, 74, 457, 348, 869, 811, 701, 115, 106, 747, 898, 633, 38, 226, 115, 841, 804, 651, 194, 807, 716, 523, 409, 429, 322, 695, 735, 785, 84, 102, 930, 384, 253, 835, 550, 205, 899, 768, 536, 79, 314, 798, 277, 835, 718, 54, 19, 202, 787, 970, 965, 683, 201, 300, 724, 195, 396, 89, 335, 987, 69, 450, 768, 213, 22, 600, 187, 938, 58, 971, 115, 121, 321, 408, 354, 521, 402, 885, 464, 187, 340, 648, 296, 404, 544, 874, 639, 743, 451, 387, 63, 656, 936, 737, 5, 23, 32, 588, 708]
Tree:
None

Fitness:
12.327821325941015