Generation:
1000

Phenotype:
-6.9E+4*KP(x[:,0], 8.4E-4,1.3E-9,3)+3.4E-4*KS(x[:,0], 3.6E+8,1.2E-9,None)

Genotype:
[297, 573, 113, 839, 688, 884, 367, 24, 381, 944, 396, 473, 291, 509, 438, 208, 530, 434, 114, 879, 424, 551, 926, 908, 558, 486, 122, 891, 279, 202, 432, 434, 894, 185, 126, 426, 192, 915, 138, 886, 43, 395, 394, 29, 731, 778, 346, 156, 197, 968, 265, 655, 548, 82, 366, 547, 259, 22, 666, 359, 761, 457, 929, 486, 732, 592, 772, 241, 597, 444, 493, 580, 686, 509, 419, 414, 900, 764, 167, 796, 926, 121, 441, 124, 284, 654, 504, 393, 275, 672]
Tree:
None

Fitness:
2.470839848753222