Generation:
1000

Phenotype:
+9.9E-1*KG(x[:,0], 3.2E-0,9.9E-1,None)-5.9E-2*KP(x[:,0], 6.0E-8,5.8E+5,0)+9.7E-3*KS(x[:,0], 8.3E+7,1.2E-9,None)+1.6E-4*KS(x[:,0], 5.6E+2,8.7E-9,None)

Genotype:
[883, 910, 179, 69, 673, 361, 767, 452, 757, 60, 395, 179, 469, 81, 58, 651, 129, 418, 279, 129, 932, 923, 740, 339, 168, 733, 288, 220, 395, 370, 239, 48, 152, 227, 187, 703, 934, 853, 928, 587, 270, 482, 699, 259, 351, 928, 700, 675, 816, 19, 944, 445, 996, 754, 602, 898, 907, 979, 839, 447, 970, 306, 971, 7, 723, 665, 962, 503, 802, 165, 925, 87, 419, 220, 648, 178, 145, 711, 29, 865, 112, 478, 827, 577, 612, 129, 679, 579, 546, 407, 447, 552, 515, 923, 113, 479, 993, 869, 318, 908, 551, 181, 683, 977, 66, 63, 175, 274, 292, 679, 727, 224, 146, 964, 828, 103, 793, 101, 681, 861, 801, 702, 427, 176, 256, 290, 415, 959, 116, 903, 673, 891, 863, 30, 282]
Tree:
None

Fitness:
0.04669260163768822