Generation:
1000

Phenotype:
+9.9E-1*KG(x[:,0], 3.1E-0,9.9E-1,None)-5.9E-2*KS(x[:,0], 3.2E+3,8.4E+8,None)

Genotype:
[19, 218, 161, 79, 381, 671, 65, 281, 945, 300, 881, 719, 325, 121, 88, 754, 745, 994, 709, 119, 22, 533, 32, 174, 963, 97, 94, 128, 648, 551, 313, 734, 953, 350, 260, 646, 764, 405, 821, 353, 881, 876, 302, 648, 546, 495, 659, 944, 653, 112, 352, 674, 985, 795, 908, 29, 183, 82, 37, 206, 890, 335, 131, 414, 514, 248, 602, 96, 880, 505, 72, 517, 143, 106, 266, 519, 432, 557, 482, 59, 240, 173, 863, 182, 996, 655, 834, 306, 955, 481]
Tree:
None

Fitness:
0.04762708499136509