Generation:
1000

Phenotype:
-6.0E-2*KG(x[:,0], 1.9E-2,1.0E-3,None)+9.9E-1*KG(x[:,0], 3.1E+0,9.9E-1,None)

Genotype:
[127, 261, 50, 120, 143, 702, 738, 699, 501, 292, 864, 880, 315, 903, 598, 738, 782, 728, 979, 717, 521, 650, 341, 8, 290, 467, 659, 583, 461, 444, 928, 488, 979, 483, 185, 278, 777, 429, 552, 742, 583, 755, 947, 724, 618, 827, 224, 938, 982, 762, 241, 948, 714, 785, 169, 299, 619, 422, 247, 346, 151, 853, 387, 536, 861, 630, 207, 198, 610, 315, 692, 56, 19, 50, 553, 658, 802, 11, 131, 856, 541, 42, 274, 686, 366, 380, 656, 750, 413, 684, 577, 552, 346, 394, 265, 627, 245, 460, 160, 820, 719, 436, 383, 612, 486, 694, 615, 243, 657, 379, 426, 788]
Tree:
None

Fitness:
0.047563680209924464