Generation:
1000

Phenotype:
-9.2E+2*KS(x[:,0], 9.7E-8,9.3E-5,None)+1.1E-0*KG(x[:,0], 3.1E-0,1.0E+0,None)

Genotype:
[743, 495, 818, 252, 56, 172, 737, 337, 211, 238, 179, 53, 997, 825, 640, 180, 630, 315, 21, 591, 520, 416, 191, 361, 500, 117, 830, 168, 90, 823, 209, 339, 127, 374, 323, 87, 959, 286, 621, 815, 685, 19, 591, 49, 961, 255, 200, 748, 953, 324, 399, 920, 266, 206, 566, 341, 433, 684, 214, 822, 34, 880, 726, 69, 531, 661, 890, 514, 40, 84, 545, 695, 230, 353, 22, 60, 517, 113, 465, 589, 853, 357, 571, 181, 612, 483, 635, 119, 176, 239, 597, 843, 421, 511, 911, 668, 650, 825, 196, 538, 493, 633, 983, 627, 645, 436, 483, 59, 890, 642, 734, 538]
Tree:
None

Fitness:
0.03064613689758504