Generation:
1000

Phenotype:
+9.3E-2*KS(x[:,0], 6.1E+0,4.1E-7,None)-7.3E-6*KP(x[:,0], 5.7E+1,5.1E-0,2)

Genotype:
[287, 34, 395, 933, 193, 472, 113, 631, 598, 650, 822, 731, 23, 437, 217, 668, 751, 654, 183, 507, 846, 355, 17, 884, 441, 193, 91, 277, 280, 27, 874, 459, 744, 71, 802, 998, 216, 134, 797, 271, 420, 794, 821, 477, 529, 407, 891, 254, 915, 899, 404, 266, 475, 696, 702, 800, 387, 205, 926, 465, 957, 977, 194, 612, 28, 769, 140, 804, 579, 177, 743, 460, 279, 962, 197, 252, 8, 98, 917, 155, 623, 162, 245, 93, 849, 286, 398, 727, 421, 717]
Tree:
None

Fitness:
2.0570354923006686