Generation:
1000

Phenotype:
+9.9E-1*KG(x[:,0], 3.2E+0,9.9E-1,None)-8.9E-2*KS(x[:,0], 3.9E+0,3.0E-0,None)+4.9E-2*KS(x[:,0], 3.0E-0,1.5E-9,None)

Genotype:
[547, 34, 800, 369, 659, 861, 398, 282, 264, 240, 530, 279, 229, 261, 58, 653, 95, 52, 799, 201, 42, 407, 779, 534, 870, 308, 110, 489, 60, 202, 4, 926, 435, 499, 673, 352, 11, 600, 393, 330, 828, 975, 283, 819, 793, 195, 461, 32, 486, 214, 46, 14, 545, 973, 874, 50, 323, 582, 804, 333, 329, 790, 745, 437, 624, 8, 136, 471, 456, 226, 92, 685, 45, 215, 938, 676, 526, 606, 951, 323, 842, 35, 75, 997, 523, 221, 506, 237, 387, 447, 17, 641, 921, 573, 218, 310, 444, 113, 940, 747, 280, 83, 335, 765, 198, 817, 236, 502, 416, 65, 612, 877]
Tree:
None

Fitness:
0.04005086008896642