Generation:
1000

Phenotype:
+1.1E+0*KG(x[:,0], 3.2E+0,9.9E-1,None)-8.7E-2*KS(x[:,0], 4.2E+0,4.1E-0,None)

Genotype:
[673, 432, 864, 401, 16, 280, 101, 622, 502, 900, 125, 469, 413, 221, 640, 130, 679, 142, 27, 401, 872, 750, 742, 932, 330, 696, 431, 517, 840, 188, 728, 104, 428, 121, 909, 740, 301, 737, 436, 903, 302, 36, 211, 531, 479, 719, 264, 748, 639, 38, 610, 92, 264, 794, 251, 177, 408, 54, 118, 497, 312, 74, 80, 316, 269, 844, 528, 777, 866, 508, 66, 499, 855, 472, 261, 666, 490, 493, 610, 373, 974, 735, 608, 622, 717, 635, 504, 8, 423, 294]
Tree:
None

Fitness:
0.027870522312369715