Generation:
1000

Phenotype:
+8.5E+3*KP(x[:,0], 4.7E-4,8.7E-6,1)

Genotype:
[500, 714, 997, 995, 486, 243, 660, 937, 505, 354, 466, 807, 307, 66, 771, 760, 828, 579, 350, 597, 312, 358, 41, 473, 91, 388, 689, 125, 153, 59, 489, 347, 89, 548, 740, 687, 578, 209, 7, 680, 851, 54, 367, 840, 625, 285, 246, 240, 127, 696, 265, 780, 276, 277, 577, 50, 993, 796, 765, 843, 625, 475, 862, 704, 212, 552, 134, 375, 807, 533, 510, 575, 960, 68, 967, 271, 102, 807, 583, 328, 736, 510, 971, 880, 804, 685, 416, 673, 175, 768]
Tree:
None

Fitness:
32.31742006599899