Generation:
1000

Phenotype:
+9.7E-0*KS(x[:,0], 6.9E-1,9.8E-2,None)+2.3E+0*KG(x[:,0], 8.7E-3,9.6E-3,None)

Genotype:
[401, 752, 872, 947, 697, 200, 86, 209, 21, 431, 917, 148, 125, 952, 755, 786, 584, 352, 123, 738, 30, 79, 567, 683, 953, 170, 396, 83, 813, 775, 511, 393, 27, 249, 87, 360, 698, 988, 50, 184, 192, 725, 989, 969, 21, 89, 939, 621, 606, 613, 67, 868, 286, 335, 779, 640, 425, 775, 754, 262, 825, 454, 371, 958, 685, 349, 255, 948, 384, 509, 964, 603, 474, 935, 852, 319, 918, 673, 652, 507, 259, 343, 858, 369, 871, 327, 486, 32, 697, 162]
Tree:
None

Fitness:
12.30694410873141