Generation:
1000

Phenotype:
+4.2E-1*KP(x[:,0], 7.8E-1,8.1E-0,1)+7.4E-0*KS(x[:,0], 8.8E-1,2.6E-9,None)

Genotype:
[411, 632, 255, 2, 331, 331, 114, 588, 139, 281, 61, 761, 703, 220, 521, 1000, 54, 33, 254, 21, 230, 646, 588, 939, 971, 910, 96, 95, 69, 819, 12, 648, 890, 142, 463, 424, 770, 333, 288, 534, 868, 397, 183, 629, 448, 528, 328, 912, 131, 983, 908, 26, 611, 468, 408, 627, 17, 148, 661, 893, 990, 947, 464, 707, 468, 604, 881, 230, 747, 115, 221, 990, 591, 25, 639, 909, 788, 138, 680, 127, 176, 283, 279, 535, 448, 381, 682, 636, 784, 715, 355, 441, 0, 596, 886, 971, 546, 737, 225, 822, 15, 292, 464, 459, 202, 231, 803, 528, 388, 248, 644, 73, 233, 140, 82, 14, 720, 401, 488, 678, 945, 623, 837, 153, 580, 436, 910, 978, 601, 176, 92, 670, 788, 911, 544, 256, 750, 934, 988, 30, 844, 986, 721, 905, 134, 151, 416, 779, 499, 70, 823, 715, 336, 413, 991, 735, 586]
Tree:
None

Fitness:
15.187022935689829