Generation:
1000

Phenotype:
+9.9E-1*KG(x[:,0], 3.0E-0,1.0E+0,None)-6.1E-2*KG(x[:,0], 4.0E-3,2.1E-9,None)

Genotype:
[607, 270, 917, 9, 467, 771, 857, 890, 991, 890, 207, 850, 22, 490, 676, 636, 409, 554, 91, 235, 752, 912, 150, 839, 133, 370, 141, 303, 109, 719, 608, 574, 136, 404, 109, 143, 804, 761, 826, 560, 28, 171, 711, 810, 949, 376, 817, 644, 559, 156, 865, 395, 427, 908, 604, 731, 903, 649, 68, 13, 390, 885, 610, 930, 734, 510, 52, 961, 62, 323, 200, 420, 306, 772, 945, 925, 123, 593, 255, 403, 586, 991, 958, 757, 230, 492, 946, 898, 941, 212]
Tree:
None

Fitness:
0.047209810661478266