Generation:
1000

Phenotype:
+8.2E+3*KS(x[:,0], 6.5E-4,4.0E-4,None)-6.0E+6*KP(x[:,0], 8.0E-3,7.7E-3,4)

Genotype:
[575, 296, 700, 682, 72, 343, 779, 365, 525, 824, 588, 990, 33, 364, 36, 722, 957, 635, 1000, 84, 636, 574, 960, 683, 273, 888, 687, 969, 943, 639, 610, 576, 161, 851, 944, 377, 34, 748, 883, 189, 670, 464, 947, 988, 498, 417, 23, 502, 938, 809, 471, 82, 228, 387, 947, 815, 791, 832, 543, 785, 252, 497, 526, 961, 769, 394, 612, 801, 8, 61, 450, 854, 487, 257, 111, 763, 906, 247, 835, 506, 98, 640, 686, 909, 192, 484, 171, 696, 79, 193, 826, 398, 438, 890, 882, 574, 473, 442, 838, 171, 963, 627, 293, 946, 162, 969, 698, 49, 406, 661, 516, 769]
Tree:
None

Fitness:
12.57501561438782