Generation:
1000

Phenotype:
+4.3E-4*KP(x[:,0], 2.3E-2,7.5E-7,1)

Genotype:
[800, 238, 543, 163, 883, 14, 145, 563, 337, 932, 339, 455, 911, 127, 641, 230, 560, 149, 422, 394, 766, 338, 601, 503, 102, 336, 250, 969, 335, 667, 521, 207, 342, 673, 545, 156, 629, 178, 158, 503, 564, 215, 308, 128, 427, 730, 105, 405, 427, 622, 160, 496, 265, 28, 87, 224, 871, 125, 473, 856, 397, 234, 791, 803, 506, 165, 608, 618, 813, 346, 753, 950, 73, 294, 522, 18, 329, 479, 377, 840, 8, 311, 722, 283, 635, 382, 545, 344, 417, 810, 917, 803, 6, 535, 617, 327, 805, 605, 636, 257, 558, 164, 620, 421, 666, 908, 455, 959, 250, 604, 705, 334, 607, 297, 319, 610, 88, 173, 965, 293, 576, 631, 998, 718, 885, 829, 178, 82, 212, 991, 307, 222, 165, 894, 215, 55, 702, 721, 155, 611, 398, 812, 790, 704, 853, 403, 377, 872, 690, 839, 62, 164, 796, 496, 858, 917, 695, 437, 967, 129, 259, 296, 825, 317, 873, 163, 379, 607, 911, 411, 165, 629, 71, 585, 723, 915, 920, 148, 997, 982]
Tree:
None

Fitness:
2.4724173713230626