Generation:
1000

Phenotype:
+9.9E-1*KG(x[:,0], 3.1E+0,9.9E-1,None)-5.9E-2*KS(x[:,0], 8.3E-9,7.5E+4,None)

Genotype:
[721, 780, 152, 759, 469, 801, 551, 371, 386, 860, 818, 379, 863, 61, 851, 16, 753, 400, 959, 423, 222, 556, 3, 97, 599, 663, 55, 460, 4, 498, 757, 972, 92, 351, 968, 396, 229, 688, 283, 499, 394, 54, 456, 635, 293, 70, 400, 176, 870, 957, 882, 732, 827, 332, 433, 238, 70, 195, 867, 144, 415, 816, 491, 153, 268, 786, 230, 436, 331, 581, 873, 463, 656, 427, 316, 682, 178, 92, 655, 336, 408, 526, 586, 134, 297, 758, 962, 662, 761, 284, 745, 864, 401, 395, 716, 714, 728, 92, 679, 847, 594, 266, 511, 775, 994, 581, 49, 426, 72, 730, 657, 723, 802, 945, 100, 343, 729, 458, 770, 657, 743, 521, 449, 241, 718, 194, 117, 77, 133, 494, 655, 956, 598, 349, 740, 782, 993, 217, 770, 441, 178, 222, 185, 56, 910, 391, 870, 102, 293, 453, 544, 489, 985, 786, 570, 504, 930]
Tree:
None

Fitness:
0.04762708499136509