Generation:
1000

Phenotype:
+8.1E+0*KS(x[:,0], 7.4E+5,1.2E-4,None)

Genotype:
[328, 710, 673, 561, 862, 100, 555, 824, 516, 285, 153, 482, 109, 654, 324, 646, 57, 540, 247, 481, 179, 651, 427, 860, 607, 308, 638, 663, 889, 602, 557, 79, 664, 793, 395, 254, 838, 710, 864, 760, 336, 14, 202, 247, 635, 249, 474, 302, 626, 650, 471, 500, 737, 323, 211, 281, 10, 325, 995, 726, 234, 16, 27, 731, 799, 187, 533, 536, 899, 73, 561, 269, 134, 896, 425, 303, 714, 258, 174, 530, 250, 395, 732, 673, 234, 342, 148, 248, 248, 253]
Tree:
None

Fitness:
45.31984696143365