Generation:
1000

Phenotype:
+5.0E-2*KS(x[:,0], 3.2E+6,1.0E-9,None)

Genotype:
[76, 606, 805, 170, 583, 872, 155, 602, 508, 626, 432, 660, 45, 449, 325, 408, 561, 463, 630, 697, 550, 460, 334, 669, 14, 683, 171, 988, 574, 737, 388, 777, 146, 171, 472, 280, 997, 669, 939, 547, 476, 475, 68, 999, 153, 250, 341, 943, 338, 54, 421, 613, 740, 824, 697, 910, 695, 364, 536, 257, 448, 182, 326, 531, 86, 303, 992, 411, 426, 742, 642, 503, 575, 441, 51, 869, 727, 409, 597, 736, 821, 482, 65, 617, 550, 677, 931, 149, 324, 582, 332, 301, 490, 882, 167, 814, 716, 773, 832, 336, 519, 511, 209, 235, 81, 888, 296, 513, 153, 746, 273, 306]
Tree:
None

Fitness:
2.2868615606190237