Generation:
1000

Phenotype:
+9.8E+0*KS(x[:,0], 6.8E-1,1.4E-2,None)-5.6E-8*KP(x[:,0], 3.2E-3,9.6E+1,1)+2.8E-0*KG(x[:,0], 3.1E-2,1.7E-2,None)

Genotype:
[767, 546, 278, 638, 288, 760, 257, 828, 573, 371, 774, 204, 533, 162, 853, 549, 1, 103, 666, 631, 978, 101, 402, 561, 963, 989, 556, 944, 911, 271, 900, 364, 955, 628, 197, 920, 461, 181, 467, 352, 873, 167, 425, 602, 738, 337, 126, 186, 549, 271, 608, 276, 953, 465, 8, 186, 927, 199, 500, 170, 245, 36, 570, 307, 685, 460, 311, 265, 515, 904, 6, 139, 518, 653, 234, 485, 437, 804, 81, 439, 858, 112, 339, 665, 831, 659, 822, 28, 263, 404, 93, 426, 286, 7, 407, 358, 550, 852, 294, 465, 933, 426, 116, 271, 637, 403, 201, 158, 534, 24, 130, 218]
Tree:
None

Fitness:
12.177948131518244