Generation:
1000

Phenotype:
+9.6E+0*KS(x[:,0], 6.8E-1,1.1E-9,None)+3.6E+0*KG(x[:,0], 6.7E-2,7.8E-1,None)

Genotype:
[857, 248, 881, 106, 222, 590, 500, 398, 931, 971, 711, 271, 195, 969, 645, 306, 548, 623, 396, 320, 140, 401, 207, 115, 322, 969, 618, 419, 881, 896, 909, 699, 220, 408, 975, 975, 234, 289, 274, 824, 46, 533, 769, 574, 945, 102, 747, 377, 436, 129, 498, 749, 378, 559, 469, 867, 227, 499, 9, 690, 70, 471, 742, 676, 217, 785, 555, 709, 20, 116, 81, 658, 861, 410, 512, 563, 276, 243, 186, 173, 478, 971, 870, 582, 709, 262, 206, 889, 17, 832, 543, 842, 236, 720, 438, 583, 958, 904, 981, 793, 914, 851, 863, 801, 936, 8, 363, 483, 506, 246, 43, 443, 636, 978, 969, 897, 526, 472, 225, 550, 686, 159, 787, 733, 83, 708, 265, 16, 360, 284, 789, 671, 199, 737, 175, 477, 603, 904, 528, 343, 789, 977, 861, 119, 362, 767, 792, 963, 552, 821, 385, 104, 999, 251, 691, 483, 25, 650, 635, 338, 621, 537, 282, 789, 170, 667, 260, 26, 529, 179, 425, 525, 571, 760, 464, 195, 551, 96, 946, 69]
Tree:
None

Fitness:
11.961104677350354