Generation:
1000

Phenotype:
+9.8E-0*KS(x[:,0], 6.0E-1,1.8E-5,None)+3.6E+0*KG(x[:,0], 8.6E-2,9.9E-1,None)

Genotype:
[41, 548, 125, 108, 135, 600, 950, 680, 797, 881, 126, 288, 147, 835, 969, 978, 944, 317, 476, 828, 190, 700, 626, 215, 222, 548, 59, 727, 621, 514, 763, 274, 790, 826, 115, 965, 204, 375, 694, 775, 575, 327, 902, 969, 26, 979, 462, 701, 218, 25, 931, 138, 776, 278, 228, 893, 717, 298, 604, 564, 485, 134, 55, 20, 451, 797, 844, 720, 372, 332, 306, 183, 817, 798, 585, 898, 267, 153, 812, 14, 908, 441, 418, 543, 785, 548, 939, 993, 773, 227]
Tree:
None

Fitness:
11.902458672970086