Generation:
1000

Phenotype:
+9.4E-0*KS(x[:,0], 7.5E-1,9.9E-3,None)+2.6E-0*KS(x[:,0], 8.6E-5,5.4E+3,None)

Genotype:
[935, 440, 431, 204, 425, 10, 213, 815, 969, 151, 242, 149, 723, 213, 358, 64, 948, 352, 596, 527, 880, 142, 896, 51, 815, 724, 154, 512, 343, 728, 921, 429, 151, 931, 504, 405, 213, 26, 165, 985, 536, 73, 845, 131, 822, 820, 945, 21, 138, 48, 789, 73, 919, 869, 34, 110, 884, 367, 196, 183, 658, 447, 324, 269, 892, 106, 354, 895, 109, 902, 231, 182, 455, 457, 578, 534, 209, 371, 879, 958, 95, 626, 494, 291, 140, 477, 340, 101, 980, 149]
Tree:
None

Fitness:
12.727708413622635