Generation:
1000

Phenotype:
+9.9E-1*KG(x[:,0], 3.5E+0,9.9E-1,None)-3.8E-2*KP(x[:,0], 9.0E-7,9.8E-2,0)

Genotype:
[169, 40, 944, 409, 15, 81, 362, 445, 444, 30, 980, 869, 859, 491, 766, 134, 499, 371, 478, 873, 872, 701, 920, 597, 757, 278, 278, 225, 2, 565, 104, 415, 134, 164, 78, 136, 946, 156, 970, 249, 217, 320, 582, 675, 809, 70, 117, 204, 493, 38, 607, 682, 34, 217, 38, 78, 6, 221, 544, 347, 236, 644, 73, 956, 127, 444, 407, 829, 528, 946, 625, 634, 731, 738, 563, 66, 766, 494, 213, 947, 102, 921, 552, 892, 681, 68, 597, 360, 529, 213]
Tree:
None

Fitness:
0.05059717716468166