Generation:
1000

Phenotype:
-1.9E-6*KP(x[:,0], 7.6E-5,5.4E-6,2)-7.3E-9*KS(x[:,0], 9.3E-9,8.3E+1,None)

Genotype:
[939, 621, 99, 739, 81, 836, 816, 766, 201, 805, 328, 584, 867, 676, 582, 244, 229, 789, 413, 545, 489, 692, 143, 737, 479, 853, 673, 900, 501, 212, 265, 400, 387, 213, 344, 957, 290, 378, 538, 197, 301, 65, 319, 113, 247, 168, 163, 470, 740, 961, 133, 13, 962, 637, 178, 662, 732, 575, 26, 227, 126, 125, 75, 220, 441, 877, 298, 209, 996, 557, 968, 720, 935, 992, 406, 127, 288, 698, 598, 271, 371, 353, 137, 8, 118, 905, 151, 410, 412, 557, 767, 770, 611, 252, 971, 710, 529, 939, 493, 854, 650, 835, 430, 59, 632, 119, 111, 141, 277, 651, 265, 517]
Tree:
None

Fitness:
81.97587445203563