Generation:
1000

Phenotype:
-4.0E-8*KS(x[:,0], 6.0E-3,6.8E-2,None)+6.2E-0*KS(x[:,0], 5.1E+6,9.7E+1,None)

Genotype:
[785, 847, 381, 930, 929, 388, 509, 140, 359, 983, 293, 878, 617, 972, 932, 286, 142, 203, 452, 793, 150, 265, 491, 66, 126, 593, 687, 240, 451, 654, 627, 346, 41, 771, 271, 684, 388, 61, 639, 974, 44, 101, 800, 520, 206, 264, 467, 591, 446, 326, 294, 129, 586, 361, 830, 620, 875, 11, 539, 393, 897, 554, 779, 247, 83, 797, 664, 91, 268, 567, 627, 926, 146, 322, 526, 636, 598, 881, 89, 763, 761, 780, 87, 820, 736, 138, 628, 708, 796, 606]
Tree:
None

Fitness:
45.34674736763179