Generation:
1000

Phenotype:
+1.0E+1*KS(x[:,0], 6.4E-1,9.9E-2,None)+2.1E-0*KS(x[:,0], 9.4E+1,5.8E+3,None)

Genotype:
[311, 174, 576, 230, 84, 311, 347, 204, 141, 811, 935, 159, 191, 972, 85, 556, 998, 541, 381, 791, 240, 953, 274, 816, 481, 589, 58, 984, 773, 566, 939, 886, 545, 497, 605, 547, 693, 94, 936, 691, 576, 551, 771, 49, 283, 55, 763, 678, 462, 567, 689, 240, 984, 859, 431, 711, 447, 885, 8, 986, 179, 960, 550, 964, 32, 182, 287, 781, 361, 778, 546, 420, 707, 28, 412, 30, 901, 875, 593, 92, 654, 269, 156, 532, 430, 17, 256, 809, 515, 801]
Tree:
None

Fitness:
12.519740322590733