Generation:
1000

Phenotype:
+9.5E-0*KS(x[:,0], 8.0E-1,6.4E-2,None)+3.2E-0*KS(x[:,0], 3.6E-6,1.4E+0,None)-8.9E-4*KP(x[:,0], 6.9E+0,4.9E-3,2)

Genotype:
[959, 230, 386, 965, 731, 970, 133, 260, 283, 391, 851, 614, 189, 322, 822, 743, 214, 830, 702, 407, 30, 569, 686, 575, 56, 657, 674, 804, 380, 95, 488, 359, 637, 779, 415, 334, 320, 239, 142, 640, 471, 189, 853, 853, 797, 339, 891, 176, 931, 274, 562, 483, 159, 545, 535, 105, 935, 708, 86, 225, 800, 327, 822, 213, 844, 63, 60, 1000, 985, 46, 80, 289, 7, 37, 233, 960, 356, 884, 864, 875, 988, 321, 743, 357, 622, 83, 922, 91, 922, 673]
Tree:
None

Fitness:
12.454591113796454