Generation:
1000

Phenotype:
+2.4E-8*KS(x[:,0], 3.1E+2,2.9E-8,None)-5.2E-5*KS(x[:,0], 2.6E+0,2.8E-1,None)-3.6E-2*KS(x[:,0], 1.2E+4,1.4E+5,None)

Genotype:
[551, 898, 208, 474, 71, 418, 461, 101, 74, 542, 541, 149, 387, 928, 647, 707, 965, 580, 822, 727, 85, 685, 486, 456, 570, 685, 448, 403, 251, 93, 238, 629, 821, 246, 547, 62, 153, 612, 448, 264, 531, 244, 220, 295, 293, 743, 160, 69, 206, 930, 681, 480, 224, 682, 323, 63, 439, 353, 489, 252, 504, 391, 711, 66, 480, 975, 644]
Tree:
None

Fitness:
2.384707000283319