Generation:
1000

Phenotype:
+5.9E-0*KS(x[:,0], 9.0E-1,7.1E-1,None)+2.2E+3*KS(x[:,0], 7.2E-4,8.0E-5,None)

Genotype:
[623, 902, 157, 639, 373, 440, 341, 170, 939, 411, 645, 651, 393, 521, 16, 154, 574, 667, 502, 48, 893, 825, 882, 921, 134, 133, 360, 569, 545, 764, 391, 560, 412, 102, 581, 325, 803, 927, 504, 619, 402, 255, 20, 232, 945, 975, 124, 108, 149, 882, 832, 541, 329, 527, 843, 709, 316, 790, 193, 296, 822, 466, 140, 806, 41, 447, 973, 647, 75, 619, 809, 463, 376, 603, 561, 452, 532, 823, 806, 988, 657, 435, 260, 107, 949, 793, 689, 844, 243, 373, 406, 919, 663, 244, 417, 934, 819, 682, 646, 522, 377, 526, 330, 820, 629, 645, 134, 611, 327, 642, 925, 513, 261, 859, 65, 214, 906, 38, 352, 758, 498, 517, 715, 838, 930, 118, 951, 891, 637, 297, 38, 859, 273, 985, 88]
Tree:
None

Fitness:
15.783460300008368