Generation:
1000

Phenotype:
+9.2E-0*KS(x[:,0], 2.4E+7,2.8E-7,None)

Genotype:
[106, 124, 656, 112, 657, 710, 613, 704, 102, 257, 100, 418, 915, 767, 595, 282, 188, 388, 182, 614, 3, 961, 863, 573, 513, 799, 77, 622, 910, 599, 281, 676, 201, 739, 157, 286, 859, 104, 253, 981, 972, 887, 466, 244, 438, 930, 185, 654, 376, 228, 128, 212, 379, 273, 393, 896, 39, 660, 216, 337, 97, 708, 955, 231, 777, 712, 554, 65, 830, 104, 88, 170, 102, 4, 303, 466, 18, 143, 547, 478, 230, 841, 550, 167, 278, 269, 15, 611, 652, 998]
Tree:
None

Fitness:
45.86944314255713