Generation:
1000

Phenotype:
+9.8E-0*KS(x[:,0], 6.8E-1,1.0E-1,None)+2.3E+0*KG(x[:,0], 9.9E-3,5.0E-2,None)

Genotype:
[137, 970, 773, 288, 633, 400, 923, 868, 535, 371, 612, 1000, 133, 341, 907, 684, 248, 712, 303, 512, 560, 503, 689, 973, 473, 22, 760, 595, 112, 984, 283, 772, 235, 816, 812, 372, 419, 887, 136, 965, 231, 967, 209, 807, 64, 856, 582, 612, 343, 158, 420, 92, 900, 167, 115, 319, 528, 773, 166, 666, 221, 411, 154, 838, 347, 497, 708, 603, 689, 638, 163, 953, 265, 161, 946, 357, 865, 7, 824, 99, 121, 72, 880, 331, 500, 783, 637, 106, 878, 305, 1, 952, 482, 495, 933, 601, 182, 41, 819, 60, 936, 94, 7, 296, 513, 160, 617, 486, 125, 81, 604, 398, 124, 538, 788, 896, 938, 834, 76, 404, 741, 823, 895, 551, 98, 889, 200, 386, 99, 730, 701, 776, 86, 694, 687, 208, 105, 578, 894, 880, 208, 220, 809, 71, 133, 117, 613, 802, 427, 974, 961, 247, 187, 124, 120, 74, 751, 672, 302, 231, 379, 456, 188, 132, 669, 760, 551, 111, 484, 601, 94, 829, 100, 144, 446, 428, 323, 333, 73, 384]
Tree:
None

Fitness:
12.306370288266107