Generation:
1000

Phenotype:
+2.2E-0*KS(x[:,0], 6.7E-1,4.7E+0,None)+9.6E+0*KS(x[:,0], 7.0E-1,9.9E-2,None)

Genotype:
[47, 972, 838, 122, 743, 720, 104, 267, 771, 311, 597, 717, 612, 130, 76, 502, 398, 512, 936, 728, 220, 132, 550, 257, 341, 449, 979, 149, 902, 536, 461, 762, 8, 688, 415, 608, 887, 733, 594, 785, 135, 927, 141, 646, 698, 202, 424, 872, 784, 195, 278, 782, 771, 385, 197, 207, 510, 772, 382, 191, 25, 685, 229, 842, 366, 367, 602, 404, 901, 493, 962, 315, 792, 773, 912, 374, 231, 53, 295, 914, 815, 44, 770, 337, 486, 235, 675, 440, 156, 488]
Tree:
None

Fitness:
12.412011573978784