Generation:
1000

Phenotype:
+9.9E+0*KS(x[:,0], 6.7E-1,1.6E-1,None)+1.9E-0*KG(x[:,0], 7.8E-6,4.1E-9,None)-9.9E-3*KS(x[:,0], 5.0E+9,4.7E-3,None)

Genotype:
[347, 924, 80, 959, 914, 230, 464, 547, 617, 921, 999, 676, 845, 81, 0, 595, 536, 828, 59, 891, 180, 762, 618, 361, 516, 318, 631, 367, 189, 966, 856, 65, 413, 419, 55, 33, 607, 840, 110, 569, 804, 717, 133, 3, 749, 339, 360, 454, 425, 315, 100, 770, 970, 662, 484, 629, 201, 641, 787, 383, 295, 985, 810, 714, 496, 318, 282, 81, 450, 432, 503, 258, 539, 116, 370, 393, 760, 486, 777, 1, 136, 6, 466, 752, 665, 261, 894, 453, 533, 561, 185, 384, 152, 353, 862, 176, 317, 715, 510, 613, 971, 503, 46, 0, 972, 257, 353, 735, 868, 558, 314, 20, 340, 624, 883, 16, 998, 753, 139, 916, 345, 305, 981, 944, 138, 178, 780, 31, 653, 854, 353, 303, 866, 403, 730]
Tree:
None

Fitness:
12.44784464670849