Generation:
1000

Phenotype:
+9.9E-0*KS(x[:,0], 6.7E-1,9.9E-6,None)+4.4E-0*KG(x[:,0], 9.9E-2,1.6E+0,None)-9.9E-1*KS(x[:,0], 9.6E+0,2.6E-8,None)-8.9E-4*KP(x[:,0], 8.6E+0,6.4E-8,0)

Genotype:
[917, 270, 935, 279, 819, 90, 113, 847, 599, 501, 728, 439, 825, 796, 613, 151, 500, 399, 234, 363, 810, 827, 769, 923, 442, 522, 106, 308, 70, 875, 167, 629, 764, 99, 869, 151, 224, 166, 988, 860, 37, 86, 21, 328, 303, 26, 591, 997, 529, 579, 54, 898, 916, 446, 950, 599, 404, 321, 888, 235, 760, 474, 632, 488, 43, 54, 334, 611, 403, 641, 134, 752, 970, 574, 211, 866, 556, 320, 317, 69, 61, 472, 796, 441, 126, 325, 102, 219, 281, 987]
Tree:
None

Fitness:
10.754598365768134