Generation:
1000

Phenotype:
-3.4E-7*KP(x[:,0], 3.0E+5,4.0E-9,1)+1.9E-1*KS(x[:,0], 2.9E-0,9.9E-3,None)

Genotype:
[297, 67, 821, 534, 163, 937, 812, 390, 974, 645, 552, 540, 691, 939, 591, 826, 440, 243, 999, 891, 411, 379, 199, 91, 800, 494, 699, 913, 703, 497, 35, 784, 915, 234, 634, 697, 932, 522, 77, 507, 675, 846, 758, 843, 417, 537, 587, 443, 671, 774, 167, 529, 980, 926, 430, 153, 175, 67, 88, 396, 584, 601, 614, 82, 756, 510, 570, 145, 628, 10, 459, 116, 568, 934, 53, 397, 929, 392, 646, 974, 178, 353, 375, 973, 895, 190, 934, 909, 523, 784, 15, 228, 626, 937, 816, 633, 174, 914, 811, 182, 787, 72, 93, 382, 446, 389, 206, 571, 187, 188, 60, 63, 940, 537, 705, 617, 293, 672, 359, 50, 541, 793, 431, 202, 823, 610, 882, 121, 237, 409, 469, 871, 352, 207, 145]
Tree:
None

Fitness:
1.9648771793789281