Generation:
1000

Phenotype:
+9.9E+0*KS(x[:,0], 7.1E-1,3.3E-3,None)+2.6E-0*KG(x[:,0], 5.8E-3,5.7E-7,None)-3.0E-1*KS(x[:,0], 3.6E+3,6.3E+1,None)

Genotype:
[263, 892, 476, 409, 554, 750, 528, 111, 863, 421, 785, 723, 463, 343, 960, 955, 936, 892, 976, 425, 710, 337, 648, 353, 273, 40, 847, 509, 637, 788, 394, 267, 992, 520, 633, 831, 947, 766, 902, 923, 41, 113, 570, 991, 349, 48, 668, 130, 1000, 801, 253, 826, 607, 958, 165, 986, 651, 440, 467, 824, 487, 646, 485, 43, 948, 563, 947]
Tree:
None

Fitness:
12.392959349136678