Generation:
1000

Phenotype:
+9.9E-1*KG(x[:,0], 2.8E-0,9.9E-1,None)-7.1E-2*KG(x[:,0], 8.4E-5,8.7E-2,None)

Genotype:
[169, 346, 629, 929, 335, 931, 541, 698, 635, 890, 827, 39, 277, 361, 821, 126, 931, 951, 191, 743, 542, 709, 184, 103, 55, 538, 677, 363, 352, 31, 407, 236, 475, 749, 905, 20, 544, 473, 548, 772, 938, 851, 186, 725, 451, 489, 880, 774, 412, 627, 694, 765, 5, 784, 369, 864, 787, 369, 653, 899, 127, 48, 444, 409, 818, 267, 174, 945, 628, 730, 386, 118, 788, 527, 447, 273, 454, 736, 393, 533, 891, 894, 257, 663, 319, 371, 823, 269, 479, 415, 620, 439, 24, 590, 812, 186, 617, 550, 734, 816, 953, 501, 29, 614, 372, 815, 89, 7, 773, 434, 343, 682, 853, 546, 394, 910, 115, 630, 807, 346, 55, 786, 682, 358, 753, 694, 745, 191, 737, 343, 620, 30, 821, 688, 484, 890, 116, 195, 115, 534, 476, 805, 73, 850, 824, 886, 930, 931, 367, 175, 680, 912, 25, 694, 667, 617, 281]
Tree:
None

Fitness:
0.04913028687932016