Generation:
1000

Phenotype:
+7.1E+0*KS(x[:,0], 5.0E+6,8.9E+4,None)+5.6E-7*KS(x[:,0], 2.1E-3,5.8E-5,None)-4.5E-5*KP(x[:,0], 4.4E-8,2.6E-6,0)+5.1E-0*KS(x[:,0], 7.1E-3,8.1E-1,None)

Genotype:
[995, 682, 186, 141, 64, 390, 742, 530, 74, 996, 646, 389, 864, 4, 933, 143, 660, 400, 996, 891, 277, 325, 421, 525, 503, 643, 608, 131, 585, 95, 651, 73, 957, 935, 605, 395, 336, 754, 839, 408, 505, 926, 849, 606, 180, 532, 834, 832, 891, 213, 420, 105, 591, 43, 453, 259, 901, 509, 511, 398, 367, 431, 522, 406, 144, 984, 291]
Tree:
None

Fitness:
29.165197687110755