Generation:
1000

Phenotype:
+1.9E+1*KS(x[:,0], 5.4E-2,3.9E-7,None)+6.9E-0*KS(x[:,0], 8.4E+3,7.2E-2,None)

Genotype:
[161, 392, 279, 459, 330, 911, 859, 834, 845, 862, 245, 39, 863, 17, 856, 988, 796, 770, 729, 321, 90, 511, 274, 348, 973, 348, 72, 573, 542, 41, 56, 317, 23, 260, 778, 950, 180, 303, 356, 826, 77, 415, 972, 587, 964, 401, 13, 166, 89, 62, 125, 58, 287, 115, 777, 823, 88, 568, 931, 388, 33, 593, 398, 551, 697, 419, 216, 653, 158, 529, 878, 229, 267, 487, 100, 99, 944, 145, 716, 632, 12, 93, 156, 110, 404, 872, 938, 76, 501, 485, 374, 376, 27, 773, 343, 671, 598, 779, 176, 511, 150, 958, 302, 268, 929, 432, 811, 282, 294, 859, 245, 661, 862, 869, 119, 735, 758, 884, 386, 417, 214, 812, 726, 468, 636, 866, 88, 858, 96, 127, 602, 257, 893, 48, 208, 992, 307, 43, 512, 15, 569, 611, 19, 433, 931, 435, 736, 988, 747, 941, 681, 542, 207, 322, 289, 829, 832]
Tree:
None

Fitness:
36.90534985422956