Generation:
1000

Phenotype:
+3.1E+6*KS(x[:,0], 9.0E-7,7.8E-7,None)+8.9E-1*KS(x[:,0], 8.4E+3,7.2E+1,None)+8.7E-1*KS(x[:,0], 5.7E+3,9.8E-0,None)

Genotype:
[467, 882, 650, 321, 786, 166, 521, 80, 559, 97, 213, 538, 725, 117, 696, 29, 782, 934, 969, 599, 271, 340, 674, 604, 303, 537, 632, 386, 211, 947, 946, 100, 970, 917, 833, 91, 535, 837, 990, 923, 737, 118, 485, 70, 759, 68, 418, 600, 868, 864, 45, 912, 723, 163, 36, 878, 431, 167, 852, 354, 890, 213, 349, 688, 999, 626, 802, 766, 763, 456, 59, 215, 121, 684, 511, 840, 786, 65, 887, 662, 727, 869, 468, 454, 847, 961, 80, 143, 982, 157]
Tree:
None

Fitness:
21.032411579589294