Generation:
1000

Phenotype:
+9.9E-1*KG(x[:,0], 4.1E-0,1.0E+0,None)

Genotype:
[180, 44, 503, 649, 947, 851, 516, 21, 317, 360, 216, 790, 442, 830, 520, 852, 107, 890, 141, 717, 592, 173, 561, 484, 686, 268, 921, 130, 368, 126, 479, 606, 674, 446, 876, 302, 492, 611, 764, 638, 827, 917, 442, 875, 277, 109, 43, 979, 358, 456, 57, 288, 579, 236, 801, 159, 214, 120, 96, 328, 349, 65, 477, 353, 840, 963, 307, 659, 649, 249, 457, 910, 575, 971, 526, 896, 949, 720, 262, 116, 681, 153, 755, 452, 261, 918, 562, 325, 935, 264]
Tree:
None

Fitness:
0.3238744900012613