Generation:
1000

Phenotype:
+9.9E-0*KS(x[:,0], 6.5E-1,3.9E-1,None)

Genotype:
[934, 300, 134, 859, 595, 730, 194, 695, 849, 361, 776, 439, 521, 271, 728, 10, 182, 878, 219, 0, 115, 733, 735, 885, 879, 124, 889, 820, 250, 289, 239, 440, 137, 296, 718, 8, 463, 924, 1, 495, 96, 163, 320, 529, 432, 964, 305, 37, 155, 872, 660, 527, 367, 18, 238, 32, 926, 484, 818, 993, 158, 416, 780, 143, 29, 669, 736, 653, 402, 24, 520, 391, 919, 397, 494, 446, 266, 743, 66, 662, 520, 884, 963, 869, 827, 577, 805, 108, 33, 187]
Tree:
None

Fitness:
18.045831446534375