Generation:
1000

Phenotype:
+1.1E-0*KG(x[:,0], 3.1E+0,1.0E+0,None)-9.4E-2*KG(x[:,0], 4.1E-2,7.0E-3,None)

Genotype:
[829, 346, 18, 11, 619, 220, 542, 631, 802, 300, 324, 990, 490, 170, 327, 726, 453, 107, 384, 799, 382, 804, 371, 331, 392, 726, 550, 511, 773, 913, 311, 217, 321, 8, 395, 537, 992, 971, 714, 300, 967, 557, 0, 923, 168, 86, 258, 440, 700, 404, 248, 942, 718, 266, 873, 750, 734, 579, 240, 928, 679, 810, 915, 838, 996, 413, 505, 844, 761, 197, 7, 528, 463, 72, 31, 919, 234, 597, 360, 563, 701, 605, 882, 20, 888, 435, 503, 603, 225, 712, 550, 341, 80, 839, 828, 174, 354, 523, 154, 283, 495, 250, 814, 6, 805, 154, 595, 625, 877, 124, 823, 635]
Tree:
None

Fitness:
0.029924899819866214