Generation:
1000

Phenotype:
+9.9E-2*KS(x[:,0], 4.9E-0,1.5E-8,None)-3.5E-2*KP(x[:,0], 7.3E-1,1.0E-8,2)

Genotype:
[677, 212, 134, 689, 889, 722, 804, 889, 753, 950, 45, 885, 631, 258, 751, 806, 383, 947, 665, 509, 782, 870, 243, 351, 641, 36, 900, 489, 468, 382, 213, 41, 718, 447, 150, 963, 233, 956, 773, 533, 965, 974, 538, 26, 146, 613, 711, 395, 350, 245, 643, 76, 4, 290, 31, 260, 139, 899, 193, 465, 552, 779, 368, 859, 225, 810, 563, 707, 166, 204, 894, 480, 989, 843, 208, 403, 614, 444, 534, 314, 737, 442, 940, 797, 801, 82, 479, 316, 350, 191]
Tree:
None

Fitness:
2.0684184763784206