Generation:
1000

Phenotype:
+9.3E+0*KS(x[:,0], 7.7E-1,2.9E-4,None)+2.7E+0*KS(x[:,0], 5.9E-1,5.5E+5,None)

Genotype:
[143, 154, 962, 353, 112, 240, 501, 147, 147, 621, 28, 649, 493, 724, 941, 82, 996, 856, 357, 84, 750, 229, 429, 561, 211, 643, 295, 454, 645, 605, 48, 181, 872, 273, 977, 97, 285, 254, 539, 325, 126, 271, 274, 67, 487, 457, 284, 925, 258, 875, 142, 399, 486, 300, 780, 392, 512, 886, 231, 692, 35, 821, 950, 3, 808, 707, 336, 447, 395, 99, 546, 443, 700, 738, 834, 636, 41, 552, 914, 23, 753, 739, 578, 965, 403, 802, 418, 141, 108, 613, 845, 725, 748, 89, 579, 22, 569, 737, 853, 954, 491, 56, 144, 360, 193, 335, 38, 511, 926, 205, 942, 119]
Tree:
None

Fitness:
12.83715735286388