Generation:
1000

Phenotype:
+1.0E-5*KS(x[:,0], 2.9E-3,9.6E+0,None)+9.6E+1*KP(x[:,0], 1.0E-1,1.3E-7,3)

Genotype:
[107, 476, 315, 950, 447, 805, 469, 619, 587, 213, 827, 166, 496, 650, 195, 356, 228, 809, 916, 372, 701, 684, 210, 997, 791, 891, 83, 403, 877, 343, 836, 442, 414, 886, 114, 973, 308, 54, 365, 900, 964, 295, 848, 221, 151, 242, 407, 738, 798, 613, 101, 498, 744, 763, 295, 908, 170, 997, 456, 372, 348, 107, 515, 723, 956, 240, 490, 213, 456, 815, 395, 308, 779, 376, 711, 728, 182, 498, 601, 652, 40, 252, 58, 422, 396, 363, 837, 630, 63, 40]
Tree:
None

Fitness:
70.713623457079