Generation:
1000

Phenotype:
+9.9E-1*KG(x[:,0], 3.1E+0,1.0E-0,None)-6.4E-2*KS(x[:,0], 4.8E-0,5.0E+0,None)

Genotype:
[601, 848, 998, 409, 335, 171, 506, 781, 50, 630, 18, 150, 223, 510, 159, 268, 171, 140, 64, 279, 42, 48, 268, 215, 560, 382, 870, 144, 660, 717, 961, 661, 780, 834, 890, 149, 987, 161, 373, 359, 767, 655, 851, 24, 697, 308, 128, 989, 492, 587, 299, 589, 733, 569, 674, 319, 162, 376, 492, 184, 895, 243, 301, 342, 632, 785, 319, 233, 843, 923, 781, 684, 690, 54, 339, 484, 658, 816, 46, 244, 248, 724, 361, 788, 38, 63, 112, 592, 700, 791, 247, 875, 600, 554, 744, 868, 654, 502, 106, 130, 906, 794, 193, 707, 535, 195, 785, 621, 930, 815, 306, 457, 715, 77, 256, 482, 362, 564, 255, 657, 773, 452, 655, 156, 195, 870, 314, 261, 84, 117, 375, 605, 826, 81, 540, 316, 560, 466, 575, 600, 490, 289, 127, 232, 178, 612, 565, 935, 482, 525, 582, 563, 632, 730, 915, 284, 748]
Tree:
None

Fitness:
0.04564884186652905