Generation:
1000

Phenotype:
+1.2E+1*KS(x[:,0], 4.9E-1,2.9E-1,None)+1.7E-1*KS(x[:,0], 4.7E+6,6.4E+7,None)

Genotype:
[551, 884, 792, 832, 868, 21, 102, 859, 985, 271, 1000, 709, 439, 771, 378, 868, 210, 450, 907, 413, 561, 552, 577, 706, 246, 356, 984, 362, 777, 619, 602, 278, 65, 575, 302, 849, 105, 592, 150, 259, 7, 672, 390, 413, 866, 2, 443, 23, 110, 403, 398, 165, 649, 460, 928, 131, 724, 410, 132, 105, 160, 505, 546, 516, 341, 922, 376, 498, 823, 384, 516, 848, 302, 533, 744, 385, 804, 843, 354, 597, 273, 304, 404, 552, 941, 330, 999, 639, 198, 310]
Tree:
None

Fitness:
13.16742661865278