Generation:
1000

Phenotype:
+9.9E-1*KG(x[:,0], 3.1E-0,9.9E-1,None)-7.3E-2*KG(x[:,0], 2.2E-8,2.3E+3,None)

Genotype:
[577, 448, 989, 189, 219, 921, 785, 381, 881, 900, 521, 869, 617, 281, 320, 780, 721, 942, 843, 743, 162, 28, 982, 633, 678, 307, 853, 882, 963, 511, 145, 711, 820, 981, 695, 390, 343, 796, 420, 161, 837, 464, 85, 784, 910, 883, 866, 507, 938, 110, 718, 715, 519, 377, 69, 93, 347, 780, 713, 330, 263, 416, 180, 282, 711, 919, 519, 791, 860, 52, 652, 919, 366, 162, 475, 477, 432, 216, 531, 482, 726, 112, 693, 506, 532, 613, 37, 895, 84, 244, 330, 497, 952, 850, 966, 134, 194, 43, 970, 757, 500, 563, 989, 969, 84, 854, 284, 315, 578, 805, 70, 400, 499, 731, 115, 870, 52, 478, 818, 90, 202, 421, 237, 305, 599, 706, 381, 148, 472, 130, 345, 544, 271, 889, 412, 47, 566, 799, 47, 837, 975, 448, 153, 574, 172, 362, 2, 171, 526, 94, 588, 119, 289, 296, 764, 766, 398, 528, 711, 94, 671, 131, 537, 206, 3, 705, 614, 627, 677, 363, 789, 255, 173, 397, 311, 386, 226, 354, 378, 319]
Tree:
None

Fitness:
0.04769159955418034