Generation:
1000

Phenotype:
+5.8E-2*KS(x[:,0], 6.0E+5,5.0E-4,None)+6.7E+0*KP(x[:,0], 6.4E-9,2.5E-4,1)+9.7E-2*KS(x[:,0], 6.0E-0,8.9E-9,None)-8.8E-2*KP(x[:,0], 4.6E-1,1.9E-1,3)+8.7E-2*KG(x[:,0], 9.1E-2,6.6E-3,None)

Genotype:
[431, 814, 184, 178, 729, 712, 986, 220, 248, 355, 742, 900, 909, 84, 350, 879, 636, 977, 407, 316, 780, 392, 334, 871, 659, 478, 745, 333, 344, 166, 359, 98, 134, 797, 685, 422, 95, 560, 779, 610, 925, 829, 343, 29, 939, 471, 961, 97, 348, 901, 122, 624, 36, 51, 561, 684, 619, 151, 321, 688, 492, 766, 961, 567, 221, 462, 971, 621, 273, 992, 950, 536, 247, 513, 836, 657, 564, 576, 401, 509, 860, 775, 81, 406, 596, 500, 149, 368, 982, 585]
Tree:
None

Fitness:
1.9496527717991177