Generation:
1000

Phenotype:
+9.9E+0*KS(x[:,0], 6.5E-1,3.9E-1,None)

Genotype:
[832, 246, 269, 789, 128, 760, 626, 535, 843, 881, 191, 559, 969, 971, 91, 620, 158, 718, 425, 359, 292, 677, 183, 877, 744, 148, 411, 238, 384, 24, 651, 567, 699, 51, 130, 663, 323, 127, 248, 402, 667, 941, 228, 525, 172, 513, 435, 626, 61, 340, 86, 704, 327, 38, 893, 43, 795, 140, 321, 694, 62, 816, 759, 340, 543, 598, 731, 725, 276, 485, 720, 408, 653, 34, 455, 931, 82, 458, 632, 721, 586, 571, 379, 579, 258, 939, 533, 447, 945, 563, 994, 438, 171, 716, 971, 474, 287, 423, 630, 995, 212, 306, 386, 372, 678, 210, 499, 212, 114, 3, 905, 298, 339, 237, 955, 962, 476, 604, 608, 189, 12, 781, 43, 127, 660, 467, 186, 640, 796, 71, 746, 917, 515, 512, 670, 342, 563, 934, 488, 483, 531, 111, 113, 61, 64, 577, 351, 261, 283, 433, 223, 950, 292, 670, 791, 435, 801]
Tree:
None

Fitness:
18.045831446534375