Generation:
1000

Phenotype:
+2.6E-0*KG(x[:,0], 9.9E-3,2.2E+0,None)+9.9E-0*KS(x[:,0], 8.3E-1,9.9E-2,None)-8.9E-1*KS(x[:,0], 8.5E+7,2.2E-9,None)

Genotype:
[643, 104, 874, 976, 341, 150, 746, 699, 853, 713, 415, 182, 750, 30, 296, 983, 344, 539, 739, 791, 130, 502, 663, 235, 451, 143, 529, 407, 222, 736, 184, 115, 529, 639, 625, 241, 565, 535, 474, 527, 919, 192, 331, 399, 277, 581, 895, 417, 714, 153, 387, 741, 555, 294, 511, 940, 101, 704, 177, 331, 536, 558, 606, 360, 409, 584, 909]
Tree:
None

Fitness:
11.620613685624818