Generation:
1000

Phenotype:
+9.9E-1*KG(x[:,0], 3.1E-0,9.9E-1,None)-5.8E-2*KP(x[:,0], 2.2E-6,6.7E-3,0)

Genotype:
[643, 576, 35, 549, 937, 621, 362, 61, 503, 280, 413, 69, 723, 161, 663, 818, 821, 346, 608, 93, 442, 55, 302, 975, 756, 743, 47, 293, 613, 515, 968, 912, 600, 615, 105, 812, 13, 814, 363, 258, 513, 898, 35, 140, 553, 735, 828, 280, 721, 285, 720, 910, 320, 511, 42, 211, 558, 578, 461, 753, 859, 978, 125, 322, 831, 609, 756, 786, 596, 104, 406, 433, 324, 540, 62, 279, 337, 346, 427, 149, 386, 171, 49, 803, 214, 948, 91, 499, 604, 167]
Tree:
None

Fitness:
0.04765147523526754