Generation:
1000

Phenotype:
+1.1E-0*KG(x[:,0], 3.1E+0,1.0E+0,None)-9.7E-2*KG(x[:,0], 1.5E-1,9.9E-1,None)

Genotype:
[535, 626, 396, 41, 503, 640, 263, 461, 318, 10, 90, 340, 158, 500, 279, 126, 697, 143, 37, 889, 682, 522, 495, 753, 811, 566, 429, 205, 21, 867, 658, 505, 249, 640, 772, 731, 216, 407, 67, 45, 595, 358, 776, 54, 679, 41, 951, 242, 889, 402, 428, 441, 239, 751, 862, 568, 912, 970, 240, 322, 503, 866, 712, 878, 82, 142, 281, 936, 111, 611, 462, 797, 40, 870, 392, 956, 198, 132, 615, 771, 461, 653, 329, 596, 313, 526, 597, 607, 509, 319]
Tree:
None

Fitness:
0.027809786721485465