Generation:
1000

Phenotype:
+9.9E-1*KG(x[:,0], 4.0E+0,9.9E-1,None)+6.1E+0*KP(x[:,0], 2.6E-6,3.0E-6,1)-3.0E-2*KS(x[:,0], 7.3E+6,9.3E+9,None)+6.0E-5*KS(x[:,0], 9.6E+5,6.5E-9,None)

Genotype:
[7, 118, 404, 689, 273, 151, 894, 610, 694, 160, 836, 609, 895, 441, 941, 123, 922, 995, 831, 882, 970, 631, 216, 341, 846, 83, 960, 845, 136, 486, 353, 263, 479, 490, 627, 342, 366, 583, 946, 186, 467, 233, 252, 749, 370, 634, 422, 572, 830, 967, 575, 818, 846, 852, 105, 509, 415, 605, 119, 217, 560, 358, 649, 874, 697, 676, 148, 607, 888, 987, 255, 566, 230, 991, 36, 646, 355, 749, 879, 117, 977, 49, 77, 161, 363, 886, 197, 887, 81, 848, 692, 681, 229, 199, 703, 850, 878, 536, 669, 635, 377, 483, 403, 161, 41, 705, 949, 511, 239, 573, 838, 550]
Tree:
None

Fitness:
0.1353211786055604