Generation:
1000

Phenotype:
-3.1E-6*KS(x[:,0], 9.7E-9,7.0E-5,None)+6.5E-0*KS(x[:,0], 7.3E+8,6.6E+0,None)-2.4E-7*KP(x[:,0], 8.9E+2,7.8E+5,0)+5.1E-0*KS(x[:,0], 5.4E-9,9.8E-1,None)

Genotype:
[323, 473, 47, 871, 905, 356, 386, 57, 853, 139, 555, 630, 837, 445, 771, 785, 214, 536, 905, 451, 780, 978, 533, 722, 888, 599, 236, 398, 290, 191, 753, 709, 775, 384, 695, 137, 673, 169, 818, 842, 645, 728, 940, 315, 805, 424, 866, 940, 101, 5, 260, 238, 214, 839, 399, 467, 488, 135, 101, 463, 251, 417, 306, 950, 991, 360, 172, 767, 22, 80, 647, 828, 841, 873, 899, 449, 745, 728, 272, 710, 784, 449, 386, 839, 904, 352, 252, 255, 856, 746]
Tree:
None

Fitness:
29.98504835324011