Generation:
1000

Phenotype:
+8.2E-4*KG(x[:,0], 3.7E-9,1.1E+2,None)

Genotype:
[804, 926, 961, 692, 335, 894, 848, 357, 573, 919, 540, 821, 318, 822, 56, 90, 164, 889, 562, 154, 679, 392, 786, 587, 712, 951, 79, 712, 452, 443, 123, 162, 303, 676, 691, 138, 424, 495, 834, 155, 152, 670, 621, 971, 869, 629, 700, 325, 293, 17, 571, 63, 178, 639, 844, 835, 713, 770, 599, 560, 599, 160, 358, 903, 984, 274, 323, 531, 890, 591, 749, 839, 108, 90, 159, 306, 93, 636, 566, 742, 640, 822, 948, 25, 744, 167, 821, 448, 695, 536]
Tree:
None

Fitness:
2.4713109292798463