Generation:
1000

Phenotype:
+9.6E-0*KS(x[:,0], 7.1E-1,5.9E-2,None)+2.5E-0*KG(x[:,0], 1.6E-2,3.5E-3,None)+4.4E-3*KS(x[:,0], 6.8E-7,3.3E+8,None)

Genotype:
[95, 722, 260, 36, 701, 690, 555, 941, 407, 951, 733, 569, 651, 782, 360, 85, 792, 703, 405, 819, 690, 243, 76, 329, 22, 272, 105, 523, 323, 987, 862, 894, 867, 964, 543, 373, 266, 598, 533, 597, 776, 3, 80, 878, 467, 579, 6, 223, 441, 473, 217, 907, 883, 788, 294, 39, 812, 503, 696, 935, 416, 709, 129, 291, 297, 292, 821, 835, 955, 738, 681, 528, 910, 645, 415, 883, 958, 716, 385, 834, 299, 279, 690, 497, 366, 182, 736, 403, 845, 264, 273, 609, 750, 21, 791, 206, 749, 939, 46, 183, 946, 323, 931, 888, 776, 106, 896, 600, 50, 701, 714, 70]
Tree:
None

Fitness:
12.288685587816824