Generation:
1000

Phenotype:
+3.6E-0*KG(x[:,0], 9.2E-7,2.8E+2,None)+9.5E-0*KS(x[:,0], 6.9E-1,5.6E-2,None)-1.1E+0*KG(x[:,0], 2.3E-6,4.4E-9,None)

Genotype:
[841, 288, 380, 366, 91, 740, 314, 542, 279, 47, 37, 128, 130, 82, 461, 923, 870, 332, 985, 353, 400, 734, 99, 293, 91, 634, 256, 997, 432, 838, 294, 495, 882, 831, 820, 480, 766, 663, 939, 106, 282, 834, 275, 659, 816, 418, 635, 410, 286, 8, 766, 787, 767, 226, 319, 496, 994, 114, 834, 525, 190, 42, 533, 838, 182, 441, 708, 2, 513, 405, 224, 760, 687, 794, 998, 869, 319, 825, 401, 430, 803, 784, 927, 379, 655, 9, 816, 586, 860, 240]
Tree:
None

Fitness:
12.606993859947705