Generation:
1000

Phenotype:
+9.9E-1*KG(x[:,0], 3.1E-0,1.0E+0,None)-4.9E-2*KS(x[:,0], 1.6E-7,9.4E+5,None)

Genotype:
[181, 40, 998, 419, 291, 861, 623, 171, 507, 200, 135, 590, 282, 210, 833, 88, 885, 210, 179, 631, 72, 963, 386, 247, 587, 359, 824, 602, 885, 928, 418, 751, 557, 76, 715, 256, 675, 79, 180, 244, 531, 199, 115, 242, 568, 956, 775, 986, 130, 954, 373, 262, 738, 184, 808, 584, 240, 458, 237, 366, 771, 181, 313, 48, 905, 165, 76, 181, 834, 661, 664, 585, 589, 388, 602, 286, 244, 55, 945, 532, 861, 747, 633, 23, 933, 122, 654, 692, 847, 645]
Tree:
None

Fitness:
0.04730053476186799