Generation:
1000

Phenotype:
+3.1E+1*KS(x[:,0], 9.8E-2,5.6E-2,None)+1.9E+0*KS(x[:,0], 7.0E+6,4.9E+6,None)

Genotype:
[995, 846, 515, 481, 168, 71, 710, 228, 941, 142, 139, 826, 429, 102, 554, 760, 62, 117, 429, 888, 400, 420, 580, 626, 166, 327, 989, 684, 356, 962, 507, 547, 891, 679, 536, 330, 661, 768, 931, 293, 503, 533, 175, 796, 643, 383, 930, 491, 38, 210, 831, 296, 1, 213, 366, 366, 832, 159, 5, 502, 299, 645, 333, 958, 554, 997, 320, 832, 789, 206, 213, 489, 286, 432, 175, 627, 392, 610, 211, 643, 263, 675, 28, 587, 9, 618, 824, 158, 374, 737, 39, 20, 754, 419, 234, 137, 309, 867, 564, 393, 860, 848, 106, 815, 462, 441, 788, 943, 722, 295, 443, 678]
Tree:
None

Fitness:
16.502787796880497