Generation:
1000

Phenotype:
+9.9E-1*KG(x[:,0], 4.1E+0,1.0E+0,None)

Genotype:
[714, 460, 251, 869, 585, 521, 777, 591, 466, 310, 360, 410, 400, 180, 373, 595, 372, 841, 401, 871, 446, 701, 629, 912, 237, 231, 278, 20, 652, 212, 490, 795, 438, 36, 337, 76, 990, 22, 882, 303, 61, 767, 410, 453, 48, 379, 814, 869, 341, 312, 813, 650, 545, 471, 940, 204, 847, 385, 684, 971, 39, 157, 782, 515, 344, 260, 277, 324, 498, 488, 163, 661, 484, 341, 92, 883, 865, 986, 883, 249, 606, 192, 746, 713, 948, 626, 915, 576, 404, 307]
Tree:
None

Fitness:
0.3238744900012613