Generation:
1000

Phenotype:
-7.2E-4*KG(x[:,0], 7.1E-8,3.0E-9,None)-9.0E+2*KG(x[:,0], 5.0E-5,4.5E+2,None)

Genotype:
[619, 83, 690, 202, 73, 914, 411, 161, 555, 88, 299, 860, 825, 39, 931, 336, 347, 953, 370, 708, 952, 634, 850, 303, 315, 651, 385, 472, 272, 610, 720, 66, 290, 339, 11, 546, 929, 776, 847, 481, 865, 177, 689, 188, 726, 174, 975, 727, 554, 348, 242, 714, 128, 116, 9, 644, 211, 216, 931, 747, 531, 400, 285, 554, 313, 141, 975, 629, 321, 605, 204, 221, 305, 291, 524, 926, 155, 81, 976, 468, 616, 277, 64, 226, 280, 170, 999, 185, 452, 372, 309, 599, 432, 538, 213, 905, 813, 68, 591, 33, 444, 928, 571, 933, 425, 625, 394, 858, 720, 627, 11, 103]
Tree:
None

Fitness:
2.3928859128574893