Generation:
1000

Phenotype:
+7.1E-1*KS(x[:,0], 4.3E-0,3.8E+0,None)+7.2E+0*KS(x[:,0], 1.0E+0,4.8E-8,None)+5.1E+0*KS(x[:,0], 8.3E-2,7.4E-1,None)

Genotype:
[923, 754, 744, 371, 139, 921, 408, 503, 347, 810, 794, 928, 170, 700, 692, 377, 220, 690, 792, 36, 690, 621, 80, 810, 210, 678, 428, 209, 188, 703, 406, 68, 535, 401, 52, 880, 556, 903, 489, 622, 771, 494, 529, 71, 212, 484, 431, 606, 108, 863, 862, 907, 435, 689, 486, 468, 427, 625, 299, 585, 988, 282, 156, 694, 798, 960, 807, 910, 407, 86, 599, 869, 249, 176, 470, 225, 865, 515, 612, 194, 34, 572, 789, 37, 996, 79, 302, 899, 154, 252, 416, 552, 453, 831, 168, 653, 340, 138, 257, 109, 810, 849, 505, 712, 700, 684, 423, 33, 97, 604, 402, 802, 723, 195, 96, 704, 551, 489, 709, 296, 651, 39, 563, 483, 691, 98, 466, 186, 689, 286, 459, 772, 666, 404, 301, 272, 240, 704, 334, 490, 533, 421, 188, 229, 591, 669, 569, 881, 94, 725, 254, 977, 349, 922, 524, 873, 157, 104, 707, 946, 893, 931, 908, 502, 663, 561, 8, 195, 976, 44, 75, 171, 254, 200, 809, 297, 424, 144, 484, 26]
Tree:
None

Fitness:
13.791929613764019