Generation:
1000

Phenotype:
+5.1E-1*KP(x[:,0], 6.9E+0,4.4E+0,1)+9.8E-1*KS(x[:,0], 2.2E+8,1.4E+8,None)

Genotype:
[579, 844, 391, 871, 805, 161, 698, 659, 796, 610, 948, 514, 976, 120, 711, 976, 268, 827, 288, 243, 871, 64, 512, 998, 198, 783, 334, 190, 518, 788, 469, 259, 266, 174, 700, 134, 882, 84, 700, 526, 547, 706, 645, 299, 998, 652, 464, 23, 984, 653, 54, 549, 420, 844, 789, 465, 72, 872, 907, 716, 73, 790, 377, 709, 906, 770, 910, 304, 493, 735, 313, 721, 546, 827, 42, 837, 355, 571, 673, 262, 927, 774, 958, 651, 490, 802, 525, 435, 583, 574]
Tree:
None

Fitness:
20.064654904652297