Generation:
1000

Phenotype:
+9.9E-1*KG(x[:,0], 4.1E-0,1.0E+0,None)

Genotype:
[276, 870, 917, 49, 415, 381, 498, 321, 637, 50, 252, 630, 390, 930, 283, 87, 587, 277, 795, 887, 572, 641, 494, 928, 37, 890, 794, 456, 803, 515, 629, 88, 73, 425, 217, 825, 79, 643, 66, 591, 231, 612, 199, 884, 65, 199, 720, 880, 199, 297, 459, 802, 700, 770, 316, 316, 916, 672, 750, 610, 472, 658, 316, 342, 35, 540, 304, 352, 53, 909, 872, 813, 109, 212, 66, 368, 752, 484, 374, 758, 348, 676, 389, 470, 597, 25, 943, 69, 559, 312, 68, 731, 158, 987, 997, 293, 105, 518, 97, 385, 617, 645, 801, 897, 390, 684, 393, 812, 245, 144, 967, 132]
Tree:
None

Fitness:
0.3238744900012613