Generation:
1000

Phenotype:
-2.8E-1*KS(x[:,0], 1.1E+5,8.8E+0,None)+8.7E+0*KS(x[:,0], 5.9E+9,5.2E+9,None)+1.2E-4*KS(x[:,0], 1.8E-4,8.4E+3,None)

Genotype:
[557, 743, 271, 238, 927, 241, 513, 561, 180, 695, 601, 778, 654, 300, 289, 293, 76, 529, 217, 556, 180, 940, 609, 736, 529, 391, 922, 750, 679, 301, 532, 406, 207, 372, 521, 594, 990, 838, 423, 74, 682, 134, 760, 413, 655, 922, 307, 490, 505, 438, 627, 852, 763, 408, 664, 130, 343, 992, 362, 18, 395, 259, 783, 245, 259, 979, 104]
Tree:
None

Fitness:
42.59097253290109