Generation:
1000

Phenotype:
+9.9E-1*KG(x[:,0], 3.0E+0,9.9E-1,None)-6.9E-2*KS(x[:,0], 3.3E-0,3.4E-0,None)

Genotype:
[907, 162, 683, 939, 379, 771, 542, 440, 416, 770, 143, 419, 27, 531, 688, 544, 973, 815, 789, 203, 32, 587, 983, 483, 310, 542, 114, 995, 70, 144, 633, 388, 32, 285, 408, 388, 652, 917, 688, 756, 728, 811, 983, 664, 511, 192, 195, 702, 145, 151, 985, 974, 587, 342, 608, 530, 873, 367, 213, 642, 22, 990, 873, 550, 104, 998, 750, 400, 957, 143, 83, 448, 679, 93, 457, 159, 652, 857, 971, 847, 248, 555, 494, 473, 146, 620, 563, 368, 183, 397]
Tree:
None

Fitness:
0.04525835136619064