Generation:
1000

Phenotype:
+7.1E+5*KG(x[:,0], 4.7E-5,5.0E+2,None)+2.3E-1*KS(x[:,0], 4.6E-1,6.1E-5,None)

Genotype:
[595, 636, 771, 471, 668, 695, 147, 357, 991, 555, 346, 310, 706, 682, 435, 196, 316, 19, 253, 395, 671, 264, 66, 99, 171, 248, 251, 555, 685, 915, 469, 976, 816, 592, 910, 888, 877, 742, 105, 622, 614, 310, 916, 713, 71, 891, 146, 451, 686, 357, 533, 162, 548, 184, 22, 630, 330, 97, 708, 2, 219, 10, 424, 21, 674, 80, 696, 880, 275, 250, 325, 398, 174, 90, 638, 754, 660, 417, 650, 122, 77, 834, 351, 59, 644, 383, 912, 280, 458, 260, 296, 470, 449, 173, 899, 329, 137, 99, 637, 728, 897, 819, 957, 445, 940, 277, 175, 956, 671, 406, 786, 954, 825, 311, 182, 570, 850, 166, 244, 944, 512, 650, 875, 27, 421, 203, 683, 720, 128, 842, 987, 779, 23, 290, 131]
Tree:
None

Fitness:
54.861327851297226