Generation:
1000

Phenotype:
+9.9E-1*KG(x[:,0], 3.2E-0,9.9E-1,None)-6.9E-2*KS(x[:,0], 4.3E-0,4.0E+0,None)+1.9E-2*KS(x[:,0], 5.3E+6,1.1E-9,None)

Genotype:
[469, 166, 134, 949, 217, 301, 956, 452, 167, 840, 764, 899, 181, 541, 893, 449, 851, 392, 459, 217, 422, 354, 813, 23, 930, 678, 760, 476, 680, 164, 82, 394, 9, 469, 669, 132, 661, 553, 588, 246, 486, 251, 571, 289, 566, 134, 399, 749, 922, 433, 664, 603, 890, 139, 666, 784, 100, 518, 703, 733, 792, 615, 496, 579, 80, 792, 734]
Tree:
None

Fitness:
0.04254337331405467