Generation:
1000

Phenotype:
+1.3E+1*KS(x[:,0], 5.5E-1,3.0E-1,None)-9.8E-1*KS(x[:,0], 5.3E+0,1.0E-9,None)

Genotype:
[857, 438, 531, 353, 838, 871, 319, 175, 219, 951, 551, 260, 791, 811, 508, 400, 975, 665, 518, 571, 771, 868, 313, 430, 840, 45, 410, 523, 259, 139, 393, 146, 49, 936, 183, 598, 229, 52, 510, 760, 250, 476, 171, 495, 85, 347, 641, 961, 56, 120, 720, 489, 905, 574, 139, 975, 854, 23, 800, 834, 154, 842, 375, 140, 907, 969, 404, 189, 514, 342, 734, 88, 746, 320, 188, 865, 774, 753, 125, 737, 58, 963, 148, 977, 279, 893, 770, 777, 818, 912, 921, 133, 82, 573, 88, 748, 762, 257, 693, 383, 931, 814, 326, 112, 18, 608, 575, 871, 374, 766, 270, 455, 460, 289, 311, 857, 334, 129, 801, 118, 678, 837, 568, 371, 485, 408, 42, 622, 338, 94, 739, 500, 209, 340, 978, 938, 686, 948, 765, 123, 166, 643, 603, 559, 928, 277, 932, 794, 752, 538, 309, 672, 344, 362, 18, 77, 80, 915, 17, 488, 72, 723, 795, 551, 123, 589, 929, 314, 932, 61, 817, 766, 666, 868, 780, 523, 599, 767, 466, 377]
Tree:
None

Fitness:
12.522987491583699