Generation:
1000

Phenotype:
+9.6E-0*KS(x[:,0], 7.2E-1,4.9E-2,None)+2.5E+0*KP(x[:,0], 1.7E+6,6.4E-0,0)

Genotype:
[755, 408, 314, 446, 883, 980, 456, 612, 629, 51, 471, 749, 293, 312, 431, 950, 268, 982, 155, 240, 330, 261, 887, 978, 26, 635, 454, 47, 710, 910, 624, 113, 494, 36, 315, 885, 309, 224, 156, 223, 568, 243, 968, 209, 369, 751, 833, 84, 810, 890, 396, 516, 543, 219, 577, 690, 785, 987, 844, 690, 529, 987, 765, 55, 33, 219, 766, 497, 976, 653, 223, 305, 566, 907, 658, 903, 352, 458, 697, 187, 863, 198, 200, 414, 166, 744, 847, 448, 382, 382]
Tree:
None

Fitness:
12.545700399452816