Generation:
1000

Phenotype:
+9.6E+0*KS(x[:,0], 7.3E-1,9.2E-2,None)-9.7E-2*KS(x[:,0], 9.0E+2,2.2E-8,None)+2.3E-0*KS(x[:,0], 5.7E-7,9.8E+1,None)

Genotype:
[443, 398, 179, 766, 336, 420, 771, 43, 105, 61, 197, 352, 543, 942, 96, 251, 9, 773, 867, 475, 22, 854, 980, 906, 132, 163, 152, 697, 758, 32, 778, 498, 766, 313, 515, 380, 544, 77, 13, 327, 746, 968, 336, 601, 407, 272, 337, 398, 319, 467, 270, 252, 137, 895, 551, 469, 84, 68, 406, 301, 112, 936, 753, 60, 968, 793, 410, 325, 207, 336, 438, 714, 181, 41, 463, 74, 939, 959, 94, 126, 894, 377, 390, 70, 522, 94, 939, 28, 660, 65, 9, 834, 364, 458, 289, 780, 412, 604, 54, 865, 0, 948, 627, 991, 555, 269, 751, 222, 868, 5, 545, 356, 628, 9, 796, 27, 78, 831, 281, 471, 903, 196, 684, 20, 302, 122, 856, 206, 212, 524, 658, 549, 750, 702, 522]
Tree:
None

Fitness:
12.315982784193238