Generation:
1000

Phenotype:
+2.9E-0*KG(x[:,0], 2.7E-2,9.7E-2,None)+9.7E-0*KS(x[:,0], 7.1E-1,9.7E-3,None)

Genotype:
[697, 960, 847, 849, 63, 620, 586, 707, 555, 272, 188, 107, 889, 722, 886, 190, 10, 665, 447, 629, 700, 6, 561, 279, 901, 701, 907, 159, 443, 452, 136, 11, 957, 367, 834, 538, 466, 202, 889, 201, 839, 564, 81, 144, 60, 208, 41, 172, 799, 648, 692, 452, 856, 44, 157, 525, 562, 548, 559, 211, 74, 795, 722, 723, 587, 158, 290, 279, 7, 623, 868, 35, 5, 563, 850, 325, 857, 598, 406, 145, 970, 720, 2, 833, 694, 939, 307, 818, 953, 617, 988, 584, 995, 21, 934, 53, 89, 60, 550, 985, 934, 76, 751, 905, 291, 971, 824, 708, 677, 588, 997, 226, 373, 957, 266, 416, 181, 548, 540, 730, 491, 746, 431, 204, 750, 507, 173, 901, 185, 790, 835, 702, 229, 62, 925]
Tree:
None

Fitness:
12.183272534123294