Generation:
1000

Phenotype:
+9.9E-1*KG(x[:,0], 3.1E+0,9.9E-1,None)-6.1E-2*KG(x[:,0], 2.8E-2,1.0E-9,None)

Genotype:
[229, 166, 71, 219, 139, 331, 578, 741, 780, 710, 233, 479, 455, 781, 823, 72, 593, 446, 541, 193, 632, 280, 468, 591, 542, 261, 50, 429, 309, 10, 317, 167, 795, 404, 462, 600, 17, 363, 592, 755, 486, 299, 207, 491, 430, 237, 992, 558, 954, 742, 847, 675, 3, 599, 708, 248, 674, 16, 185, 465, 126, 797, 252, 498, 356, 302, 583, 968, 215, 815, 794, 294, 443, 621, 689, 629, 832, 463, 346, 695, 172, 878, 620, 731, 195, 598, 555, 664, 722, 584, 175, 624, 444, 439, 236, 889, 139, 546, 537, 550, 158, 284, 553, 1000, 782, 101, 90, 591, 645, 333, 942, 742, 645, 257, 301, 471, 245, 567, 164, 104, 848, 531, 114, 376, 9, 497, 808, 56, 997, 687, 381, 190, 537, 920, 822]
Tree:
None

Fitness:
0.04753050005966039