Generation:
1000

Phenotype:
+8.9E+5*KS(x[:,0], 5.9E-6,3.9E-6,None)-2.9E-5*KP(x[:,0], 4.9E+0,7.0E-0,4)

Genotype:
[623, 282, 835, 849, 348, 335, 319, 519, 925, 26, 461, 539, 241, 146, 191, 266, 351, 559, 609, 947, 215, 975, 729, 54, 710, 852, 290, 291, 950, 949, 458, 812, 326, 658, 49, 535, 807, 92, 540, 985, 649, 660, 92, 21, 733, 457, 487, 21, 297, 496, 610, 320, 767, 435, 610, 259, 800, 780, 844, 811, 245, 997, 164, 373, 77, 847, 332, 287, 242, 115, 767, 769, 144, 556, 206, 367, 458, 241, 118, 754, 403, 720, 783, 690, 124, 608, 280, 153, 785, 367, 634, 609, 360, 113, 767, 692, 612, 386, 720, 0, 723, 600, 405, 569, 214, 979, 586, 713, 11, 731, 262, 412]
Tree:
None

Fitness:
12.6426115724905