Generation:
1000

Phenotype:
+5.0E-2*KS(x[:,0], 3.9E+5,1.0E-9,None)

Genotype:
[88, 252, 229, 520, 697, 722, 434, 149, 696, 365, 495, 590, 187, 819, 566, 522, 524, 513, 938, 250, 10, 11, 333, 520, 818, 542, 670, 605, 865, 177, 180, 74, 910, 662, 599, 481, 9, 375, 80, 779, 34, 308, 708, 281, 942, 865, 465, 115, 741, 759, 765, 779, 823, 712, 903, 633, 671, 244, 153, 137, 589, 927, 842, 685, 914, 381, 823, 46, 736, 31, 803, 66, 772, 273, 275, 287, 364, 573, 122, 215, 302, 621, 773, 181, 924, 168, 169, 661, 622, 749]
Tree:
None

Fitness:
2.2868615606190237