Generation:
1000

Phenotype:
-2.6E-8*KP(x[:,0], 1.0E-9,9.5E+5,1)

Genotype:
[836, 767, 199, 776, 35, 88, 684, 310, 455, 179, 377, 15, 282, 845, 326, 472, 394, 244, 669, 49, 701, 203, 664, 354, 867, 263, 601, 821, 939, 246, 834, 33, 400, 725, 464, 558, 386, 194, 630, 509, 227, 952, 522, 379, 330, 568, 576, 68, 895, 310, 244, 920, 162, 342, 287, 613, 227, 577, 399, 365, 10, 158, 928, 262, 710, 177, 408, 936, 441, 490, 837, 775, 173, 993, 797, 351, 475, 232, 627, 253, 297, 604, 153, 479, 248, 14, 563, 993, 206, 150]
Tree:
None

Fitness:
2.3471329513442614