Generation:
1000

Phenotype:
+2.7E+0*KS(x[:,0], 6.3E-8,2.2E+9,None)+9.4E-0*KS(x[:,0], 7.6E-1,7.2E-3,None)

Genotype:
[455, 14, 451, 997, 92, 570, 626, 493, 715, 888, 181, 172, 38, 879, 457, 388, 358, 188, 434, 483, 580, 816, 676, 595, 271, 249, 962, 643, 793, 871, 841, 374, 641, 746, 396, 934, 688, 926, 533, 10, 324, 981, 678, 476, 255, 504, 262, 51, 426, 887, 983, 981, 459, 535, 70, 937, 544, 807, 840, 364, 28, 651, 264, 930, 313, 422, 837, 943, 608, 637, 662, 523, 24, 747, 471, 481, 519, 656, 162, 112, 155, 956, 312, 547, 546, 75, 486, 125, 935, 723, 599, 36, 140, 506, 551, 695, 85, 180, 38, 328, 492, 116, 896, 427, 549, 583, 925, 955, 702, 569, 788, 726, 34, 555, 33, 64, 878, 108, 574, 921, 404, 1000, 425, 781, 662, 592, 768, 945, 796, 274, 382, 917, 341, 413, 387, 430, 378, 726, 942, 138, 405, 548, 482, 656, 982, 751, 465, 617, 650, 548, 840, 27, 464, 951, 450, 272, 121, 90, 197, 465, 60, 657, 456, 73, 553, 717, 825, 723, 807, 265, 702, 446, 438, 365, 471, 716, 43, 626, 687, 772]
Tree:
None

Fitness:
12.81840880654005