Generation:
1000

Phenotype:
+9.7E-0*KS(x[:,0], 6.7E-1,4.9E-9,None)+3.0E+0*KG(x[:,0], 4.3E-2,8.2E-1,None)-3.9E-5*KG(x[:,0], 2.3E-5,7.9E+0,None)

Genotype:
[713, 572, 656, 597, 505, 790, 689, 927, 355, 381, 120, 899, 977, 509, 551, 949, 176, 533, 470, 546, 660, 147, 933, 585, 862, 988, 832, 45, 751, 357, 942, 337, 641, 639, 413, 305, 127, 93, 769, 215, 177, 49, 588, 440, 686, 241, 849, 277, 272, 476, 491, 487, 470, 679, 653, 264, 622, 475, 170, 553, 271, 753, 601, 441, 834, 421, 691, 16, 129, 194, 154, 748, 815, 661, 759, 359, 467, 914, 590, 295, 391, 166, 381, 204, 901, 509, 867, 190, 750, 219]
Tree:
None

Fitness:
12.219287431951264