Generation:
1000

Phenotype:
+7.8E+4*KS(x[:,0], 7.1E-5,4.0E-5,None)-6.1E-1*KP(x[:,0], 7.2E-1,7.3E-2,3)-5.7E-5*KS(x[:,0], 1.0E-1,2.2E+6,None)

Genotype:
[125, 290, 42, 638, 580, 24, 726, 201, 273, 875, 12, 240, 151, 655, 417, 927, 487, 230, 871, 61, 571, 798, 692, 315, 941, 825, 973, 353, 92, 673, 238, 611, 634, 577, 279, 845, 567, 150, 233, 961, 964, 682, 730, 126, 3, 356, 336, 16, 816, 980, 564, 775, 563, 594, 448, 722, 928, 546, 87, 524, 492, 958, 538, 65, 545, 306, 375, 449, 632, 251, 314, 614, 927, 597, 499, 785, 446, 542, 566, 267, 68, 481, 378, 943, 966, 113, 471, 71, 17, 311]
Tree:
None

Fitness:
11.980131419532563