Generation:
1000

Phenotype:
+9.9E-1*KG(x[:,0], 4.0E+0,9.9E-1,None)

Genotype:
[366, 198, 773, 979, 985, 841, 489, 1000, 66, 90, 17, 599, 329, 681, 606, 205, 634, 340, 823, 499, 842, 440, 184, 405, 14, 453, 528, 839, 12, 219, 59, 32, 668, 82, 779, 26, 175, 12, 22, 740, 74, 389, 75, 879, 514, 436, 438, 888, 342, 539, 351, 132, 14, 51, 300, 819, 543, 181, 643, 707, 538, 633, 961, 999, 590, 734, 995, 580, 757, 830, 203, 550, 736, 395, 699, 811, 34, 881, 292, 606, 954, 193, 902, 949, 783, 308, 735, 152, 148, 118]
Tree:
None

Fitness:
0.32430525933371085