Generation:
1000

Phenotype:
+9.6E+0*KS(x[:,0], 7.1E-1,8.3E-2,None)+2.3E-0*KS(x[:,0], 7.9E-0,9.3E+6,None)

Genotype:
[35, 496, 899, 566, 932, 70, 258, 261, 523, 961, 250, 713, 137, 612, 176, 670, 354, 406, 823, 931, 890, 690, 459, 925, 180, 647, 203, 604, 756, 112, 591, 50, 535, 249, 16, 83, 576, 508, 455, 978, 584, 319, 31, 833, 951, 633, 630, 859, 19, 824, 451, 290, 552, 222, 781, 904, 431, 81, 685, 962, 935, 628, 9, 252, 401, 483, 163, 214, 252, 873, 384, 852, 428, 933, 961, 696, 659, 712, 216, 714, 204, 600, 64, 750, 833, 314, 701, 228, 296, 237]
Tree:
None

Fitness:
12.409388089038107