Generation:
1000

Phenotype:
+9.9E-1*KG(x[:,0], 3.1E-0,9.9E-1,None)-5.9E-2*KS(x[:,0], 8.4E+0,8.6E+0,None)

Genotype:
[667, 212, 575, 449, 765, 881, 560, 331, 255, 30, 512, 559, 631, 51, 738, 688, 223, 166, 269, 779, 842, 934, 914, 536, 390, 241, 66, 280, 830, 170, 843, 282, 953, 709, 52, 581, 287, 311, 982, 460, 2, 779, 660, 56, 28, 336, 931, 747, 548, 765, 931, 478, 966, 54, 838, 376, 621, 894, 633, 282, 346, 906, 363, 382, 167, 662, 607, 325, 471, 843, 194, 381, 141, 439, 741, 985, 296, 899, 997, 195, 86, 93, 621, 341, 227, 348, 22, 797, 24, 653]
Tree:
None

Fitness:
0.04637028770561894