Generation:
1000

Phenotype:
-6.8E-2*KG(x[:,0], 9.1E-7,8.7E-8,None)+2.8E-3*KS(x[:,0], 4.8E-7,3.4E+2,None)+9.9E-1*KG(x[:,0], 2.9E+0,9.9E-1,None)

Genotype:
[205, 477, 581, 488, 709, 302, 332, 201, 391, 877, 115, 727, 591, 338, 494, 785, 876, 919, 448, 61, 263, 912, 318, 777, 527, 785, 434, 586, 512, 574, 126, 960, 953, 779, 981, 41, 811, 459, 154, 830, 872, 459, 265, 671, 621, 590, 837, 928, 842, 84, 365, 12, 185, 128, 897, 798, 950, 964, 905, 302, 595, 51, 751, 141, 782, 911, 868]
Tree:
None

Fitness:
0.04813091143940986