Generation:
1000

Phenotype:
+9.9E-2*KS(x[:,0], 5.6E+0,1.0E-9,None)-3.7E-2*KP(x[:,0], 6.0E-1,2.3E-3,3)

Genotype:
[761, 88, 233, 359, 655, 682, 40, 536, 134, 970, 144, 780, 243, 589, 489, 374, 505, 398, 767, 773, 922, 374, 240, 313, 651, 406, 633, 581, 603, 238, 997, 852, 481, 427, 157, 790, 83, 433, 852, 210, 401, 594, 551, 148, 103, 773, 487, 109, 45, 590, 660, 387, 522, 132, 891, 317, 227, 798, 744, 276, 567, 248, 214, 328, 442, 652, 321, 593, 640, 99, 161, 760, 122, 182, 809, 573, 581, 454, 451, 707, 798, 96, 886, 392, 864, 742, 952, 736, 421, 201]
Tree:
None

Fitness:
2.0426132352338953