Generation:
1000

Phenotype:
-3.7E-2*KP(x[:,0], 6.0E-1,2.3E-3,3)+9.9E-2*KS(x[:,0], 5.6E+0,1.2E-9,None)

Genotype:
[969, 701, 353, 947, 449, 682, 293, 630, 691, 601, 919, 323, 141, 893, 948, 268, 264, 665, 729, 629, 942, 724, 516, 170, 450, 918, 382, 795, 939, 251, 626, 274, 40, 222, 215, 940, 395, 624, 308, 336, 83, 375, 469, 811, 557, 314, 987, 278, 803, 261, 55, 571, 238, 960, 574, 588, 548, 784, 377, 926, 657, 469, 314, 661, 667, 590, 761, 424, 144, 976, 760, 700, 278, 889, 583, 50, 226, 29, 289, 869, 303, 790, 834, 49, 879, 993, 652, 472, 607, 901, 715, 169, 907, 779, 497, 973, 480, 281, 499, 738, 636, 192, 685, 228, 705, 619, 314, 619, 833, 960, 284, 519]
Tree:
None

Fitness:
2.0426132352351223