Generation:
1000

Phenotype:
+9.9E+0*KS(x[:,0], 6.5E-1,3.9E-1,None)

Genotype:
[592, 750, 134, 139, 528, 250, 275, 265, 393, 311, 614, 709, 895, 421, 442, 791, 306, 188, 422, 223, 283, 320, 381, 930, 885, 199, 272, 44, 6, 988, 617, 134, 250, 250, 168, 783, 933, 502, 824, 936, 694, 194, 590, 598, 740, 146, 353, 94, 374, 969, 706, 625, 424, 585, 929, 576, 747, 310, 999, 794, 446, 851, 517, 440, 183, 342, 516, 300, 191, 969, 178, 115, 225, 186, 130, 631, 585, 962, 631, 163, 7, 90, 282, 926, 499, 751, 847, 336, 667, 65]
Tree:
None

Fitness:
18.045831446534375