Generation:
1000

Phenotype:
+9.9E+0*KS(x[:,0], 7.2E-1,3.3E-9,None)+3.4E+0*KG(x[:,0], 4.9E-2,7.8E-2,None)

Genotype:
[707, 742, 989, 899, 70, 960, 429, 192, 795, 961, 254, 273, 141, 199, 171, 552, 278, 245, 144, 248, 730, 273, 589, 241, 342, 897, 108, 133, 902, 86, 915, 484, 462, 608, 438, 502, 961, 716, 176, 718, 486, 204, 574, 168, 158, 105, 102, 185, 739, 19, 890, 487, 878, 301, 787, 813, 217, 475, 593, 692, 473, 784, 373, 940, 14, 490, 388, 920, 512, 40, 573, 435, 297, 528, 971, 918, 31, 717, 925, 376, 1000, 905, 213, 888, 802, 561, 57, 201, 509, 452]
Tree:
None

Fitness:
12.064767536612665