Generation:
1000

Phenotype:
+8.1E-2*KS(x[:,0], 1.3E+1,3.0E-6,None)

Genotype:
[754, 900, 538, 421, 373, 652, 594, 233, 966, 301, 524, 500, 515, 636, 570, 961, 233, 520, 411, 174, 284, 190, 499, 953, 288, 793, 256, 222, 840, 128, 321, 29, 562, 207, 45, 201, 334, 344, 136, 482, 653, 400, 409, 356, 264, 755, 27, 801, 542, 628, 321, 468, 75, 977, 259, 574, 601, 810, 816, 564, 941, 600, 540, 438, 199, 711, 949, 438, 260, 570, 70, 387, 429, 226, 142, 538, 455, 86, 737, 378, 528, 348, 915, 764, 905, 565, 26, 552, 451, 464]
Tree:
None

Fitness:
2.37765484499471