Generation:
1000

Phenotype:
+9.9E-0*KS(x[:,0], 6.5E-1,3.9E-1,None)

Genotype:
[40, 584, 728, 819, 659, 50, 581, 215, 355, 761, 362, 169, 311, 981, 343, 25, 215, 717, 337, 988, 461, 460, 125, 629, 542, 412, 994, 911, 418, 668, 482, 210, 183, 363, 710, 630, 860, 408, 179, 331, 986, 354, 663, 673, 802, 891, 11, 742, 520, 526, 841, 193, 928, 560, 26, 235, 822, 256, 982, 14, 846, 172, 526, 814, 636, 130, 79, 665, 597, 205, 244, 38, 315, 451, 560, 23, 340, 548, 196, 39, 71, 734, 377, 281, 122, 677, 25, 530, 160, 884, 595, 808, 97, 494, 267, 593, 355, 731, 84, 888, 406, 251, 236, 846, 881, 235, 924, 622, 833, 634, 301, 29, 846, 975, 589, 708, 880, 817, 626, 410, 903, 757, 6, 366, 64, 214, 193, 307, 723, 928, 417, 784, 940, 232, 986]
Tree:
None

Fitness:
18.045831446534375