Generation:
1000

Phenotype:
+9.1E+0*KS(x[:,0], 8.1E-1,1.4E-7,None)+3.0E+0*KP(x[:,0], 7.9E+5,4.2E-0,0)

Genotype:
[941, 374, 485, 561, 938, 990, 709, 841, 691, 341, 954, 674, 819, 327, 331, 176, 618, 605, 900, 604, 70, 627, 529, 462, 315, 912, 312, 825, 310, 535, 117, 333, 169, 942, 749, 967, 671, 651, 717, 664, 238, 717, 41, 423, 237, 581, 45, 731, 214, 361, 350, 504, 723, 815, 394, 617, 840, 913, 0, 407, 809, 655, 456, 251, 883, 137, 822, 853, 872, 726, 694, 341, 602, 597, 305, 627, 146, 63, 52, 445, 404, 349, 127, 972, 309, 197, 770, 512, 573, 523, 935, 320, 204, 330, 97, 997, 552, 910, 705, 900, 305, 866, 727, 816, 162, 243, 831, 865, 755, 388, 270, 344, 472, 599, 160, 998, 225, 872, 86, 745, 869, 462, 356, 691, 582, 993, 178, 462, 308, 243, 351, 794, 857, 482, 838, 113, 881, 427, 481, 952, 165, 487, 349, 135, 453, 327, 345, 482, 96, 839, 450, 167, 403, 239, 507, 890, 376]
Tree:
None

Fitness:
13.322774958090745