Generation:
1000

Phenotype:
+9.9E-0*KS(x[:,0], 7.8E-1,9.1E-2,None)-5.3E-1*KS(x[:,0], 8.6E+6,3.1E-5,None)+2.3E-0*KS(x[:,0], 5.1E-8,7.2E-0,None)

Genotype:
[443, 334, 17, 29, 755, 380, 753, 188, 89, 711, 161, 401, 941, 962, 892, 983, 55, 769, 143, 519, 621, 457, 936, 854, 126, 929, 441, 89, 875, 824, 520, 552, 289, 623, 989, 160, 4, 551, 665, 98, 69, 882, 799, 560, 1000, 813, 154, 419, 649, 973, 819, 974, 331, 722, 983, 677, 222, 268, 264, 202, 507, 686, 771, 970, 92, 953, 437, 70, 55, 792, 630, 203, 473, 222, 954, 891, 554, 999, 556, 7, 703, 980, 640, 882, 187, 210, 409, 492, 759, 193, 90, 732, 740, 932, 116, 249, 145, 868, 949, 305, 963, 237, 299, 896, 564, 556, 798, 272, 667, 929, 34, 644, 436, 872, 999, 886, 97, 820, 689, 288, 623, 992, 178, 596, 44, 995, 528, 665, 260, 899, 623, 849, 225, 463, 133, 686, 137, 403, 338, 784, 42, 93, 921, 46, 236, 210, 334, 504, 104, 998, 215, 565, 458, 551, 676, 89, 874, 612, 138, 726, 611, 944, 729, 115, 571, 709, 67, 214, 619, 624, 456, 892, 503, 391, 130, 155, 257, 58, 684, 776]
Tree:
None

Fitness:
12.047657021374196