Generation:
1000

Phenotype:
+9.6E+0*KS(x[:,0], 7.1E-1,8.3E-2,None)+2.3E+0*KS(x[:,0], 1.0E-9,1.3E+7,None)

Genotype:
[899, 624, 485, 656, 350, 90, 348, 91, 393, 391, 763, 313, 787, 92, 844, 286, 620, 316, 83, 652, 410, 63, 790, 285, 189, 558, 623, 858, 547, 781, 178, 55, 348, 470, 186, 207, 991, 144, 151, 302, 178, 901, 148, 838, 756, 518, 332, 133, 327, 978, 308, 576, 38, 644, 262, 594, 705, 913, 985, 538, 711, 833, 629, 455, 561, 484, 451, 199, 777, 506, 404, 454, 774, 462, 260, 104, 414, 344, 963, 848, 482, 471, 512, 287, 499, 757, 996, 845, 15, 81, 680, 296, 460, 219, 312, 335, 548, 649, 790, 166, 794, 878, 263, 153, 98, 745, 398, 414, 564, 544, 337, 88]
Tree:
None

Fitness:
12.409388089038107