Generation:
1000

Phenotype:
+8.9E-2*KS(x[:,0], 5.8E+0,3.2E-9,None)+6.9E-4*KS(x[:,0], 7.8E+3,2.7E+8,None)+8.7E-6*KP(x[:,0], 9.0E-7,7.2E+4,0)-3.5E+9*KP(x[:,0], 9.6E-4,5.0E-7,4)

Genotype:
[461, 142, 169, 309, 265, 922, 49, 908, 770, 180, 605, 812, 695, 419, 904, 371, 448, 446, 429, 849, 14, 33, 158, 682, 333, 1, 677, 520, 128, 277, 759, 556, 196, 137, 431, 596, 107, 850, 21, 797, 510, 162, 928, 264, 970, 764, 439, 632, 955, 596, 99, 638, 6, 363, 994, 643, 930, 853, 567, 274, 778, 901, 9, 926, 708, 11, 246, 101, 360, 265, 379, 838, 332, 527, 177, 57, 617, 914, 549, 448, 144, 43, 337, 45, 252, 702, 778, 966, 314, 948, 159, 355, 251, 947, 778, 746, 714, 251, 830, 842, 486, 711, 18, 169, 77, 155, 100, 658, 195, 967, 810, 989, 957, 273, 62, 760, 158, 268, 759, 865, 901, 340, 201, 662, 747, 595, 952, 131, 577, 262, 261, 356, 342, 512, 593, 548, 848, 777, 136, 222, 681, 573, 870, 747, 951, 162, 836, 709, 102, 207, 468, 847, 558, 236, 767, 618, 408, 352, 270, 68, 419, 947, 83, 687, 942, 68, 487, 428, 615, 787, 451, 45, 777, 889, 637, 453, 670, 570, 400, 350]
Tree:
None

Fitness:
2.091153262702836