Generation:
1000

Phenotype:
+9.0E-0*KS(x[:,0], 6.8E-1,9.9E-4,None)+2.6E+0*KG(x[:,0], 9.9E-3,2.1E-9,None)+5.9E-1*KS(x[:,0], 8.3E+5,6.9E+5,None)

Genotype:
[983, 500, 665, 810, 659, 90, 950, 588, 783, 981, 638, 739, 257, 694, 436, 181, 274, 235, 326, 134, 320, 854, 89, 755, 753, 451, 311, 557, 599, 639, 448, 496, 787, 539, 31, 811, 826, 13, 702, 975, 950, 99, 310, 215, 725, 974, 610, 146, 748, 705, 298, 56, 692, 186, 910, 254, 344, 373, 601, 917, 712, 88, 607, 807, 936, 618, 355, 522, 845, 900, 306, 610, 477, 687, 506, 528, 992, 530, 397, 867, 106, 156, 950, 274, 579, 988, 680, 845, 579, 620, 255, 754, 329, 671, 226, 473, 717, 393, 661, 598, 700, 792, 643, 698, 987, 489, 607, 285, 708, 130, 37, 854, 118, 936, 997, 143, 875, 220, 884, 491, 861, 68, 804, 360, 794, 623, 596, 224, 368, 560, 732, 369, 598, 224, 816]
Tree:
None

Fitness:
11.639601966212952