Generation:
1000

Phenotype:
+6.8E+0*KP(x[:,0], 1.0E-9,7.7E-1,4)+9.5E+0*KS(x[:,0], 7.2E-1,7.6E-2,None)

Genotype:
[813, 286, 365, 128, 598, 140, 279, 240, 487, 479, 168, 547, 733, 551, 119, 712, 322, 188, 385, 686, 890, 654, 42, 19, 631, 609, 426, 355, 402, 864, 618, 751, 308, 815, 917, 949, 602, 921, 307, 833, 315, 161, 994, 192, 25, 909, 49, 935, 183, 975, 896, 632, 100, 214, 449, 424, 963, 296, 401, 77, 89, 544, 870, 710, 687, 25, 187, 457, 133, 413, 591, 831, 714, 547, 439, 521, 975, 105, 886, 129, 813, 251, 386, 104, 14, 715, 256, 661, 113, 389, 192, 734, 214, 605, 968, 429, 476, 982, 280, 120, 279, 313, 210, 405, 793, 623, 706, 224, 948, 86, 234, 886, 751, 117, 157, 714, 842, 293, 935, 287, 197, 40, 85, 755, 119, 61, 954, 252, 595, 205, 978, 414, 725, 715, 135, 847, 762, 502, 366, 15, 681, 832, 9, 275, 97, 148, 357, 182, 417, 816, 633, 218, 95, 235, 382, 501, 395, 654, 508, 673, 848, 479, 664, 189, 39, 754, 749, 206, 853, 512, 937, 250, 293, 982, 117, 654, 32, 681, 601, 838]
Tree:
None

Fitness:
12.451872885509676