Generation:
1000

Phenotype:
+9.9E-1*KG(x[:,0], 3.6E-0,9.9E-1,None)-6.7E-0*KS(x[:,0], 7.0E-3,5.0E-3,None)+9.0E-2*KS(x[:,0], 2.3E-0,3.4E-8,None)

Genotype:
[715, 788, 539, 479, 397, 591, 488, 796, 981, 830, 215, 259, 937, 691, 241, 917, 413, 752, 897, 71, 930, 771, 840, 981, 843, 274, 80, 61, 703, 888, 64, 730, 314, 620, 873, 522, 343, 433, 47, 650, 857, 834, 651, 938, 597, 724, 788, 410, 731, 874, 746, 824, 405, 33, 53, 742, 754, 230, 415, 731, 589, 727, 479, 52, 934, 251, 916, 246, 948, 620, 712, 773, 347, 723, 600, 373, 758, 653, 325, 589, 170, 187, 849, 341, 831, 980, 399, 400, 686, 496, 252, 448, 472, 350, 556, 590, 624, 214, 814, 377, 343, 606, 771, 182, 197, 523, 525, 578, 547, 462, 384, 393, 82, 601, 666, 598, 374, 971, 170, 348, 130, 196, 73, 667, 999, 40, 696, 36, 179, 346, 334, 223, 714, 567, 746, 206, 71, 224, 378, 25, 26, 793, 35, 616, 886, 12, 912, 404, 473, 49, 779, 422, 191, 839, 378, 452, 423, 26, 996, 439, 800, 324, 236, 512, 779, 820, 429, 783, 283, 885, 632, 37, 284, 250, 882, 987, 509, 264, 201, 187]
Tree:
None

Fitness:
0.04237261327229401