Generation:
1000

Phenotype:
-6.4E-7*KP(x[:,0], 8.6E+4,3.0E-9,1)+9.5E-2*KS(x[:,0], 6.8E-0,1.0E-9,None)

Genotype:
[279, 223, 365, 114, 391, 817, 889, 766, 212, 764, 344, 920, 181, 969, 241, 292, 544, 638, 195, 277, 862, 293, 138, 235, 580, 531, 150, 597, 949, 315, 209, 246, 268, 969, 243, 599, 921, 513, 911, 959, 895, 820, 395, 746, 82, 965, 802, 590, 55, 686, 835, 805, 458, 914, 999, 596, 515, 267, 543, 247, 656, 969, 192, 413, 811, 801, 978, 317, 648, 686, 635, 616, 444, 785, 570, 297, 938, 98, 573, 206, 860, 395, 248, 22, 591, 813, 669, 117, 251, 921, 779, 585, 406, 942, 324, 317, 152, 442, 435, 942, 811, 88, 497, 579, 787, 34, 428, 200, 260, 82, 386, 573, 457, 522, 422, 130, 155, 858, 388, 911, 647, 216, 415, 406, 152, 88, 339, 167, 625, 798, 919, 207, 972, 457, 25, 109, 408, 215, 999, 312, 982, 96, 665, 424, 608, 396, 870, 890, 448, 241, 443, 815, 730, 727, 946, 896, 927, 22, 930, 458, 409, 728, 871, 777, 660, 803, 953, 581, 574, 34, 927, 572, 223, 330, 796, 94, 713, 958, 27, 341]
Tree:
None

Fitness:
2.0949211442273885