Generation:
1000

Phenotype:
+9.9E-2*KS(x[:,0], 5.2E-0,2.4E-9,None)-8.8E+3*KP(x[:,0], 9.9E-3,7.7E-6,3)+7.9E+1*KS(x[:,0], 6.5E-5,8.1E-6,None)

Genotype:
[5, 132, 917, 849, 165, 292, 445, 82, 243, 640, 532, 604, 549, 209, 737, 459, 433, 574, 258, 102, 663, 251, 99, 711, 893, 303, 667, 527, 656, 748, 208, 444, 69, 659, 692, 821, 158, 95, 549, 375, 241, 761, 271, 996, 70, 257, 263, 303, 455, 591, 742, 381, 481, 684, 124, 73, 327, 630, 429, 288, 391, 599, 921, 350, 466, 85, 693, 251, 786, 483, 126, 233, 906, 646, 143, 792, 308, 495, 138, 877, 571, 388, 887, 243, 868, 445, 304, 804, 913, 462, 309, 882, 891, 816, 96, 509, 529, 840, 101, 472, 67, 238, 602, 257, 164, 985, 516, 8, 78, 339, 100, 573, 932, 201, 803, 763, 821, 458, 632, 99, 546, 547, 308, 952, 813, 330, 581, 384, 725, 303, 816, 98, 33, 357, 325]
Tree:
None

Fitness:
2.0339671859349027