Generation:
1000

Phenotype:
+9.9E-1*KG(x[:,0], 2.9E+0,1.0E+0,None)-6.6E-2*KS(x[:,0], 2.4E-4,5.9E+1,None)

Genotype:
[871, 42, 656, 949, 959, 601, 424, 829, 100, 70, 153, 440, 900, 260, 103, 292, 345, 32, 106, 737, 782, 622, 504, 127, 124, 499, 579, 76, 101, 780, 994, 68, 804, 110, 962, 79, 28, 176, 3, 109, 212, 983, 735, 988, 351, 29, 476, 32, 675, 734, 944, 158, 395, 325, 286, 385, 677, 954, 408, 646, 281, 939, 774, 810, 297, 895, 204, 546, 371, 700, 868, 728, 723, 237, 636, 831, 231, 828, 295, 823, 78, 435, 350, 251, 832, 980, 581, 980, 626, 273, 862, 820, 20, 17, 226, 962, 647, 101, 563, 348, 867, 321, 292, 344, 674, 53, 677, 763, 457, 975, 852, 918, 470, 631, 747, 944, 649, 845, 595, 932, 238, 741, 317, 972, 957, 117, 709, 224, 812, 204, 163, 661, 553, 312, 870]
Tree:
None

Fitness:
0.04779318166678449