Generation:
1000

Phenotype:
+1.2E+1*KS(x[:,0], 6.0E-1,3.9E-1,None)-2.4E-0*KG(x[:,0], 3.2E-0,6.7E-1,None)+4.7E-0*KS(x[:,0], 7.7E-8,5.6E-5,None)+4.8E-6*KP(x[:,0], 1.6E-9,5.7E-0,4)

Genotype:
[773, 928, 63, 222, 184, 121, 140, 260, 689, 421, 236, 399, 991, 771, 810, 445, 731, 622, 894, 95, 950, 488, 992, 845, 270, 815, 527, 627, 101, 881, 227, 936, 129, 457, 753, 520, 789, 167, 939, 38, 40, 446, 121, 835, 551, 722, 462, 309, 98, 397, 46, 774, 96, 487, 389, 715, 177, 621, 340, 569, 411, 292, 60, 466, 102, 469, 89, 481, 50, 683, 709, 891, 742, 734, 26, 815, 176, 517, 928, 636, 719, 352, 641, 263, 401, 651, 334, 765, 787, 898]
Tree:
None

Fitness:
10.872808394477444