Generation:
1000

Phenotype:
+1.4E+7*KS(x[:,0], 2.8E-7,2.1E-7,None)

Genotype:
[322, 606, 630, 634, 306, 107, 91, 138, 723, 987, 712, 161, 723, 257, 111, 843, 618, 505, 592, 447, 117, 339, 89, 673, 148, 834, 528, 911, 573, 91, 340, 138, 367, 545, 996, 820, 544, 165, 488, 26, 514, 611, 448, 144, 418, 220, 814, 392, 697, 997, 398, 59, 361, 225, 747, 922, 702, 481, 865, 13, 84, 225, 260, 679, 128, 428, 547, 26, 554, 506, 577, 74, 686, 995, 793, 735, 375, 785, 828, 387, 164, 402, 446, 863, 594, 425, 160, 485, 853, 252]
Tree:
None

Fitness:
24.13160104525902