Generation:
1000

Phenotype:
+9.8E+0*KS(x[:,0], 6.0E-1,2.5E-1,None)+1.1E-7*KS(x[:,0], 1.8E+5,9.5E-3,None)+9.4E-1*KS(x[:,0], 3.0E-0,5.0E+2,None)+1.5E+6*KS(x[:,0], 2.1E-7,9.0E-8,None)

Genotype:
[407, 854, 800, 468, 986, 240, 347, 320, 831, 471, 91, 515, 561, 711, 113, 545, 318, 441, 621, 231, 757, 693, 318, 846, 505, 611, 195, 825, 333, 542, 785, 906, 44, 94, 475, 341, 335, 160, 845, 60, 418, 870, 28, 92, 906, 898, 86, 261, 375, 698, 526, 73, 101, 829, 647, 521, 180, 165, 448, 351, 471, 92, 967, 586, 44, 459, 830, 361, 273, 698, 3, 484, 962, 182, 629, 710, 856, 393, 929, 976, 482, 506, 476, 487, 73, 415, 156, 869, 559, 200, 338, 112, 931, 15, 571, 26, 931, 789, 779, 182, 738, 341, 154, 450, 644, 445, 283, 653, 430, 855, 722, 65, 187, 576, 651, 235, 405, 619, 913, 758, 8, 906, 304, 826, 723, 494, 155, 440, 961, 273, 713, 408, 480, 659, 142, 561, 836, 820, 70, 399, 457, 121, 742, 288, 60, 968, 436, 487, 993, 434, 834, 859, 852, 829, 261, 81, 681, 3, 552, 520, 101, 860, 755, 163, 855, 492, 507, 140, 269, 531, 932, 242, 437, 517, 146, 75, 464, 36, 670, 5]
Tree:
None

Fitness:
13.08762237081563