Generation:
1000

Phenotype:
+1.1E-0*KG(x[:,0], 4.0E+0,9.8E-1,None)-2.9E-2*KP(x[:,0], 7.4E+7,6.8E-3,0)

Genotype:
[931, 998, 603, 761, 167, 80, 975, 310, 484, 80, 206, 648, 637, 211, 583, 608, 805, 190, 99, 625, 72, 870, 264, 104, 287, 158, 258, 475, 213, 235, 959, 671, 915, 251, 576, 393, 290, 515, 316, 304, 846, 76, 54, 435, 171, 742, 990, 642, 357, 389, 106, 207, 409, 672, 530, 390, 787, 554, 426, 489, 358, 568, 324, 270, 30, 69, 171, 739, 678, 351, 463, 29, 856, 25, 122, 282, 280, 782, 550, 816, 84, 969, 301, 396, 254, 919, 749, 326, 717, 868, 561, 413, 975, 56, 875, 985, 574, 216, 635, 166, 794, 301, 535, 433, 628, 677, 808, 26, 61, 346, 370, 670, 683, 435, 382, 109, 494, 489, 132, 908, 875, 739, 248, 923, 424, 254, 505, 426, 902, 335, 637, 280, 657, 272, 868, 189, 208, 318, 149, 971, 243, 126, 101, 830, 872, 552, 565, 13, 319, 537, 383, 701, 304, 910, 899, 620, 574, 98, 744, 933, 588, 502, 314, 74, 814, 83, 242, 301, 982, 1000, 251, 66, 687, 723, 269, 744, 773, 893, 28, 777]
Tree:
None

Fitness:
0.07103574983570546