Generation:
1000

Phenotype:
+5.0E-2*KS(x[:,0], 5.2E+8,1.0E-9,None)

Genotype:
[28, 98, 526, 820, 433, 762, 940, 652, 742, 428, 306, 540, 295, 809, 497, 570, 484, 10, 705, 208, 637, 144, 794, 858, 753, 949, 921, 193, 599, 410, 767, 203, 960, 865, 77, 806, 31, 88, 541, 292, 25, 904, 892, 967, 356, 316, 536, 677, 318, 78, 949, 746, 377, 377, 115, 320, 770, 333, 877, 672, 499, 875, 600, 948, 321, 909, 526, 414, 584, 266, 132, 198, 973, 578, 297, 477, 807, 318, 92, 367, 549, 288, 538, 731, 144, 60, 683, 284, 649, 511]
Tree:
None

Fitness:
2.2868615606190237