Generation:
1000

Phenotype:
-5.7E-2*KP(x[:,0], 6.6E-1,1.0E-9,2)+8.9E-2*KS(x[:,0], 6.5E+0,1.0E-9,None)

Genotype:
[81, 761, 877, 487, 791, 362, 536, 966, 807, 451, 333, 310, 893, 689, 867, 832, 924, 412, 559, 77, 172, 554, 435, 484, 750, 603, 850, 525, 839, 582, 895, 274, 451, 218, 736, 324, 553, 544, 420, 437, 934, 978, 636, 331, 560, 779, 827, 121, 669, 81, 840, 799, 535, 294, 806, 115, 650, 427, 524, 290, 329, 827, 174, 427, 309, 805, 218, 51, 938, 166, 893, 517, 483, 0, 442, 651, 215, 757, 960, 27, 499, 984, 343, 618, 751, 639, 936, 370, 406, 297, 570, 49, 305, 89, 316, 451, 785, 380, 560, 761, 466, 533, 784, 904, 58, 586, 50, 822, 211, 104, 863, 318, 590, 722, 89, 934, 524, 124, 376, 296, 100, 961, 781, 265, 808, 573, 346, 922, 123, 728, 148, 643, 429, 847, 573, 599, 52, 838, 15, 682, 566, 494, 640, 623, 306, 112, 885, 13, 910, 158, 451, 858, 929, 91, 161, 485, 423, 625, 676, 274, 195, 838, 525, 762, 910, 880, 481, 125, 893, 250, 537, 177, 58, 752, 599, 798, 89, 620, 775, 166]
Tree:
None

Fitness:
2.0599000302363324