Generation:
1000

Phenotype:
+9.9E-1*KG(x[:,0], 4.1E-0,1.0E-0,None)

Genotype:
[606, 112, 836, 39, 259, 531, 291, 261, 217, 260, 36, 810, 987, 890, 861, 234, 931, 225, 957, 350, 626, 617, 316, 3, 530, 630, 730, 783, 400, 244, 884, 18, 770, 716, 175, 410, 717, 299, 119, 391, 89, 238, 978, 616, 634, 153, 723, 168, 610, 639, 480, 439, 125, 246, 27, 647, 824, 720, 287, 540, 655, 352, 580, 881, 618, 672, 225, 553, 835, 447, 342, 86, 491, 180, 153, 422, 501, 313, 878, 728, 796, 308, 917, 158, 119, 784, 349, 154, 684, 600]
Tree:
None

Fitness:
0.3238744900012613