Generation:
1000

Phenotype:
+9.7E-7*KP(x[:,0], 8.5E-0,4.3E-2,3)-9.2E-2*KS(x[:,0], 5.2E+3,4.9E+9,None)+3.7E-2*KS(x[:,0], 1.8E-6,8.4E+7,None)

Genotype:
[231, 930, 566, 217, 113, 647, 871, 915, 61, 510, 903, 983, 33, 462, 648, 101, 469, 35, 522, 505, 962, 103, 782, 484, 353, 876, 739, 860, 389, 212, 712, 976, 227, 507, 891, 862, 243, 828, 425, 326, 151, 934, 942, 837, 652, 233, 101, 159, 548, 366, 267, 790, 303, 455, 635, 288, 603, 32, 703, 107, 600, 436, 599, 686, 845, 300, 436, 862, 765, 519, 95, 84, 554, 916, 287, 131, 292, 585, 935, 719, 988, 901, 653, 411, 579, 832, 930, 206, 302, 388, 11, 778, 15, 257, 531, 8, 777, 350, 717, 780, 318, 217, 559, 532, 942, 334, 697, 255, 912, 511, 446, 155, 460, 534, 958, 73, 556, 903, 922, 266, 388, 198, 587, 829, 264, 158, 438, 550, 994, 580, 180, 932, 946, 890, 298]
Tree:
None

Fitness:
2.4471461041119644