Generation:
1000

Phenotype:
+9.9E-1*KG(x[:,0], 4.1E-0,1.0E+0,None)

Genotype:
[438, 62, 908, 149, 235, 271, 246, 911, 415, 370, 27, 470, 606, 680, 950, 493, 467, 304, 777, 504, 663, 577, 543, 126, 994, 699, 630, 898, 861, 364, 741, 742, 414, 773, 32, 388, 349, 498, 410, 627, 87, 674, 444, 575, 222, 802, 848, 404, 198, 565, 536, 848, 792, 192, 227, 109, 316, 532, 324, 130, 817, 997, 369, 447, 552, 345, 780, 502, 774, 479, 113, 454, 778, 482, 271, 715, 211, 921, 401, 703, 934, 438, 590, 412, 342, 486, 604, 403, 683, 450]
Tree:
None

Fitness:
0.3238744900012613