Generation:
1000

Phenotype:
+9.9E-1*KG(x[:,0], 2.9E+0,9.9E-1,None)-6.6E-2*KG(x[:,0], 9.7E-3,2.8E-1,None)-9.5E-4*KG(x[:,0], 6.8E+0,9.1E-4,None)

Genotype:
[379, 0, 458, 689, 117, 481, 253, 569, 828, 640, 737, 559, 485, 891, 446, 475, 499, 59, 976, 319, 922, 512, 817, 457, 623, 550, 248, 243, 101, 945, 312, 89, 836, 195, 875, 904, 977, 168, 730, 260, 395, 451, 419, 714, 661, 344, 629, 816, 850, 22, 924, 782, 824, 541, 151, 718, 11, 325, 720, 421, 249, 408, 606, 468, 568, 880, 685, 344, 454, 773, 361, 131, 411, 98, 745, 151, 240, 326, 848, 319, 117, 54, 391, 570, 815, 701, 767, 868, 654, 391]
Tree:
None

Fitness:
0.04794887109833869