Generation:
1000

Phenotype:
+8.0E+3*KS(x[:,0], 4.3E-4,3.0E-4,None)+9.9E-1*KS(x[:,0], 1.0E+1,6.1E-0,None)

Genotype:
[53, 974, 52, 720, 190, 923, 327, 673, 277, 154, 920, 670, 675, 334, 158, 64, 142, 260, 519, 709, 591, 18, 720, 372, 1, 563, 511, 333, 540, 23, 194, 408, 382, 673, 368, 710, 250, 108, 71, 453, 561, 484, 18, 75, 955, 496, 806, 236, 427, 116, 266, 67, 332, 259, 352, 554, 891, 956, 433, 348, 361, 487, 99, 273, 963, 742, 756, 402, 773, 711, 868, 199, 665, 843, 433, 70, 232, 586, 876, 4, 886, 188, 118, 757, 869, 348, 283, 513, 241, 100]
Tree:
None

Fitness:
19.880851074566813