Generation:
1000

Phenotype:
+9.4E-0*KS(x[:,0], 7.6E-1,4.6E-2,None)+2.7E-0*KG(x[:,0], 9.0E-3,4.7E-1,None)

Genotype:
[83, 380, 323, 964, 245, 200, 105, 186, 315, 321, 678, 86, 271, 552, 887, 228, 486, 352, 827, 277, 730, 890, 410, 541, 63, 642, 697, 367, 81, 926, 511, 356, 183, 373, 943, 693, 146, 574, 195, 24, 421, 661, 835, 694, 394, 655, 64, 917, 501, 364, 139, 555, 128, 733, 757, 579, 634, 779, 465, 0, 831, 804, 910, 250, 141, 668, 259, 420, 670, 875, 542, 291, 890, 717, 102, 65, 204, 554, 167, 262, 12, 444, 222, 307, 441, 948, 930, 832, 120, 842]
Tree:
None

Fitness:
12.477353192713688