Generation:
1000

Phenotype:
+3.5E-0*KG(x[:,0], 7.5E-2,9.6E-1,None)+9.8E+0*KS(x[:,0], 6.1E-1,1.0E-9,None)

Genotype:
[325, 742, 884, 35, 579, 400, 339, 835, 823, 352, 179, 226, 331, 801, 339, 916, 282, 512, 288, 220, 430, 824, 651, 809, 541, 360, 610, 129, 209, 937, 256, 566, 660, 108, 686, 853, 207, 640, 794, 461, 641, 401, 688, 318, 747, 434, 135, 297, 827, 338, 470, 754, 709, 879, 692, 104, 529, 452, 736, 345, 3, 131, 200, 839, 10, 621, 631, 172, 336, 501, 971, 780, 167, 830, 483, 494, 744, 31, 793, 260, 675, 939, 762, 634, 465, 868, 597, 115, 519, 465, 967, 39, 862, 663, 875, 114, 751, 793, 811, 345, 977, 192, 552, 912, 291, 662, 416, 778, 333, 263, 899, 839]
Tree:
None

Fitness:
11.909531217468976