Generation:
1000

Phenotype:
+9.9E-2*KS(x[:,0], 5.5E+0,1.1E-6,None)-3.4E-2*KP(x[:,0], 6.6E-1,3.1E-7,3)+1.9E+9*KG(x[:,0], 3.2E+0,5.7E-0,None)

Genotype:
[353, 896, 719, 119, 465, 142, 904, 125, 428, 80, 108, 121, 947, 506, 496, 969, 375, 20, 484, 255, 752, 428, 866, 869, 771, 902, 61, 323, 197, 228, 288, 144, 765, 939, 46, 559, 191, 52, 772, 30, 40, 267, 239, 80, 455, 154, 436, 554, 211, 683, 933, 912, 769, 717, 3, 744, 960, 638, 651, 876, 650, 981, 681, 144, 448, 947, 449]
Tree:
None

Fitness:
2.0099586867249877