Generation:
1000

Phenotype:
+7.9E-2*KS(x[:,0], 6.9E+0,2.0E-9,None)-9.9E+9*KP(x[:,0], 6.8E-4,6.9E-5,4)

Genotype:
[857, 242, 60, 929, 21, 432, 581, 579, 406, 410, 955, 750, 207, 369, 762, 758, 659, 341, 189, 310, 79, 491, 478, 149, 604, 761, 819, 497, 135, 594, 109, 960, 580, 333, 896, 790, 847, 976, 306, 320, 475, 478, 895, 885, 614, 362, 938, 822, 625, 575, 656, 502, 489, 185, 98, 214, 669, 341, 382, 969, 186, 543, 442, 43, 481, 933, 488, 514, 275, 635, 297, 397, 541, 162, 535, 412, 690, 233, 401, 548, 379, 599, 754, 64, 729, 929, 853, 231, 652, 854, 253, 916, 367, 673, 171, 716, 825, 998, 969, 671, 51, 55, 120, 260, 489, 526, 175, 645, 536, 867, 918, 474]
Tree:
None

Fitness:
2.090618417465111