Generation:
1000

Phenotype:
+9.9E-1*KG(x[:,0], 3.2E+0,9.9E-1,None)-4.9E-2*KS(x[:,0], 5.5E+4,8.5E+8,None)

Genotype:
[85, 524, 386, 399, 315, 11, 794, 882, 48, 70, 8, 809, 607, 411, 945, 784, 693, 156, 49, 785, 232, 409, 285, 556, 914, 772, 365, 528, 108, 996, 18, 499, 214, 642, 668, 875, 978, 788, 418, 689, 473, 28, 174, 36, 467, 709, 320, 272, 476, 623, 912, 84, 74, 471, 210, 758, 846, 278, 650, 686, 829, 84, 999, 657, 680, 169, 146, 971, 614, 614, 291, 280, 532, 664, 489, 796, 883, 84, 940, 929, 648, 126, 869, 932, 956, 816, 474, 441, 289, 98, 745, 364, 305, 363, 634, 296, 103, 370, 965, 413, 584, 490, 308, 736, 321, 724, 75, 992, 160, 852, 847, 328]
Tree:
None

Fitness:
0.04777364017601102