Generation:
1000

Phenotype:
+9.0E+0*KS(x[:,0], 1.0E+0,9.6E-2,None)+3.0E-0*KS(x[:,0], 7.8E-3,3.6E+9,None)

Genotype:
[647, 598, 773, 650, 428, 530, 576, 700, 888, 550, 260, 36, 593, 972, 144, 442, 48, 416, 460, 719, 110, 807, 998, 47, 663, 722, 436, 548, 909, 258, 238, 468, 122, 920, 334, 215, 64, 290, 156, 261, 295, 335, 436, 456, 2, 93, 691, 598, 693, 911, 989, 762, 330, 659, 53, 81, 572, 500, 371, 949, 392, 785, 219, 982, 193, 676, 284, 625, 122, 589, 810, 686, 311, 206, 702, 620, 268, 354, 469, 535, 895, 86, 305, 29, 236, 222, 858, 351, 365, 663, 189, 962, 843, 970, 23, 915, 759, 554, 557, 523, 545, 684, 343, 618, 812, 165, 659, 16, 92, 135, 772, 472, 313, 610, 873, 626, 391, 854, 823, 58, 811, 615, 788, 348, 278, 697, 115, 896, 369, 844, 142, 314, 383, 201, 415]
Tree:
None

Fitness:
14.166289405184372