Generation:
1000

Phenotype:
+9.5E+0*KS(x[:,0], 7.2E-1,6.2E-2,None)+2.5E+0*KG(x[:,0], 9.7E-3,6.0E-6,None)

Genotype:
[323, 964, 224, 205, 132, 750, 879, 402, 123, 951, 230, 482, 661, 262, 410, 330, 158, 1, 995, 726, 970, 602, 387, 165, 753, 221, 710, 351, 306, 30, 486, 570, 125, 426, 12, 813, 434, 205, 859, 945, 347, 725, 960, 89, 336, 494, 825, 241, 950, 235, 20, 579, 966, 453, 586, 642, 896, 601, 137, 577, 200, 582, 639, 621, 444, 712, 13, 935, 936, 888, 71, 743, 343, 44, 383, 657, 482, 841, 752, 683, 242, 650, 195, 961, 224, 516, 897, 323, 652, 946]
Tree:
None

Fitness:
12.364684467498618