Generation:
1000

Phenotype:
+5.6E+0*KS(x[:,0], 9.3E-3,2.9E-3,None)+2.1E-9*KP(x[:,0], 7.4E-2,8.1E-4,2)-8.2E-7*KG(x[:,0], 7.8E-0,3.3E-9,None)

Genotype:
[803, 662, 625, 696, 472, 520, 215, 253, 485, 73, 865, 219, 313, 693, 629, 177, 612, 784, 311, 337, 109, 501, 874, 681, 582, 97, 211, 831, 524, 567, 576, 251, 466, 722, 157, 897, 78, 958, 445, 890, 749, 143, 241, 659, 581, 260, 443, 815, 672, 587, 338, 844, 544, 142, 816, 525, 829, 479, 188, 16, 918, 410, 564, 468, 447, 615, 817, 488, 157, 101, 898, 246, 637, 128, 325, 319, 722, 371, 428, 358, 164, 670, 320, 673, 395, 264, 567, 642, 754, 287, 133, 222, 241, 653, 164, 504, 162, 889, 824, 905, 523, 283, 739, 144, 637, 317, 464, 910, 980, 415, 89, 494, 875, 404, 922, 81, 951, 697, 422, 340, 239, 420, 257, 679, 921, 97, 660, 35, 909, 303, 544, 409, 538, 684, 348, 180, 370, 129, 61, 667, 843, 832, 525, 304, 143, 844, 84, 823, 729, 582, 928, 703, 495, 326, 728, 387, 697]
Tree:
None

Fitness:
81.04472244989282