Generation:
1000

Phenotype:
+9.9E-0*KS(x[:,0], 8.8E-1,8.8E-2,None)+6.0E+5*KP(x[:,0], 8.9E-8,4.3E-6,1)-9.4E-1*KS(x[:,0], 3.6E+4,3.3E-9,None)+9.6E-5*KS(x[:,0], 7.5E-0,9.1E+0,None)

Genotype:
[731, 106, 359, 649, 875, 300, 979, 618, 209, 501, 871, 68, 447, 872, 877, 225, 218, 509, 870, 580, 145, 700, 959, 353, 208, 876, 343, 569, 386, 16, 401, 43, 107, 334, 361, 851, 542, 976, 294, 64, 488, 373, 325, 139, 11, 748, 440, 242, 686, 423, 315, 879, 385, 293, 870, 782, 801, 214, 830, 380, 975, 270, 47, 234, 533, 580, 90, 560, 302, 79, 577, 504, 361, 123, 252, 106, 410, 138, 812, 135, 677, 26, 331, 573, 641, 808, 772, 946, 692, 931, 170, 217, 640, 173, 877, 83, 714, 354, 190, 329, 758, 775, 555, 324, 933, 272, 189, 19, 141, 667, 537, 15, 427, 771, 707, 730, 659, 741, 272, 814, 440, 870, 343, 241, 998, 810, 775, 142, 221, 660, 890, 921, 750, 920, 378]
Tree:
None

Fitness:
11.855462076755147