Generation:
1000

Phenotype:
+9.6E-0*KS(x[:,0], 7.0E-1,8.9E-2,None)+2.7E+0*KG(x[:,0], 2.7E-2,1.0E-0,None)

Genotype:
[215, 552, 287, 576, 795, 20, 123, 860, 443, 441, 511, 659, 551, 932, 83, 216, 550, 163, 277, 788, 470, 397, 597, 83, 192, 846, 100, 693, 760, 88, 858, 756, 57, 873, 325, 679, 149, 571, 136, 458, 442, 361, 590, 594, 380, 491, 478, 682, 898, 743, 514, 605, 650, 514, 530, 437, 42, 684, 416, 677, 761, 138, 656, 484, 450, 81, 195, 117, 935, 688, 284, 339, 90, 810, 317, 700, 296, 14, 531, 860, 903, 325, 282, 560, 97, 930, 127, 748, 748, 290, 382, 749, 103, 365, 626, 743, 863, 84, 226, 697, 215, 757, 353, 301, 391, 714, 608, 32, 963, 431, 913, 853]
Tree:
None

Fitness:
12.250247230384078