Generation:
1000

Phenotype:
-5.6E-2*KS(x[:,0], 8.4E+5,8.8E+5,None)+3.1E-2*KP(x[:,0], 9.8E-2,4.7E-8,0)

Genotype:
[515, 211, 472, 886, 141, 702, 718, 544, 366, 835, 574, 248, 134, 855, 911, 944, 152, 218, 81, 245, 142, 593, 478, 679, 422, 678, 647, 197, 308, 15, 57, 178, 286, 211, 711, 674, 991, 422, 806, 319, 182, 909, 792, 921, 226, 143, 972, 263, 501, 202, 370, 718, 639, 588, 984, 506, 949, 415, 992, 21, 429, 957, 174, 385, 792, 718, 814, 6, 168, 396, 268, 118, 203, 127, 929, 498, 190, 398, 47, 729, 416, 431, 510, 732, 803, 899, 818, 712, 19, 770, 298, 973, 214, 281, 500, 458, 144, 740, 471, 695, 223, 276, 671, 828, 30, 862, 644, 546, 882, 941, 770, 866, 2, 426, 785, 83, 507, 978, 729, 749, 41, 246, 745, 258, 367, 400, 377, 866, 152, 393, 845, 235, 628, 802, 904]
Tree:
None

Fitness:
2.348098805002798