Generation:
1000

Phenotype:
+1.1E-0*KG(x[:,0], 4.2E+0,9.8E-1,None)-6.8E-4*KS(x[:,0], 9.8E-1,1.2E-1,None)

Genotype:
[253, 948, 639, 731, 303, 70, 912, 752, 224, 260, 593, 668, 993, 531, 252, 994, 611, 617, 608, 675, 974, 485, 238, 917, 801, 612, 762, 589, 781, 967, 854, 435, 749, 445, 263, 658, 919, 62, 505, 784, 385, 342, 558, 426, 459, 906, 98, 232, 681, 43, 749, 23, 289, 857, 986, 884, 259, 676, 349, 155, 378, 680, 255, 96, 881, 473, 832, 838, 949, 774, 435, 767, 210, 823, 885, 150, 904, 53, 643, 594, 88, 979, 254, 984, 810, 357, 172, 387, 220, 315, 662, 335, 148, 893, 731, 846, 699, 131, 631, 64, 994, 712, 435, 723, 790, 600, 868, 582, 846, 536, 779, 805]
Tree:
None

Fitness:
0.32271030034290527