Generation:
1000

Phenotype:
+4.9E-2*KS(x[:,0], 7.0E+1,1.0E-9,None)

Genotype:
[226, 268, 912, 249, 133, 192, 825, 350, 494, 691, 378, 180, 71, 679, 793, 797, 40, 30, 399, 208, 323, 227, 820, 855, 515, 620, 419, 74, 53, 588, 21, 897, 626, 772, 453, 323, 443, 588, 148, 239, 156, 628, 736, 869, 260, 69, 147, 709, 268, 52, 29, 885, 96, 847, 590, 804, 375, 207, 423, 413, 939, 145, 392, 808, 731, 722, 604, 557, 688, 809, 470, 225, 671, 607, 805, 797, 64, 909, 743, 184, 986, 459, 200, 235, 908, 928, 741, 859, 584, 423, 491, 413, 938, 615, 889, 384, 689, 194, 856, 282, 986, 738, 399, 626, 404, 219, 626, 466, 74, 72, 693, 533, 26, 375, 31, 79, 312, 899, 263, 550, 208, 957, 694, 511, 164, 192, 199, 182, 648, 324, 266, 900, 222, 154, 66]
Tree:
None

Fitness:
2.2882468670480236