Generation:
1000

Phenotype:
+9.0E+0*KS(x[:,0], 8.3E-1,7.1E-8,None)+4.2E-0*KG(x[:,0], 9.6E-2,6.9E-1,None)-7.6E-4*KS(x[:,0], 7.1E+2,4.6E+1,None)

Genotype:
[539, 952, 170, 210, 136, 30, 520, 453, 253, 451, 159, 11, 263, 788, 910, 91, 342, 219, 662, 605, 770, 305, 776, 43, 532, 482, 999, 915, 11, 924, 28, 871, 447, 176, 753, 964, 429, 701, 504, 862, 525, 786, 854, 291, 653, 15, 207, 308, 776, 925, 669, 343, 986, 8, 390, 939, 169, 295, 490, 792, 235, 955, 417, 704, 488, 728, 145]
Tree:
None

Fitness:
13.274533975512815