Generation:
1000

Phenotype:
+9.7E+0*KS(x[:,0], 7.0E-1,2.1E-9,None)+3.4E-0*KG(x[:,0], 5.1E-2,4.6E-1,None)

Genotype:
[119, 242, 926, 707, 780, 930, 132, 180, 459, 431, 478, 641, 545, 989, 524, 198, 408, 677, 684, 345, 780, 382, 41, 31, 612, 66, 456, 253, 101, 632, 563, 32, 709, 576, 737, 561, 167, 281, 695, 295, 725, 581, 709, 997, 548, 806, 18, 837, 278, 31, 333, 466, 924, 601, 318, 327, 797, 651, 886, 324, 903, 241, 441, 896, 838, 915, 420, 594, 918, 837, 712, 656, 357, 694, 573, 80, 352, 405, 680, 471, 33, 94, 507, 518, 529, 653, 220, 585, 841, 576]
Tree:
None

Fitness:
12.00369075867765