Generation:
1000

Phenotype:
-7.7E-5*KP(x[:,0], 4.7E+0,8.8E-3,3)+9.9E-2*KS(x[:,0], 5.6E+0,2.1E-8,None)

Genotype:
[663, 269, 870, 747, 329, 145, 354, 727, 592, 210, 907, 458, 75, 173, 718, 976, 40, 179, 629, 113, 902, 553, 366, 54, 150, 343, 521, 967, 568, 556, 655, 828, 995, 781, 868, 29, 438, 428, 32, 914, 530, 301, 547, 364, 966, 560, 838, 18, 272, 277, 66, 768, 733, 613, 516, 493, 349, 831, 819, 255, 449, 457, 528, 714, 621, 606, 796, 84, 647, 107, 675, 831, 303, 108, 568, 423, 801, 412, 75, 182, 20, 196, 415, 737, 58, 774, 354, 71, 727, 756, 333, 53, 704, 301, 268, 506, 413, 404, 486, 328, 995, 270, 464, 876, 479, 38, 507, 256, 162, 357, 25, 735]
Tree:
None

Fitness:
2.0426301335339474