Generation:
1000

Phenotype:
+9.9E-1*KG(x[:,0], 3.0E-0,1.0E-0,None)-6.5E-2*KS(x[:,0], 7.1E-0,7.4E+0,None)

Genotype:
[169, 178, 98, 809, 579, 381, 551, 870, 393, 700, 567, 490, 693, 520, 502, 304, 435, 680, 835, 41, 612, 537, 141, 803, 230, 663, 944, 664, 310, 42, 502, 854, 782, 874, 995, 243, 868, 334, 398, 820, 267, 590, 669, 329, 481, 386, 988, 919, 746, 995, 696, 180, 820, 658, 288, 739, 839, 723, 814, 654, 672, 246, 360, 751, 989, 35, 344, 557, 990, 980, 762, 546, 468, 664, 335, 111, 7, 863, 918, 693, 139, 920, 303, 177, 717, 695, 358, 205, 63, 692]
Tree:
None

Fitness:
0.0457098564480574