Generation:
1000

Phenotype:
+3.8E-0*KG(x[:,0], 8.9E-2,9.9E-1,None)+9.9E+0*KS(x[:,0], 6.1E-1,8.0E-9,None)-8.9E-2*KS(x[:,0], 1.4E+4,1.6E-7,None)

Genotype:
[91, 994, 506, 658, 97, 890, 961, 809, 597, 132, 881, 89, 579, 401, 691, 803, 406, 917, 209, 346, 190, 707, 401, 787, 701, 916, 270, 167, 49, 870, 514, 117, 925, 609, 999, 892, 684, 514, 378, 294, 216, 746, 947, 857, 172, 231, 686, 575, 3, 954, 925, 540, 568, 100, 785, 952, 489, 737, 972, 549, 829, 865, 935, 802, 178, 573, 572]
Tree:
None

Fitness:
11.803881268868818