Generation:
1000

Phenotype:
+9.9E-1*KG(x[:,0], 3.8E+0,9.9E-1,None)

Genotype:
[60, 144, 926, 839, 543, 91, 389, 658, 882, 600, 440, 249, 51, 251, 507, 899, 913, 227, 631, 274, 867, 733, 282, 731, 6, 745, 17, 879, 533, 486, 708, 179, 784, 632, 700, 283, 11, 512, 148, 598, 230, 464, 24, 491, 676, 186, 672, 163, 386, 859, 416, 804, 704, 181, 217, 837, 678, 680, 279, 66, 406, 976, 377, 560, 294, 795, 794, 192, 454, 560, 554, 744, 604, 945, 482, 467, 711, 978, 117, 720, 42, 220, 462, 424, 736, 74, 242, 15, 862, 588, 586, 271, 177, 237, 860, 623, 306, 996, 302, 433, 835, 389, 422, 229, 917, 708, 549, 240, 362, 651, 139, 854]
Tree:
None

Fitness:
0.3257580884226094