Generation:
1000

Phenotype:
+9.8E-0*KS(x[:,0], 8.6E-1,7.9E-2,None)-6.9E-1*KS(x[:,0], 7.5E+9,2.1E-3,None)+1.0E+1*KP(x[:,0], 5.5E-7,5.9E-4,1)-4.8E-5*KS(x[:,0], 5.2E+5,3.7E-8,None)-9.9E-7*KG(x[:,0], 9.4E-3,1.3E-4,None)+2.6E-0*KS(x[:,0], 6.1E+4,7.3E+5,None)-9.0E-2*KP(x[:,0], 9.8E-2,2.8E-7,3)

Genotype:
[503, 328, 836, 548, 413, 470, 529, 146, 957, 141, 465, 419, 455, 932, 795, 533, 37, 752, 39, 849, 181, 51, 755, 550, 629, 442, 791, 95, 573, 11, 573, 670, 792, 340, 280, 481, 328, 815, 711, 587, 571, 509, 971, 214, 391, 893, 741, 390, 968, 771, 475, 769, 532, 530, 205, 128, 277, 127, 628, 254, 535, 141, 782, 89, 639, 447, 152, 434, 847, 403, 909, 33, 627, 274, 381, 341, 432, 514, 816, 143, 200, 779, 571, 838, 584, 816, 83, 688, 65, 894, 188, 233, 728, 80, 797, 162, 854, 228, 565, 512, 712, 678, 469, 837, 923, 703, 272, 514, 645, 514, 695, 770, 239, 572, 796, 905, 80, 835, 51, 293, 37, 576, 104, 149, 203, 882, 439, 870, 115, 234, 744, 182, 35, 11, 76]
Tree:
None

Fitness:
12.057051986757605