Generation:
1000

Phenotype:
+8.6E-0*KS(x[:,0], 7.2E-1,9.9E-6,None)+3.7E+0*KG(x[:,0], 5.5E-2,1.9E-0,None)

Genotype:
[719, 502, 529, 896, 695, 320, 780, 132, 579, 61, 629, 899, 395, 26, 341, 738, 216, 740, 687, 866, 140, 175, 795, 359, 142, 990, 159, 329, 280, 588, 931, 434, 379, 5, 645, 331, 387, 537, 927, 917, 597, 374, 459, 697, 721, 740, 344, 697, 220, 71, 874, 67, 461, 28, 32, 173, 680, 808, 368, 328, 136, 114, 467, 170, 90, 971, 918, 966, 890, 416, 576, 773, 476, 786, 71, 205, 563, 963, 257, 603, 970, 954, 765, 166, 576, 631, 888, 41, 384, 509]
Tree:
None

Fitness:
12.06317656468343