Generation:
1000

Phenotype:
+5.0E-2*KS(x[:,0], 8.9E+1,1.0E-9,None)

Genotype:
[370, 512, 508, 130, 721, 282, 115, 679, 206, 71, 144, 860, 881, 249, 531, 499, 242, 937, 111, 814, 182, 737, 923, 471, 612, 362, 269, 870, 330, 385, 100, 731, 846, 836, 980, 696, 402, 328, 865, 909, 788, 477, 62, 80, 428, 89, 290, 311, 570, 165, 180, 152, 711, 788, 610, 609, 302, 946, 187, 727, 850, 642, 398, 136, 917, 394, 565, 869, 898, 476, 546, 971, 922, 286, 414, 111, 337, 920, 935, 761, 943, 248, 900, 919, 322, 642, 216, 30, 983, 626, 49, 587, 715, 600, 738, 314, 67, 963, 736, 250, 909, 121, 39, 141, 347, 928, 366, 462, 513, 773, 990, 520]
Tree:
None

Fitness:
2.2868615606190237