Generation:
1000

Phenotype:
+9.9E+0*KS(x[:,0], 6.5E-1,3.9E-1,None)

Genotype:
[202, 12, 854, 529, 590, 110, 860, 915, 753, 881, 398, 549, 69, 301, 898, 189, 36, 643, 56, 626, 388, 390, 789, 760, 70, 372, 286, 78, 141, 945, 675, 766, 110, 722, 20, 605, 247, 531, 225, 98, 293, 257, 53, 342, 389, 714, 985, 934, 989, 877, 118, 421, 87, 483, 798, 857, 138, 439, 537, 257, 771, 269, 658, 346, 632, 216, 535, 210, 134, 352, 570, 397, 272, 720, 790, 850, 401, 324, 778, 871, 91, 170, 823, 77, 272, 99, 292, 439, 262, 497, 846, 698, 286, 618, 805, 288, 91, 373, 815, 706, 141, 85, 906, 58, 495, 54, 545, 673, 183, 729, 529, 452, 404, 141, 999, 886, 22, 636, 93, 700, 986, 607, 230, 772, 93, 925, 791, 370, 949, 302, 181, 832, 709, 475, 731, 934, 111, 797, 20, 788, 688, 132, 414, 941, 359, 377, 909, 784, 295, 586, 762, 127, 881, 295, 364, 257, 317]
Tree:
None

Fitness:
18.045831446534375