Generation:
1000

Phenotype:
-4.7E-2*KP(x[:,0], 2.2E+7,9.2E-1,0)+9.9E-1*KG(x[:,0], 3.0E-0,9.8E-1,None)-9.9E-2*KG(x[:,0], 5.0E+0,3.0E-9,None)+9.9E-4*KS(x[:,0], 8.9E+8,4.4E-6,None)

Genotype:
[879, 779, 786, 317, 319, 992, 721, 352, 206, 327, 971, 262, 93, 191, 910, 325, 966, 440, 69, 997, 601, 920, 0, 757, 620, 269, 368, 647, 231, 322, 403, 903, 8, 239, 501, 712, 94, 370, 600, 450, 821, 860, 451, 579, 615, 952, 936, 962, 579, 573, 434, 448, 949, 484, 488, 399, 704, 875, 286, 438, 402, 741, 889, 545, 269, 257, 432]
Tree:
None

Fitness:
0.03381668981505348