Generation:
1000

Phenotype:
+2.1E+5*KP(x[:,0], 1.2E-6,5.5E-6,4)+6.6E+8*KS(x[:,0], 9.8E-9,3.7E-9,None)+5.7E-6*KS(x[:,0], 5.3E-4,7.7E-9,None)

Genotype:
[759, 80, 208, 521, 818, 405, 747, 122, 909, 376, 301, 305, 229, 736, 189, 731, 16, 257, 336, 38, 828, 503, 738, 7, 689, 605, 787, 261, 929, 676, 496, 848, 742, 167, 937, 756, 148, 483, 793, 954, 852, 627, 27, 79, 90, 545, 881, 624, 767, 345, 861, 945, 530, 823, 821, 804, 267, 610, 942, 794, 616, 161, 277, 63, 624, 896, 197]
Tree:
None

Fitness:
42.30692132429586