Generation:
1000

Phenotype:
-9.9E-2*KG(x[:,0], 7.3E-0,9.6E-9,None)+9.7E-5*KG(x[:,0], 3.0E-6,4.5E-6,None)-5.0E-2*KS(x[:,0], 9.6E-0,1.1E+1,None)+9.9E-1*KG(x[:,0], 3.0E+0,9.9E-1,None)

Genotype:
[193, 507, 998, 329, 999, 972, 240, 803, 301, 840, 449, 566, 567, 779, 309, 829, 490, 170, 277, 211, 45, 902, 460, 305, 76, 372, 345, 371, 776, 666, 389, 509, 472, 410, 213, 992, 971, 566, 499, 500, 261, 301, 742, 661, 925, 570, 676, 35, 939, 361, 21, 533, 920, 736, 760, 503, 749, 11, 371, 581, 369, 155, 964, 853, 15, 222, 492, 253, 654, 266, 947, 297, 73, 230, 703, 157, 359, 436, 589, 870, 678, 346, 138, 653, 867, 27, 49, 787, 346, 83, 187, 227, 788, 123, 290, 134, 730, 295, 367, 64, 663, 48, 127, 938, 222, 580, 438, 101, 986, 386, 306, 613]
Tree:
None

Fitness:
0.0341785435023448