Generation:
1000

Phenotype:
+7.7E-9*KP(x[:,0], 4.9E+8,4.0E+8,1)

Genotype:
[770, 934, 843, 847, 427, 939, 525, 849, 876, 118, 912, 270, 962, 728, 626, 11, 352, 748, 612, 562, 308, 308, 165, 605, 451, 386, 665, 163, 196, 678, 99, 339, 154, 480, 906, 585, 252, 19, 277, 840, 675, 111, 128, 961, 935, 924, 872, 892, 856, 142, 671, 816, 898, 559, 709, 869, 43, 105, 984, 90, 311, 703, 665, 498, 500, 500, 905, 240, 791, 765, 866, 424, 649, 686, 378, 939, 437, 649, 909, 124, 167, 967, 139, 71, 989, 424, 844, 365, 76, 969, 991, 356, 898, 501, 675, 292, 447, 945, 146, 586, 566, 335, 389, 955, 851, 294, 306, 510, 308, 58, 104, 646]
Tree:
None

Fitness:
24.22481741119771