Generation:
1000

Phenotype:
+6.9E-0*KS(x[:,0], 9.3E-1,5.0E-1,None)+9.0E+0*KG(x[:,0], 9.9E-1,2.2E+0,None)

Genotype:
[653, 234, 428, 709, 789, 900, 71, 173, 329, 541, 859, 610, 281, 431, 755, 240, 448, 359, 810, 990, 310, 809, 59, 25, 941, 136, 922, 734, 470, 740, 325, 998, 141, 99, 533, 326, 862, 353, 443, 154, 604, 236, 817, 683, 795, 864, 929, 24, 935, 692, 658, 715, 531, 420, 554, 93, 150, 279, 969, 882, 540, 586, 660, 927, 997, 539, 315, 269, 714, 636, 676, 13, 1, 256, 417, 654, 483, 896, 545, 92, 321, 152, 535, 947, 302, 459, 804, 486, 945, 463]
Tree:
None

Fitness:
9.441794511892358