Generation:
1000

Phenotype:
+3.0E-0*KS(x[:,0], 9.7E+4,1.7E-4,None)+8.7E-7*KP(x[:,0], 7.4E+0,7.2E-0,0)+3.9E-8*KP(x[:,0], 6.8E+7,4.0E-1,1)

Genotype:
[839, 926, 173, 360, 951, 110, 179, 797, 116, 314, 513, 647, 879, 94, 155, 903, 180, 7, 837, 777, 77, 69, 104, 558, 540, 582, 782, 589, 710, 465, 140, 254, 821, 469, 955, 618, 689, 958, 24, 917, 543, 710, 365, 311, 261, 897, 448, 719, 34, 645, 676, 18, 123, 337, 7, 969, 739, 67, 688, 227, 932, 965, 240, 569, 550, 792, 89]
Tree:
None

Fitness:
30.202067180438647