Generation:
1000

Phenotype:
+7.2E+9*KP(x[:,0], 1.0E-5,3.4E-6,2)-3.5E+2*KG(x[:,0], 8.4E-0,6.9E+0,None)-5.6E-6*KG(x[:,0], 9.1E+0,1.5E-1,None)

Genotype:
[783, 484, 555, 712, 678, 729, 27, 410, 881, 375, 911, 854, 905, 566, 147, 523, 689, 128, 645, 172, 472, 889, 534, 387, 520, 869, 709, 254, 640, 863, 150, 109, 409, 556, 195, 366, 656, 501, 224, 140, 558, 225, 345, 221, 725, 166, 95, 758, 599, 3, 509, 493, 508, 337, 222, 791, 889, 391, 569, 507, 327, 724, 721, 289, 81, 726, 151]
Tree:
None

Fitness:
51.85568779966342