Generation:
1000

Phenotype:
-5.6E+2*KS(x[:,0], 9.7E-5,5.2E-7,None)+9.4E-2*KS(x[:,0], 6.9E-0,1.0E-9,None)

Genotype:
[251, 467, 31, 796, 974, 702, 962, 717, 31, 475, 76, 142, 917, 7, 850, 64, 320, 323, 714, 881, 842, 905, 559, 491, 730, 657, 630, 495, 749, 75, 371, 175, 683, 35, 353, 503, 573, 744, 984, 522, 56, 721, 167, 366, 229, 958, 565, 293, 440, 575, 221, 728, 270, 891, 611, 484, 863, 607, 72, 319, 208, 330, 317, 305, 27, 202, 984, 944, 253, 500, 272, 232, 181, 633, 105, 282, 4, 523, 266, 598, 217, 663, 298, 734, 421, 411, 674, 996, 654, 741, 392, 567, 758, 176, 946, 851, 874, 702, 664, 684, 488, 898, 366, 394, 603, 725, 615, 133, 236, 903, 179, 285, 583, 969, 535, 342, 106, 580, 373, 404, 97, 521, 923, 330, 43, 113, 711, 118, 135, 798, 981, 60, 829, 794, 690, 939, 313, 827, 333, 912, 804, 274, 517, 511, 597, 451, 987, 671, 285, 342, 731, 553, 895, 885, 553, 261, 453]
Tree:
None

Fitness:
2.096719595820617