Generation:
1000

Phenotype:
+9.6E-0*KS(x[:,0], 7.1E-1,8.4E-2,None)+3.1E-4*KP(x[:,0], 1.6E-9,7.4E+3,1)

Genotype:
[425, 1000, 836, 486, 319, 910, 195, 591, 185, 281, 277, 734, 975, 452, 876, 386, 892, 902, 991, 583, 204, 189, 16, 719, 559, 375, 264, 892, 683, 56, 278, 861, 964, 864, 636, 249, 491, 721, 788, 969, 993, 266, 984, 8, 505, 739, 384, 780, 958, 904, 845, 831, 97, 342, 729, 941, 253, 376, 640, 427, 895, 10, 4, 761, 754, 449, 320, 983, 781, 424, 535, 993, 558, 47, 111, 200, 480, 489, 105, 413, 799, 204, 510, 670, 392, 572, 466, 572, 135, 631]
Tree:
None

Fitness:
12.407736594183914