Generation:
1000

Phenotype:
+8.9E-0*KS(x[:,0], 8.3E-1,9.9E-5,None)+3.3E+0*KG(x[:,0], 3.8E-2,9.8E-1,None)

Genotype:
[851, 62, 520, 649, 677, 530, 160, 953, 23, 791, 107, 629, 11, 125, 804, 282, 860, 443, 53, 770, 320, 740, 968, 925, 932, 746, 658, 595, 491, 860, 660, 964, 400, 273, 145, 224, 961, 268, 691, 228, 275, 695, 896, 915, 670, 701, 957, 586, 232, 807, 40, 739, 599, 365, 17, 638, 196, 188, 734, 240, 759, 221, 674, 194, 943, 243, 858, 452, 134, 104, 763, 642, 63, 363, 882, 673, 926, 272, 636, 474, 658, 696, 449, 81, 132, 226, 656, 113, 250, 231, 183, 750, 660, 381, 596, 510, 816, 342, 940, 677, 691, 920, 674, 859, 259, 573, 545, 719, 25, 391, 192, 789, 397, 596, 539, 173, 835, 642, 15, 16, 486, 150, 743, 913, 564, 10, 250, 251, 625, 967, 192, 621, 424, 240, 209, 748, 955, 372, 506, 366, 690, 256, 413, 434, 1, 161, 827, 533, 520, 737, 159, 762, 162, 456, 217, 243, 66]
Tree:
None

Fitness:
12.570394713636755