Generation:
1000

Phenotype:
+9.8E-1*KG(x[:,0], 3.0E+0,9.9E-1,None)-9.7E-2*KS(x[:,0], 1.3E+4,7.1E+6,None)

Genotype:
[109, 786, 746, 678, 179, 931, 380, 200, 242, 700, 953, 879, 929, 911, 837, 676, 349, 476, 137, 833, 112, 981, 43, 910, 314, 258, 321, 10, 246, 737, 614, 397, 763, 18, 350, 231, 637, 649, 436, 15, 968, 443, 366, 926, 760, 65, 211, 686, 212, 198, 556, 443, 618, 227, 543, 188, 397, 100, 308, 570, 46, 334, 740, 706, 446, 747, 70, 217, 910, 624, 971, 203, 823, 626, 420, 318, 49, 170, 371, 432, 783, 742, 615, 237, 967, 745, 695, 173, 769, 484]
Tree:
None

Fitness:
0.23129845906109867