Generation:
1000

Phenotype:
+1.2E+1*KS(x[:,0], 5.0E-1,3.0E-1,None)+9.8E-2*KS(x[:,0], 5.6E-0,4.0E+0,None)

Genotype:
[269, 900, 954, 832, 296, 981, 571, 840, 973, 401, 146, 990, 611, 421, 183, 586, 722, 98, 488, 877, 52, 913, 46, 235, 370, 453, 450, 298, 760, 671, 400, 498, 991, 965, 619, 371, 575, 356, 97, 401, 99, 147, 692, 860, 796, 737, 915, 484, 876, 712, 8, 989, 136, 997, 654, 727, 117, 522, 204, 362, 971, 819, 891, 840, 339, 578, 777, 789, 613, 921, 567, 673, 614, 64, 178, 90, 741, 261, 630, 18, 895, 582, 364, 995, 568, 616, 776, 310, 828, 539, 838, 689, 117, 717, 748, 850, 735, 367, 895, 916, 606, 883, 385, 190, 179, 211, 980, 179, 384, 1000, 199, 702]
Tree:
None

Fitness:
13.142089187856154