Generation:
1000

Phenotype:
+3.0E+0*KS(x[:,0], 1.6E-5,1.2E-0,None)+9.5E-0*KS(x[:,0], 6.9E-1,7.7E-4,None)-1.0E-9*KS(x[:,0], 2.1E-8,5.9E-7,None)

Genotype:
[875, 324, 83, 20, 262, 630, 756, 666, 635, 735, 999, 222, 415, 640, 618, 611, 214, 665, 595, 257, 60, 644, 479, 903, 901, 564, 77, 237, 114, 643, 778, 927, 216, 640, 139, 829, 433, 761, 37, 58, 832, 809, 305, 907, 495, 898, 702, 471, 565, 941, 813, 955, 51, 317, 427, 407, 984, 117, 369, 640, 112, 601, 735, 229, 184, 805, 3]
Tree:
None

Fitness:
12.874645887729885