Generation:
1000

Phenotype:
+9.8E-0*KS(x[:,0], 4.4E-6,1.8E-6,None)+2.8E-3*KS(x[:,0], 7.2E-0,8.3E-4,None)-1.3E-6*KP(x[:,0], 4.4E-9,2.4E-3,0)-2.3E-2*KS(x[:,0], 1.4E-1,3.3E-5,None)

Genotype:
[125, 24, 296, 278, 907, 110, 138, 334, 303, 796, 459, 858, 729, 516, 260, 947, 612, 964, 648, 319, 353, 654, 222, 233, 830, 484, 143, 207, 774, 20, 93, 523, 792, 613, 919, 706, 723, 464, 405, 999, 874, 904, 437, 813, 50, 742, 527, 685, 223, 155, 532, 639, 304, 553, 381, 578, 173, 549, 285, 894, 870, 305, 663, 870, 241, 215, 857]
Tree:
None

Fitness:
2.4240110460462265