Generation:
1000

Phenotype:
-7.2E-2*KG(x[:,0], 7.7E+0,8.9E-5,None)-9.5E-2*KS(x[:,0], 6.3E-2,5.6E+0,None)+1.1E+0*KG(x[:,0], 2.8E-0,9.9E-1,None)

Genotype:
[301, 65, 726, 182, 173, 902, 150, 627, 338, 930, 187, 349, 597, 845, 92, 965, 691, 305, 165, 283, 432, 716, 653, 123, 682, 706, 126, 428, 760, 960, 498, 686, 54, 991, 374, 130, 28, 318, 245, 900, 233, 419, 219, 11, 847, 183, 100, 280, 247, 567, 791, 684, 763, 891, 948, 740, 694, 978, 363, 207, 817, 155, 188, 511, 802, 826, 1]
Tree:
None

Fitness:
0.028721965475696776