Generation:
1000

Phenotype:
+9.9E-1*KG(x[:,0], 3.1E+0,1.0E-0,None)-7.4E-4*KS(x[:,0], 1.0E-1,4.2E+9,None)-4.9E-2*KS(x[:,0], 9.3E-7,1.8E+2,None)

Genotype:
[535, 34, 323, 259, 269, 401, 173, 211, 962, 240, 684, 790, 725, 50, 924, 617, 977, 24, 814, 651, 624, 306, 310, 965, 731, 993, 92, 70, 599, 582, 556, 869, 291, 279, 485, 432, 602, 673, 669, 97, 189, 368, 896, 42, 974, 356, 945, 347, 263, 14, 680, 815, 700, 733, 903, 892, 74, 994, 740, 165, 715, 638, 815, 175, 310, 179, 148]
Tree:
None

Fitness:
0.0472672595607363