Generation:
1000

Phenotype:
+5.9E-5*KP(x[:,0], 4.5E-9,6.5E+3,1)+3.2E-0*KS(x[:,0], 8.4E+7,8.1E-5,None)+2.5E-2*KS(x[:,0], 8.5E+4,5.6E+9,None)

Genotype:
[729, 994, 913, 139, 141, 585, 336, 515, 197, 229, 311, 375, 662, 243, 1, 323, 340, 209, 122, 613, 610, 439, 594, 908, 817, 340, 251, 195, 835, 841, 562, 868, 784, 145, 801, 932, 322, 465, 804, 644, 598, 926, 40, 819, 232, 710, 822, 85, 477, 419, 475, 678, 394, 860, 266, 687, 82, 860, 518, 322, 133, 748, 903, 39, 821, 807, 29, 126, 95, 978, 414, 401, 575, 108, 245, 262, 299, 591, 902, 426, 946, 321, 813, 151, 231, 615, 770, 234, 558, 997, 858, 606, 920, 436, 796, 45, 315, 105, 892, 713, 142, 474, 810, 559, 448, 732, 63, 691, 107, 558, 276, 872, 33, 299, 48, 676, 29, 786, 711, 818, 314, 610, 118, 772, 232, 22, 104, 821, 319, 299, 644, 201, 830, 457, 237, 437, 173, 286, 442, 865, 625, 910, 935, 39, 710, 240, 368, 79, 233, 101, 636, 344, 537, 994, 717, 893, 80, 709, 102, 597, 305, 44, 358, 985, 954, 404, 370, 378, 929, 498, 190, 1, 719, 87, 676, 71, 143, 931, 279, 249]
Tree:
None

Fitness:
55.67494705480025