Generation:
1000

Phenotype:
+9.0E-0*KS(x[:,0], 7.7E-1,1.2E-1,None)+2.3E+0*KG(x[:,0], 5.8E-4,9.2E-5,None)+2.8E-1*KS(x[:,0], 7.6E+8,5.6E+8,None)

Genotype:
[227, 482, 890, 990, 289, 770, 492, 867, 85, 901, 333, 432, 15, 341, 697, 319, 898, 550, 863, 182, 920, 454, 388, 277, 114, 449, 602, 671, 795, 230, 328, 376, 289, 48, 173, 701, 861, 296, 916, 268, 823, 596, 140, 408, 579, 765, 453, 116, 934, 574, 201, 339, 590, 972, 903, 324, 354, 892, 539, 69, 954, 438, 850, 951, 772, 877, 724]
Tree:
None

Fitness:
12.283787194014735