Generation:
1000

Phenotype:
+8.7E-4*KP(x[:,0], 6.2E+3,3.9E+3,1)-2.2E-4*KP(x[:,0], 4.0E-0,4.0E-8,4)-4.2E-0*KG(x[:,0], 4.0E-0,3.1E+0,None)

Genotype:
[693, 470, 286, 647, 431, 704, 149, 802, 380, 943, 416, 959, 114, 863, 86, 939, 945, 604, 792, 973, 164, 624, 380, 335, 70, 516, 710, 739, 698, 304, 828, 737, 264, 602, 991, 0, 381, 560, 937, 830, 353, 401, 24, 730, 554, 364, 789, 117, 229, 15, 9, 455, 361, 158, 332, 949, 762, 696, 647, 252, 623, 857, 29, 621, 131, 430, 634]
Tree:
None

Fitness:
9.165253618878433