Generation:
1000

Phenotype:
+9.8E-0*KS(x[:,0], 6.2E-1,1.0E-9,None)+3.7E+0*KG(x[:,0], 8.6E-2,8.9E-1,None)

Genotype:
[239, 144, 107, 298, 189, 370, 365, 212, 257, 251, 81, 810, 581, 389, 422, 756, 754, 380, 147, 672, 660, 376, 536, 43, 722, 565, 949, 461, 171, 396, 453, 108, 883, 501, 617, 612, 972, 679, 722, 65, 516, 960, 473, 731, 547, 261, 334, 559, 378, 810, 839, 329, 616, 263, 366, 153, 498, 374, 991, 755, 518, 895, 889, 741, 787, 418, 248, 138, 733, 685, 275, 65, 792, 638, 646, 405, 37, 567, 878, 449, 638, 823, 600, 602, 146, 768, 387, 345, 659, 246]
Tree:
None

Fitness:
11.918904601140083