Generation:
1000

Phenotype:
+9.9E-2*KS(x[:,0], 5.4E+0,7.5E-7,None)-9.8E-9*KP(x[:,0], 9.2E+1,4.6E-1,3)

Genotype:
[11, 206, 782, 159, 119, 742, 733, 144, 500, 310, 465, 705, 203, 937, 595, 908, 803, 206, 738, 203, 819, 728, 2, 584, 561, 255, 226, 679, 361, 283, 32, 42, 93, 668, 157, 625, 87, 861, 212, 569, 199, 916, 147, 472, 801, 680, 21, 204, 204, 167, 286, 898, 988, 109, 140, 180, 605, 389, 940, 401, 185, 547, 616, 234, 149, 836, 841, 905, 711, 685, 203, 983, 164, 932, 110, 112, 307, 254, 408, 824, 251, 662, 93, 149, 713, 305, 814, 278, 456, 239]
Tree:
None

Fitness:
2.044391119030299