Generation:
1000

Phenotype:
+9.9E+0*KS(x[:,0], 7.9E-1,9.9E-2,None)+2.4E+0*KG(x[:,0], 6.6E-3,7.8E-1,None)-6.0E-1*KS(x[:,0], 1.9E+2,1.0E-9,None)

Genotype:
[365, 24, 215, 829, 602, 470, 726, 549, 163, 61, 233, 979, 195, 432, 460, 691, 476, 244, 664, 296, 580, 887, 6, 67, 293, 960, 878, 665, 901, 30, 844, 939, 95, 500, 389, 471, 900, 609, 428, 322, 999, 90, 239, 99, 283, 291, 382, 905, 440, 976, 717, 664, 346, 145, 886, 731, 342, 428, 991, 818, 495, 660, 495, 548, 388, 895, 990, 431, 25, 401, 439, 406, 47, 418, 801, 436, 44, 483, 382, 669, 553, 581, 147, 319, 971, 848, 980, 94, 415, 393]
Tree:
None

Fitness:
11.812661677662355