Generation:
1000

Phenotype:
+9.8E+0*KS(x[:,0], 6.7E-1,9.9E-2,None)+2.2E+0*KS(x[:,0], 1.0E-9,3.1E-0,None)

Genotype:
[887, 332, 53, 108, 818, 350, 824, 907, 549, 851, 827, 659, 667, 332, 708, 382, 110, 568, 872, 228, 600, 765, 70, 389, 569, 299, 241, 781, 730, 381, 618, 915, 86, 24, 824, 825, 440, 575, 643, 864, 833, 96, 903, 41, 640, 932, 995, 327, 755, 704, 313, 20, 310, 583, 928, 629, 123, 956, 823, 929, 818, 813, 849, 146, 377, 919, 66, 975, 258, 625, 166, 16, 608, 476, 718, 810, 209, 259, 318, 965, 187, 11, 910, 305, 804, 521, 105, 333, 44, 912]
Tree:
None

Fitness:
12.398331560892451