Generation:
1000

Phenotype:
+5.0E-2*KS(x[:,0], 1.5E+2,1.0E-9,None)

Genotype:
[352, 974, 967, 790, 79, 292, 288, 65, 838, 912, 864, 380, 279, 809, 429, 81, 473, 751, 913, 727, 946, 995, 572, 312, 947, 479, 180, 677, 13, 177, 590, 707, 518, 231, 449, 942, 163, 837, 798, 342, 855, 739, 86, 96, 84, 229, 802, 572, 732, 928, 612, 679, 817, 74, 247, 706, 779, 263, 10, 400, 6, 334, 792, 763, 945, 539, 923, 873, 509, 843, 596, 11, 662, 252, 216, 633, 428, 116, 531, 446, 746, 835, 365, 260, 947, 546, 57, 881, 89, 970]
Tree:
None

Fitness:
2.2868615606190237