Generation:
1000

Phenotype:
+9.9E+0*KS(x[:,0], 6.5E-1,3.9E-1,None)

Genotype:
[274, 672, 521, 689, 782, 160, 482, 65, 881, 581, 650, 289, 573, 671, 742, 630, 356, 919, 10, 454, 887, 745, 435, 561, 532, 592, 389, 564, 25, 32, 444, 127, 584, 224, 583, 159, 902, 592, 780, 990, 932, 885, 727, 590, 421, 606, 923, 690, 750, 835, 829, 557, 85, 161, 350, 833, 38, 164, 490, 10, 704, 762, 182, 371, 584, 554, 141, 159, 422, 892, 874, 66, 945, 581, 719, 760, 66, 917, 301, 460, 805, 399, 139, 900, 849, 32, 160, 879, 228, 864]
Tree:
None

Fitness:
18.045831446534375