Generation:
1000

Phenotype:
+2.6E-0*KG(x[:,0], 9.7E-6,2.2E-5,None)+9.2E-0*KS(x[:,0], 7.8E-1,9.9E-3,None)

Genotype:
[817, 260, 577, 836, 219, 530, 665, 837, 573, 316, 19, 282, 871, 145, 186, 334, 460, 710, 242, 107, 560, 762, 328, 865, 371, 692, 369, 731, 93, 382, 591, 434, 194, 151, 362, 109, 606, 734, 635, 552, 129, 139, 418, 844, 405, 488, 217, 920, 900, 962, 999, 261, 475, 606, 544, 405, 814, 214, 822, 330, 127, 120, 341, 984, 931, 419, 674, 726, 133, 601, 671, 129, 866, 744, 564, 42, 81, 576, 282, 211, 755, 236, 633, 30, 330, 418, 531, 909, 535, 466, 455, 690, 72, 709, 854, 622, 284, 958, 120, 360, 529, 68, 246, 640, 792, 64, 206, 205, 619, 905, 854, 538, 947, 266, 822, 588, 184, 854, 120, 421, 20, 972, 511, 649, 616, 251, 641, 558, 60, 826, 720, 882, 968, 367, 126, 458, 313, 968, 880, 390, 987, 297, 780, 232, 535, 674, 834, 632, 624, 342, 879, 714, 582, 694, 753, 929, 942]
Tree:
None

Fitness:
12.84817144916264