Generation:
1000

Phenotype:
+9.9E+0*KS(x[:,0], 6.8E-1,8.6E-2,None)-9.9E-2*KS(x[:,0], 2.8E+1,8.4E-9,None)+2.4E+0*KG(x[:,0], 1.4E-2,7.4E-5,None)

Genotype:
[107, 246, 575, 359, 804, 210, 113, 978, 363, 351, 817, 336, 957, 562, 633, 893, 455, 116, 679, 791, 62, 262, 628, 474, 211, 187, 884, 507, 619, 660, 810, 822, 937, 484, 456, 250, 585, 534, 583, 892, 789, 984, 689, 625, 934, 673, 642, 225, 373, 164, 615, 987, 239, 365, 644, 88, 230, 578, 576, 351, 481, 182, 710, 631, 71, 854, 169, 416, 395, 78, 203, 830, 661, 240, 870, 94, 89, 893, 384, 999, 894, 829, 438, 11, 533, 896, 595, 719, 310, 988]
Tree:
None

Fitness:
12.133265446805277