Generation:
1000

Phenotype:
+1.3E-0*KG(x[:,0], 6.4E-7,5.5E-7,None)+9.5E-0*KS(x[:,0], 8.2E+8,8.4E+7,None)-5.8E-6*KP(x[:,0], 6.3E-8,6.7E-5,3)

Genotype:
[157, 288, 828, 483, 679, 580, 257, 624, 203, 957, 742, 95, 175, 7, 733, 755, 800, 836, 945, 119, 780, 277, 842, 552, 298, 358, 434, 612, 77, 115, 890, 253, 490, 418, 719, 846, 662, 633, 63, 438, 968, 987, 553, 95, 453, 245, 82, 813, 658, 262, 982, 149, 771, 335, 639, 826, 756, 335, 458, 457, 654, 633, 242, 120, 948, 175, 91, 74, 993, 115, 577, 72, 525, 117, 581, 553, 257, 887, 299, 535, 893, 312, 709, 788, 669, 863, 262, 390, 723, 7, 960, 618, 70, 434, 349, 856, 559, 68, 618, 35, 622, 783, 549, 134, 756, 922, 145, 259, 737, 713, 691, 355]
Tree:
None

Fitness:
38.54053174656828