Generation:
1000

Phenotype:
-7.3E-3*KS(x[:,0], 9.5E-2,2.9E+2,None)-5.4E-4*KP(x[:,0], 4.8E+2,6.1E-0,0)-2.9E-2*KS(x[:,0], 3.9E-8,6.3E-1,None)

Genotype:
[257, 21, 771, 573, 97, 363, 692, 615, 893, 292, 352, 909, 652, 222, 531, 741, 57, 895, 194, 699, 844, 210, 768, 800, 992, 590, 861, 543, 600, 845, 46, 177, 721, 919, 461, 42, 911, 289, 167, 268, 626, 323, 147, 861, 608, 262, 67, 180, 782, 321, 100, 150, 947, 778, 321, 563, 446, 608, 585, 602, 782, 701, 857, 552, 172, 781, 665, 822, 726, 834, 399, 713, 224, 859, 801, 456, 79, 182, 964, 476, 5, 411, 958, 944, 394, 282, 213, 159, 31, 688, 96, 88, 856, 25, 649, 363, 135, 849, 544, 595, 199, 661, 26, 719, 516, 602, 584, 595, 660, 126, 755, 907, 386, 531, 799, 852, 432, 998, 376, 872, 683, 825, 531, 841, 445, 505, 957, 434, 315, 119, 256, 681, 916, 74, 764, 785, 604, 800, 499, 116, 554, 636, 370, 242, 8, 935, 114, 221, 998, 869, 985, 19, 577, 779, 157, 428, 499]
Tree:
None

Fitness:
2.3891360954337872