Generation:
1000

Phenotype:
+8.8E-0*KS(x[:,0], 6.4E-1,3.6E-1,None)+6.8E+0*KG(x[:,0], 9.9E-1,2.2E+0,None)

Genotype:
[647, 786, 457, 638, 199, 230, 500, 94, 543, 311, 821, 86, 103, 261, 777, 330, 358, 869, 758, 974, 380, 521, 459, 749, 381, 379, 212, 886, 760, 585, 572, 569, 427, 851, 893, 769, 247, 814, 761, 662, 293, 869, 91, 68, 405, 483, 950, 652, 408, 568, 948, 229, 638, 16, 33, 791, 255, 822, 691, 69, 10, 943, 755, 666, 13, 161, 194, 140, 409, 788, 410, 796, 794, 238, 684, 721, 336, 204, 657, 975, 849, 102, 284, 813, 465, 693, 610, 109, 617, 343]
Tree:
None

Fitness:
8.67632595841743