Generation:
1000

Phenotype:
+1.1E-0*KG(x[:,0], 3.2E-0,9.9E-1,None)-8.5E-2*KS(x[:,0], 2.5E+4,2.5E+4,None)

Genotype:
[403, 432, 702, 201, 485, 640, 380, 752, 445, 10, 332, 549, 899, 591, 401, 64, 779, 916, 35, 821, 232, 694, 415, 852, 94, 595, 825, 456, 944, 1, 153, 876, 822, 494, 702, 635, 966, 457, 992, 982, 12, 514, 287, 514, 755, 835, 601, 376, 641, 630, 375, 865, 460, 300, 461, 608, 313, 40, 866, 436, 362, 423, 482, 873, 694, 737, 132, 564, 940, 113, 871, 655, 803, 280, 135, 112, 946, 551, 108, 357, 838, 630, 157, 742, 943, 961, 881, 617, 849, 157]
Tree:
None

Fitness:
0.030386438540820754