Generation:
1000

Phenotype:
-5.1E-1*KP(x[:,0], 3.3E-1,9.0E-2,2)+8.2E-7*KP(x[:,0], 6.5E+6,9.3E-4,1)

Genotype:
[201, 533, 274, 681, 501, 61, 542, 53, 519, 61, 278, 210, 555, 122, 167, 854, 474, 430, 582, 105, 127, 473, 25, 110, 6, 35, 483, 373, 104, 986, 233, 806, 546, 603, 820, 926, 330, 598, 654, 288, 32, 392, 461, 525, 791, 698, 190, 151, 115, 285, 741, 215, 980, 388, 369, 938, 437, 431, 896, 467, 556, 126, 794, 176, 960, 402, 670, 587, 610, 68, 176, 780, 579, 678, 340, 221, 149, 42, 263, 706, 261, 88, 633, 24, 247, 69, 42, 190, 100, 231, 56, 516, 784, 718, 219, 222, 999, 429, 261, 286, 222, 205, 400, 469, 885, 885, 848, 840, 670, 443, 152, 514]
Tree:
None

Fitness:
38.539571338193895