Generation:
1000

Phenotype:
+9.9E-0*KS(x[:,0], 7.7E-1,1.3E-9,None)+3.8E-0*KG(x[:,0], 6.9E-2,9.9E-1,None)-8.7E-1*KS(x[:,0], 1.4E+1,2.0E-9,None)

Genotype:
[239, 560, 197, 709, 835, 150, 978, 557, 983, 311, 81, 493, 919, 409, 522, 31, 516, 587, 298, 591, 380, 104, 279, 301, 252, 242, 239, 245, 711, 951, 298, 643, 457, 687, 745, 1, 486, 914, 340, 131, 253, 160, 357, 499, 997, 73, 475, 962, 936, 5, 787, 900, 351, 137, 172, 502, 994, 175, 378, 484, 258, 610, 734, 26, 608, 747, 46, 333, 715, 889, 245, 529, 420, 306, 97, 404, 77, 577, 691, 680, 827, 116, 177, 839, 660, 363, 84, 478, 176, 200, 436, 452, 171, 661, 886, 208, 203, 479, 427, 449, 534, 569, 978, 576, 533, 269, 338, 461, 604, 330, 605, 509, 355, 880, 701, 547, 410, 617, 60, 459, 449, 136, 123, 759, 505, 881, 797, 597, 23, 436, 626, 401, 171, 145, 721, 878, 831, 276, 483, 339, 738, 457, 24, 23, 879, 987, 727, 993, 736, 978, 817, 922, 583, 632, 839, 866, 511]
Tree:
None

Fitness:
11.18182885143686