Generation:
1000

Phenotype:
+9.9E-1*KG(x[:,0], 3.0E+0,9.9E-1,None)-7.3E-2*KS(x[:,0], 3.2E+0,3.3E-0,None)

Genotype:
[757, 264, 260, 449, 165, 531, 218, 150, 710, 390, 674, 769, 813, 791, 746, 646, 635, 375, 173, 457, 622, 848, 42, 588, 550, 533, 473, 649, 930, 93, 1, 251, 160, 366, 438, 637, 870, 327, 342, 558, 174, 583, 256, 129, 560, 789, 329, 154, 296, 153, 866, 304, 654, 445, 781, 121, 521, 395, 106, 503, 541, 163, 551, 390, 254, 866, 726, 163, 606, 885, 359, 276, 716, 400, 56, 355, 902, 884, 128, 911, 148, 240, 583, 99, 632, 168, 479, 215, 611, 130, 922, 665, 345, 91, 5, 166, 208, 681, 818, 270, 500, 699, 181, 257, 879, 58, 653, 477, 326, 221, 282, 780, 731, 227, 770, 759, 761, 908, 200, 367, 537, 310, 186, 636, 347, 237, 687, 311, 622, 403, 72, 360, 319, 865, 481, 908, 799, 967, 439, 335, 316, 337, 264, 836, 2, 513, 366, 548, 807, 3, 273, 755, 283, 462, 200, 487, 626]
Tree:
None

Fitness:
0.045164532115112045