Generation:
1000

Phenotype:
+9.7E-0*KS(x[:,0], 7.2E-1,3.4E-1,None)+9.9E-1*KP(x[:,0], 5.2E+2,3.1E-4,0)+7.2E-3*KS(x[:,0], 5.9E+0,9.7E-5,None)-7.2E-2*KG(x[:,0], 3.0E-1,2.6E-8,None)

Genotype:
[365, 486, 296, 497, 283, 150, 591, 542, 385, 811, 983, 104, 673, 691, 63, 963, 544, 242, 189, 725, 751, 787, 332, 718, 532, 290, 431, 353, 574, 455, 641, 862, 996, 782, 69, 613, 283, 289, 326, 590, 944, 297, 207, 595, 975, 336, 273, 483, 212, 901, 682, 578, 860, 449, 741, 874, 566, 89, 618, 371, 823, 142, 490, 303, 491, 159, 880, 263, 942, 441, 556, 766, 517, 355, 936, 316, 661, 92, 769, 129, 9, 386, 22, 603, 216, 251, 555, 368, 342, 437, 308, 514, 71, 927, 278, 610, 124, 675, 560, 9, 333, 175, 198, 560, 318, 653, 861, 540, 817, 21, 213, 389, 657, 892, 676, 555, 585, 101, 613, 990, 344, 180, 836, 975, 768, 357, 248, 170, 400, 868, 71, 427, 444, 273, 477]
Tree:
None

Fitness:
14.992405085880643