Generation:
1000

Phenotype:
-2.5E-2*KG(x[:,0], 1.9E-8,8.5E+2,None)

Genotype:
[516, 105, 496, 275, 809, 462, 387, 509, 125, 408, 799, 555, 280, 832, 51, 215, 119, 972, 291, 406, 807, 131, 310, 946, 572, 768, 371, 465, 763, 970, 862, 777, 720, 4, 778, 194, 875, 382, 879, 695, 630, 120, 907, 62, 539, 208, 128, 703, 732, 821, 777, 740, 32, 2, 27, 923, 788, 488, 73, 393, 362, 963, 463, 353, 654, 855, 106, 895, 76, 418, 99, 297, 950, 314, 762, 119, 935, 155, 803, 700, 899, 418, 247, 514, 113, 781, 949, 172, 991, 417]
Tree:
None

Fitness:
2.3470040207445617