Generation:
1000

Phenotype:
+9.6E-0*KS(x[:,0], 6.9E-1,9.4E-2,None)+2.3E-0*KG(x[:,0], 6.9E-3,1.1E+0,None)

Genotype:
[527, 264, 584, 906, 279, 10, 671, 409, 963, 131, 728, 454, 779, 352, 522, 714, 222, 694, 103, 585, 880, 779, 339, 229, 923, 9, 711, 710, 0, 791, 951, 345, 839, 542, 107, 598, 498, 983, 700, 141, 949, 761, 1, 35, 704, 755, 84, 730, 8, 602, 776, 170, 313, 642, 504, 574, 803, 965, 79, 717, 18, 649, 997, 904, 909, 912, 214, 953, 169, 507, 380, 183, 129, 180, 108, 338, 480, 566, 273, 989, 152, 815, 576, 783, 92, 820, 870, 337, 382, 443, 772, 574, 569, 657, 95, 125, 774, 77, 760, 970, 901, 338, 7, 329, 655, 943, 446, 580, 600, 558, 607, 341]
Tree:
None

Fitness:
12.32603944917912