Generation:
1000

Phenotype:
+3.5E-1*KP(x[:,0], 7.9E-7,2.6E-0,2)-7.4E-1*KS(x[:,0], 1.4E+9,2.0E-4,None)+9.9E+0*KS(x[:,0], 8.1E-1,1.2E-1,None)+9.6E-2*KS(x[:,0], 3.4E+2,2.7E+2,None)

Genotype:
[153, 72, 659, 145, 719, 741, 105, 259, 537, 437, 901, 886, 969, 290, 867, 479, 681, 6, 4, 171, 981, 999, 84, 158, 819, 307, 500, 143, 664, 81, 137, 212, 377, 669, 368, 410, 178, 631, 557, 71, 234, 352, 5, 61, 161, 172, 938, 26, 396, 169, 742, 839, 574, 508, 322, 451, 97, 860, 192, 250, 684, 623, 373, 677, 604, 926, 167, 935, 827, 700, 615, 880, 311, 704, 774, 73, 62, 256, 970, 851, 403, 427, 644, 719, 524, 141, 627, 189, 652, 598, 40, 471, 258, 927, 562, 817, 364, 106, 236, 988, 857, 61, 288, 846, 178, 564, 668, 21, 649, 37, 71, 879, 447, 476, 895, 135, 243, 233, 445, 486, 653, 99, 248, 440, 422, 238, 402, 686, 160, 293, 678, 732, 138, 78, 521, 446, 250, 621, 170, 65, 803, 677, 275, 892, 165, 772, 727, 919, 182, 720, 403, 811, 381, 401, 420, 697, 54]
Tree:
None

Fitness:
11.604850300279567