Generation:
1000

Phenotype:
+9.6E-0*KS(x[:,0], 7.1E-1,8.7E-2,None)+2.3E-0*KG(x[:,0], 9.8E-4,1.6E-8,None)

Genotype:
[227, 654, 863, 476, 679, 640, 249, 221, 159, 171, 160, 737, 931, 732, 15, 282, 296, 766, 33, 581, 760, 35, 958, 627, 884, 0, 476, 221, 448, 407, 830, 847, 394, 179, 744, 861, 264, 386, 439, 223, 26, 106, 23, 201, 279, 422, 405, 97, 142, 52, 606, 180, 38, 832, 580, 727, 543, 478, 781, 608, 458, 573, 25, 807, 499, 505, 437, 826, 70, 205, 292, 663, 280, 177, 46, 47, 808, 53, 420, 298, 768, 684, 782, 365, 40, 283, 111, 33, 117, 254, 456, 384, 446, 177, 914, 422, 494, 692, 779, 876, 145, 480, 913, 965, 960, 274, 634, 66, 474, 322, 745, 210, 715, 117, 77, 789, 791, 851, 325, 318, 888, 833, 520, 531, 130, 655, 79, 252, 933, 121, 750, 881, 949, 867, 620]
Tree:
None

Fitness:
12.398113726468738