Generation:
1000

Phenotype:
+9.9E-0*KS(x[:,0], 5.8E-1,1.0E-9,None)+3.8E-0*KG(x[:,0], 9.8E-2,9.9E-1,None)

Genotype:
[947, 406, 8, 309, 17, 750, 805, 288, 387, 441, 549, 180, 971, 879, 112, 168, 790, 245, 578, 849, 350, 998, 918, 145, 402, 431, 799, 549, 791, 642, 953, 565, 41, 82, 908, 172, 866, 600, 880, 586, 294, 687, 938, 639, 390, 423, 646, 948, 404, 1, 486, 390, 110, 754, 847, 91, 942, 94, 384, 371, 390, 636, 355, 408, 429, 742, 188, 617, 984, 877, 422, 249, 68, 766, 78, 588, 61, 961, 708, 414, 643, 997, 965, 968, 865, 605, 152, 505, 957, 439, 105, 261, 279, 24, 176, 318, 653, 747, 973, 780, 525, 923, 311, 98, 653, 472, 772, 263, 398, 338, 756, 592]
Tree:
None

Fitness:
11.87719111595166