Generation:
1000

Phenotype:
+7.1E-8*KP(x[:,0], 5.6E+7,4.0E+7,1)

Genotype:
[944, 910, 87, 591, 969, 448, 823, 326, 468, 587, 768, 820, 78, 27, 311, 624, 58, 773, 608, 758, 257, 251, 955, 200, 512, 500, 409, 293, 660, 497, 51, 275, 193, 870, 311, 939, 308, 764, 296, 598, 852, 738, 522, 339, 214, 714, 613, 721, 542, 435, 808, 251, 584, 621, 508, 158, 326, 69, 908, 974, 197, 568, 174, 938, 322, 658, 385, 555, 7, 991, 511, 597, 777, 182, 370, 424, 107, 619, 341, 471, 445, 727, 234, 862, 787, 686, 99, 440, 424, 885]
Tree:
None

Fitness:
24.10652219906268