Generation:
1000

Phenotype:
+1.1E+0*KG(x[:,0], 3.1E-0,9.9E-1,None)-9.1E-2*KP(x[:,0], 7.2E+0,1.5E-0,0)

Genotype:
[85, 334, 990, 711, 460, 80, 938, 21, 99, 710, 98, 189, 113, 211, 289, 218, 939, 458, 841, 957, 562, 267, 342, 14, 130, 882, 35, 819, 130, 115, 403, 635, 370, 875, 907, 277, 236, 544, 303, 951, 476, 34, 672, 960, 597, 47, 151, 507, 404, 768, 405, 795, 641, 238, 272, 712, 997, 780, 767, 350, 822, 321, 630, 415, 792, 356, 88, 410, 810, 731, 264, 496, 562, 489, 820, 54, 872, 937, 8, 353, 535, 822, 428, 268, 546, 488, 198, 460, 44, 109]
Tree:
None

Fitness:
0.03176786585763218