Generation:
1000

Phenotype:
-6.1E-3*KP(x[:,0], 2.7E-7,2.2E-3,0)-3.7E-5*KS(x[:,0], 4.8E-7,2.4E+5,None)

Genotype:
[273, 693, 707, 711, 413, 323, 64, 247, 135, 247, 856, 322, 537, 13, 145, 562, 117, 641, 907, 219, 55, 84, 948, 677, 277, 487, 714, 8, 425, 175, 535, 212, 447, 853, 789, 409, 762, 534, 273, 554, 715, 514, 42, 390, 320, 884, 741, 935, 820, 923, 388, 92, 80, 985, 491, 856, 70, 534, 919, 747, 941, 364, 860, 684, 988, 658, 912, 698, 853, 399, 738, 525, 996, 680, 623, 254, 714, 451, 204, 936, 913, 864, 708, 478, 773, 267, 447, 137, 946, 346, 451, 66, 871, 488, 284, 112, 566, 840, 582, 324, 853, 730, 518, 358, 388, 47, 101, 499, 595, 260, 766, 547, 310, 405, 499, 218, 44, 150, 808, 88, 878, 261, 681, 444, 69, 646, 643, 927, 264, 238, 778, 895, 467, 566, 628]
Tree:
None

Fitness:
2.4390885833298555