Generation:
1000

Phenotype:
+9.3E-0*KG(x[:,0], 9.9E-1,1.9E-0,None)+7.6E+5*KS(x[:,0], 3.9E-6,3.9E-8,None)

Genotype:
[145, 650, 107, 163, 811, 120, 494, 79, 247, 861, 972, 239, 303, 220, 765, 340, 30, 348, 976, 740, 545, 209, 229, 413, 16, 794, 609, 231, 828, 577, 309, 355, 634, 633, 801, 20, 732, 190, 764, 9, 525, 905, 556, 458, 636, 773, 706, 107, 707, 225, 351, 172, 964, 275, 718, 996, 763, 649, 585, 705, 552, 498, 396, 371, 42, 510, 27, 376, 763, 510, 981, 506, 856, 857, 125, 93, 22, 495, 172, 831, 433, 48, 376, 830, 643, 678, 414, 833, 937, 947]
Tree:
None

Fitness:
9.887546885152295