Generation:
1000

Phenotype:
+1.1E-4*KP(x[:,0], 5.7E+4,5.0E-6,0)+6.2E-8*KP(x[:,0], 9.2E+7,5.7E-7,1)

Genotype:
[801, 768, 126, 931, 645, 834, 859, 807, 108, 814, 337, 330, 773, 376, 285, 194, 116, 338, 632, 15, 508, 890, 332, 450, 457, 472, 397, 269, 247, 786, 891, 413, 22, 516, 984, 901, 712, 27, 562, 705, 394, 50, 667, 773, 595, 591, 421, 618, 206, 806, 533, 186, 977, 631, 816, 951, 570, 4, 660, 433, 873, 680, 387, 308, 119, 680, 30, 493, 837, 55, 534, 514, 608, 930, 371, 24, 33, 715, 451, 486, 33, 27, 420, 758, 449, 896, 461, 684, 808, 762]
Tree:
None

Fitness:
41.91870844236947