Generation:
1000

Phenotype:
+9.9E+0*KS(x[:,0], 7.0E-1,3.5E-1,None)+6.3E-0*KG(x[:,0], 9.9E-1,2.2E-0,None)-9.9E-1*KS(x[:,0], 8.0E+0,7.1E-9,None)+9.9E+7*KG(x[:,0], 3.2E-5,8.0E+2,None)

Genotype:
[77, 680, 260, 119, 830, 310, 240, 860, 843, 51, 56, 775, 205, 51, 873, 49, 178, 329, 133, 793, 910, 845, 779, 17, 491, 901, 942, 65, 770, 925, 347, 683, 503, 119, 901, 861, 781, 170, 236, 570, 231, 91, 331, 199, 326, 0, 338, 881, 139, 678, 407, 785, 992, 747, 635, 709, 290, 960, 402, 345, 473, 534, 682, 836, 262, 555, 852]
Tree:
None

Fitness:
8.008676304825054