Generation:
1000

Phenotype:
+1.1E+0*KG(x[:,0], 4.4E+0,9.8E-1,None)-1.1E-9*KG(x[:,0], 1.4E-0,3.5E-9,None)

Genotype:
[817, 788, 342, 111, 904, 850, 570, 154, 496, 190, 98, 528, 495, 261, 636, 942, 323, 108, 181, 973, 719, 45, 804, 733, 800, 227, 695, 679, 169, 398, 664, 91, 109, 609, 308, 794, 42, 759, 430, 741, 361, 892, 806, 642, 997, 622, 53, 990, 308, 244, 297, 122, 764, 488, 876, 503, 902, 469, 273, 923, 170, 0, 174, 327, 609, 303, 356, 507, 504, 797, 504, 520, 149, 116, 155, 438, 695, 987, 267, 401, 900, 579, 777, 196, 506, 621, 366, 916, 512, 532]
Tree:
None

Fitness:
0.3222628708157847