Generation:
1000

Phenotype:
+5.0E-5*KS(x[:,0], 3.8E-0,1.5E-4,None)+3.7E-6*KG(x[:,0], 3.6E-1,6.3E-1,None)-4.5E-3*KG(x[:,0], 3.9E-5,3.5E-5,None)

Genotype:
[209, 398, 157, 650, 293, 575, 137, 728, 75, 740, 207, 205, 33, 984, 967, 835, 418, 173, 647, 651, 286, 560, 156, 923, 131, 833, 773, 835, 291, 288, 612, 721, 192, 235, 243, 333, 668, 549, 707, 165, 839, 35, 513, 945, 421, 52, 399, 469, 757, 280, 779, 81, 810, 288, 469, 160, 448, 949, 171, 82, 967, 830, 915, 235, 126, 496, 811, 412, 555, 504, 911, 396, 232, 158, 950, 582, 738, 559, 671, 545, 815, 890, 481, 721, 27, 689, 851, 156, 949, 566, 943, 382, 567, 508, 398, 261, 213, 245, 719, 705, 297, 103, 385, 188, 630, 744, 726, 935, 369, 592, 932, 276, 547, 511, 831, 659, 968, 675, 811, 299, 384, 789, 825, 279, 3, 17, 824, 677, 627, 523, 505, 297, 426, 911, 122]
Tree:
None

Fitness:
2.4359627564613557