Generation:
1000

Phenotype:
+9.9E-1*KG(x[:,0], 4.0E-0,9.9E-1,None)

Genotype:
[828, 502, 404, 399, 775, 661, 813, 350, 217, 950, 593, 419, 763, 591, 183, 524, 478, 212, 487, 814, 750, 36, 437, 335, 502, 338, 895, 677, 433, 432, 919, 637, 615, 609, 319, 100, 716, 345, 680, 607, 883, 221, 517, 977, 896, 497, 736, 534, 139, 613, 148, 730, 134, 405, 498, 706, 438, 411, 1, 522, 674, 188, 353, 334, 760, 873, 163, 598, 43, 416, 245, 787, 162, 625, 757, 122, 510, 860, 889, 122, 368, 301, 44, 542, 538, 713, 814, 759, 965, 439]
Tree:
None

Fitness:
0.32430525933371085