Generation:
1000

Phenotype:
+2.8E+0*KS(x[:,0], 1.7E-4,2.3E-2,None)+3.0E-0*KS(x[:,0], 6.7E+1,3.6E-3,None)

Genotype:
[857, 514, 1, 188, 862, 270, 630, 417, 737, 184, 685, 893, 89, 152, 408, 196, 0, 83, 290, 511, 140, 518, 277, 950, 741, 227, 176, 963, 533, 663, 319, 735, 523, 380, 499, 644, 166, 50, 625, 648, 416, 2, 263, 415, 527, 830, 623, 105, 594, 667, 827, 649, 74, 730, 973, 19, 68, 69, 796, 556, 320, 323, 363, 376, 899, 367, 921, 270, 933, 475, 247, 309, 277, 394, 573, 497, 685, 702, 195, 672, 61, 547, 788, 799, 935, 510, 873, 431, 801, 957, 90, 577, 173, 599, 31, 778, 250, 453, 358, 243, 595, 489, 678, 312, 448, 964, 801, 371, 302, 674, 423, 64]
Tree:
None

Fitness:
59.24299327354818