Generation:
1000

Phenotype:
+5.0E-2*KS(x[:,0], 6.8E+1,1.0E-9,None)

Genotype:
[952, 336, 778, 860, 685, 362, 941, 468, 464, 781, 702, 490, 591, 89, 16, 686, 584, 586, 760, 662, 778, 331, 376, 728, 349, 369, 530, 21, 782, 307, 322, 667, 866, 846, 131, 484, 682, 293, 212, 841, 790, 254, 704, 22, 631, 342, 779, 32, 931, 712, 695, 527, 403, 974, 86, 19, 996, 331, 676, 673, 186, 548, 973, 111, 862, 123, 253, 70, 459, 848, 586, 80, 22, 870, 589, 799, 400, 327, 330, 637, 853, 948, 367, 780, 38, 951, 410, 53, 457, 704, 581, 528, 334, 449, 737, 357, 498, 537, 462, 869, 868, 278, 741, 105, 32, 57, 735, 231, 864, 42, 516, 182]
Tree:
None

Fitness:
2.2868615606190232