Generation:
1000

Phenotype:
+9.9E+0*KS(x[:,0], 6.9E-1,3.7E-8,None)-3.8E-4*KS(x[:,0], 1.3E+4,9.5E+2,None)+3.1E-0*KG(x[:,0], 3.8E-2,9.3E-2,None)

Genotype:
[239, 810, 521, 469, 910, 930, 941, 739, 309, 1, 938, 627, 849, 538, 891, 857, 769, 947, 328, 879, 344, 972, 623, 10, 604, 512, 835, 906, 152, 743, 180, 132, 767, 781, 11, 430, 74, 768, 123, 752, 251, 793, 701, 542, 376, 713, 841, 578, 136, 327, 359, 308, 660, 776, 910, 934, 922, 560, 480, 965, 435, 972, 506, 173, 67, 129, 441, 979, 600, 661, 163, 337, 808, 106, 836, 786, 14, 570, 327, 39, 303, 424, 763, 482, 836, 963, 898, 498, 712, 144]
Tree:
None

Fitness:
12.049519062593445