Generation:
1000

Phenotype:
+2.3E+0*KP(x[:,0], 6.4E-1,4.1E-6,0)+9.5E-0*KS(x[:,0], 7.2E-1,7.5E-2,None)

Genotype:
[945, 800, 55, 873, 980, 140, 293, 614, 287, 771, 93, 551, 589, 216, 665, 910, 432, 620, 975, 129, 770, 744, 872, 169, 491, 753, 585, 359, 572, 990, 192, 441, 644, 428, 34, 275, 0, 627, 341, 881, 247, 312, 365, 686, 430, 595, 458, 930, 369, 251, 496, 238, 178, 401, 763, 405, 724, 240, 20, 381, 587, 330, 200, 263, 306, 42, 432, 133, 214, 81, 143, 853, 706, 18, 966, 481, 750, 726, 495, 464, 912, 990, 629, 934, 428, 267, 235, 468, 162, 865]
Tree:
None

Fitness:
12.458020057671291