Generation:
1000

Phenotype:
+8.8E+5*KP(x[:,0], 9.8E-7,5.6E-8,1)+4.4E-0*KS(x[:,0], 6.9E+8,3.4E+1,None)

Genotype:
[255, 50, 259, 378, 664, 545, 521, 798, 579, 977, 283, 146, 933, 508, 501, 814, 944, 660, 884, 115, 180, 149, 969, 910, 948, 569, 534, 932, 711, 664, 322, 414, 718, 805, 575, 423, 329, 479, 614, 425, 805, 589, 710, 727, 700, 527, 291, 201, 669, 871, 56, 534, 745, 236, 407, 288, 412, 810, 329, 141, 442, 447, 707, 46, 458, 782, 987, 788, 148, 343, 755, 142, 579, 462, 403, 777, 558, 203, 403, 781, 1000, 788, 835, 916, 36, 818, 418, 629, 60, 879, 14, 967, 304, 392, 96, 821, 130, 194, 563, 547, 885, 458, 959, 430, 939, 930, 567, 779, 406, 687, 884, 631]
Tree:
None

Fitness:
38.96959922761037