Generation:
1000

Phenotype:
+9.8E-2*KS(x[:,0], 5.8E+0,4.8E-5,None)-6.7E-1*KS(x[:,0], 8.6E-2,1.2E-9,None)

Genotype:
[509, 446, 692, 948, 355, 562, 976, 758, 566, 680, 948, 758, 53, 245, 868, 994, 55, 455, 407, 221, 161, 259, 376, 701, 682, 675, 342, 101, 999, 583, 659, 541, 566, 157, 741, 372, 238, 25, 718, 699, 215, 487, 993, 547, 705, 819, 94, 403, 281, 109, 837, 20, 689, 962, 635, 750, 235, 454, 678, 616, 329, 729, 297, 991, 75, 399, 96, 944, 745, 225, 403, 721, 437, 390, 462, 661, 320, 241, 156, 375, 378, 437, 996, 277, 709, 491, 116, 344, 550, 675]
Tree:
None

Fitness:
2.093444638954314