Generation:
1000

Phenotype:
+6.4E-2*KS(x[:,0], 6.2E+2,8.9E-2,None)-1.5E-5*KP(x[:,0], 3.8E+1,3.6E-9,2)

Genotype:
[707, 458, 968, 74, 631, 462, 815, 122, 804, 42, 340, 929, 217, 892, 737, 866, 173, 792, 965, 353, 775, 515, 358, 694, 701, 155, 246, 795, 79, 147, 281, 431, 449, 626, 109, 174, 420, 194, 428, 68, 593, 479, 589, 46, 59, 187, 82, 364, 947, 597, 54, 942, 803, 822, 119, 894, 120, 971, 166, 726, 414, 36, 704, 706, 835, 784, 115, 420, 880, 787, 773, 107, 361, 142, 673, 229, 967, 202, 540, 556, 100, 897, 452, 668, 955, 867, 481, 520, 493, 477]
Tree:
None

Fitness:
2.1751134828107648