Generation:
1000

Phenotype:
+1.3E+1*KS(x[:,0], 5.6E-1,2.9E-1,None)-9.7E-1*KS(x[:,0], 2.4E+8,4.5E-9,None)

Genotype:
[767, 110, 108, 563, 82, 221, 247, 686, 929, 221, 955, 569, 693, 11, 563, 712, 931, 188, 927, 221, 171, 379, 704, 376, 518, 534, 965, 249, 559, 536, 141, 976, 178, 103, 725, 273, 491, 655, 313, 273, 342, 415, 463, 453, 414, 585, 915, 550, 930, 962, 270, 480, 910, 757, 16, 162, 754, 334, 167, 575, 19, 291, 195, 18, 613, 643, 476, 548, 729, 430, 775, 737, 200, 497, 726, 539, 815, 14, 438, 375, 306, 419, 539, 621, 484, 805, 25, 129, 527, 406, 609, 218, 805, 785, 163, 915, 544, 446, 307, 725, 192, 484, 415, 974, 665, 527, 369, 290, 963, 38, 294, 94, 795, 851, 861, 746, 429, 195, 117, 278, 238, 227, 678, 200, 425, 907, 209, 289, 463, 794, 676, 673, 81, 822, 493, 931, 357, 826, 359, 759, 970, 836, 914, 6, 307, 584, 286, 197, 87, 272, 284, 192, 235, 449, 745, 896, 536, 253, 550, 429, 894, 599, 627, 514, 644, 667, 776, 203, 28, 990, 356, 265, 182, 683, 920, 379, 712, 288, 914, 18]
Tree:
None

Fitness:
12.694626750013608