Generation:
1000

Phenotype:
-8.8E-2*KP(x[:,0], 4.5E-1,9.9E-5,3)+9.9E-2*KS(x[:,0], 5.6E+0,1.2E-9,None)

Genotype:
[939, 147, 808, 418, 5, 272, 921, 785, 535, 591, 926, 309, 883, 905, 883, 910, 246, 188, 629, 559, 422, 517, 576, 560, 830, 288, 472, 587, 769, 898, 308, 934, 63, 292, 422, 764, 392, 177, 34, 507, 915, 615, 383, 617, 51, 1, 308, 417, 716, 663, 477, 999, 855, 325, 424, 741, 475, 734, 947, 725, 354, 500, 395, 93, 103, 99, 66, 413, 738, 216, 233, 93, 387, 857, 246, 555, 853, 611, 847, 559, 288, 719, 474, 953, 89, 299, 204, 87, 286, 541, 118, 988, 457, 120, 538, 556, 438, 291, 852, 436, 142, 498, 618, 270, 14, 639, 447, 795, 341, 853, 772, 363, 413, 584, 523, 337, 211, 244, 442, 433, 631, 359, 942, 679, 959, 79, 613, 888, 199, 316, 403, 825, 16, 466, 831, 176, 132, 292, 153, 226, 941, 420, 656, 305, 23, 106, 558, 151, 741, 473, 959, 8, 435, 83, 209, 561, 272, 444, 537, 174, 529, 88, 73, 910, 249, 883, 201, 862, 356, 570, 559, 884, 466, 280, 538, 0, 835, 731, 700, 847]
Tree:
None

Fitness:
2.0425447562432386