Generation:
1000

Phenotype:
+6.9E-0*KG(x[:,0], 1.9E-0,2.1E+0,None)+9.9E-0*KS(x[:,0], 5.5E-1,3.1E-1,None)

Genotype:
[487, 16, 455, 979, 359, 530, 738, 889, 577, 1000, 712, 621, 590, 550, 876, 178, 804, 836, 79, 969, 460, 724, 915, 575, 611, 371, 701, 799, 371, 717, 408, 872, 626, 601, 37, 961, 755, 759, 434, 745, 898, 510, 944, 129, 6, 384, 359, 672, 958, 139, 470, 342, 190, 163, 657, 153, 851, 611, 754, 650, 860, 109, 417, 176, 338, 522, 235, 501, 466, 945, 494, 607, 501, 714, 597, 971, 205, 709, 259, 454, 133, 756, 392, 349, 982, 207, 212, 171, 953, 226]
Tree:
None

Fitness:
6.233230600107338