Generation:
1000

Phenotype:
+9.1E+1*KP(x[:,0], 7.3E-8,7.1E-2,1)

Genotype:
[836, 438, 998, 311, 466, 431, 150, 683, 329, 188, 951, 411, 745, 972, 371, 379, 893, 401, 874, 0, 262, 863, 305, 953, 331, 549, 416, 0, 865, 559, 388, 347, 676, 186, 177, 267, 461, 628, 827, 55, 97, 175, 132, 53, 976, 274, 819, 359, 349, 84, 812, 100, 636, 474, 903, 613, 264, 919, 790, 71, 649, 411, 777, 222, 997, 73, 592, 998, 144, 166, 747, 784, 206, 350, 33, 440, 904, 906, 814, 962, 615, 56, 529, 477, 612, 95, 853, 67, 645, 144]
Tree:
None

Fitness:
59.886238660613174