Generation:
1000

Phenotype:
+3.4E+0*KS(x[:,0], 4.9E+8,1.2E-4,None)+3.7E-7*KS(x[:,0], 2.2E+3,3.0E-4,None)

Genotype:
[881, 682, 380, 524, 344, 490, 183, 659, 882, 948, 486, 972, 163, 924, 278, 262, 340, 155, 927, 687, 137, 307, 752, 690, 123, 704, 380, 701, 914, 475, 512, 630, 834, 19, 728, 312, 70, 206, 801, 90, 940, 23, 622, 797, 611, 430, 952, 699, 466, 900, 486, 106, 483, 677, 86, 5, 850, 133, 951, 738, 959, 938, 104, 969, 851, 544, 423, 138, 38, 294, 55, 632, 943, 750, 160, 65, 962, 448, 733, 106, 13, 209, 384, 902, 288, 494, 871, 325, 156, 710, 914, 973, 288, 429, 769, 283, 780, 897, 43, 767, 692, 228, 660, 146, 289, 637, 896, 264, 919, 358, 604, 956, 809, 475, 312, 811, 351, 418, 713, 624, 313, 983, 209, 576, 645, 236, 806, 993, 981, 459, 86, 338, 987, 706, 749]
Tree:
None

Fitness:
56.94736864625279