Generation:
1000

Phenotype:
+9.6E-0*KS(x[:,0], 7.0E-1,8.9E-2,None)+2.3E-0*KG(x[:,0], 8.0E-3,5.4E-2,None)

Genotype:
[749, 780, 8, 956, 797, 620, 672, 570, 849, 291, 502, 899, 563, 912, 361, 252, 534, 451, 363, 933, 510, 763, 240, 623, 933, 589, 634, 639, 242, 511, 660, 137, 916, 855, 942, 379, 425, 712, 497, 550, 672, 415, 376, 730, 909, 955, 604, 489, 970, 500, 665, 957, 297, 743, 329, 413, 338, 648, 552, 681, 145, 355, 908, 835, 475, 451, 370, 49, 833, 490, 129, 111, 250, 994, 778, 497, 192, 979, 833, 971, 538, 254, 313, 924, 197, 463, 993, 979, 438, 97, 352, 490, 113, 156, 335, 778, 228, 954, 358, 676, 313, 780, 304, 572, 486, 780, 205, 314, 685, 176, 706, 46, 72, 669, 565, 776, 192, 806, 381, 271, 779, 503, 546, 696, 218, 526, 915, 204, 119, 727, 677, 612, 37, 876, 649, 409, 75, 198, 36, 146, 335, 390, 682, 659, 57, 458, 885, 505, 259, 804, 765, 7, 193, 929, 643, 379, 85, 984, 443, 825, 987, 677, 191, 602, 700, 30, 903, 247, 819, 43, 490, 665, 505, 162, 361, 495, 773, 937, 46, 577]
Tree:
None

Fitness:
12.344437121391781