Generation:
1000

Phenotype:
+9.9E-1*KG(x[:,0], 3.2E+0,9.9E-1,None)-5.7E+0*KS(x[:,0], 1.3E-9,8.8E-3,None)

Genotype:
[931, 442, 845, 639, 741, 611, 65, 992, 404, 600, 449, 39, 519, 941, 206, 106, 323, 274, 977, 348, 60, 495, 923, 661, 809, 7, 768, 123, 553, 475, 840, 350, 628, 316, 244, 827, 190, 965, 235, 910, 231, 646, 890, 324, 665, 440, 425, 62, 58, 1, 485, 459, 959, 363, 72, 491, 972, 764, 52, 995, 653, 378, 295, 506, 527, 125, 715, 153, 106, 731, 622, 989, 571, 990, 671, 253, 556, 660, 661, 277, 652, 245, 364, 934, 445, 885, 996, 664, 892, 234]
Tree:
None

Fitness:
0.04774589898922736