Generation:
1000

Phenotype:
+9.7E+0*KS(x[:,0], 6.7E-1,9.9E-2,None)+2.2E-0*KG(x[:,0], 4.0E-5,7.9E+0,None)-8.3E-4*KS(x[:,0], 1.5E-3,9.8E-8,None)

Genotype:
[341, 596, 989, 777, 956, 310, 41, 777, 877, 11, 251, 599, 879, 642, 960, 781, 634, 181, 22, 693, 1000, 471, 60, 917, 455, 933, 119, 720, 940, 243, 280, 611, 421, 503, 149, 34, 297, 945, 441, 133, 26, 158, 31, 258, 433, 616, 614, 803, 857, 374, 989, 635, 766, 191, 109, 599, 300, 206, 177, 1, 546, 824, 241, 190, 603, 486, 638]
Tree:
None

Fitness:
12.456645326864532