Generation:
1000

Phenotype:
+9.5E+0*KS(x[:,0], 7.2E-1,7.6E-2,None)+2.4E-0*KG(x[:,0], 7.9E-3,7.6E-2,None)-3.8E-2*KP(x[:,0], 7.3E-0,9.5E-6,0)

Genotype:
[515, 770, 296, 615, 354, 480, 771, 292, 109, 671, 618, 226, 751, 342, 798, 223, 68, 163, 934, 623, 630, 789, 489, 977, 943, 186, 876, 987, 262, 555, 968, 149, 416, 218, 267, 162, 429, 703, 657, 530, 80, 185, 865, 76, 685, 483, 202, 435, 140, 560, 677, 879, 265, 711, 867, 230, 867, 313, 147, 17, 624, 978, 183, 448, 677, 706, 997]
Tree:
None

Fitness:
12.369870621613343