Generation:
1000

Phenotype:
+9.9E-1*KG(x[:,0], 3.1E-0,9.9E-1,None)-6.5E-2*KS(x[:,0], 5.4E+0,5.6E+0,None)

Genotype:
[991, 542, 863, 309, 411, 441, 659, 831, 489, 280, 440, 969, 665, 301, 611, 592, 79, 41, 245, 431, 532, 301, 204, 164, 900, 427, 836, 962, 940, 868, 43, 213, 592, 132, 553, 856, 170, 401, 567, 688, 997, 480, 169, 319, 984, 106, 193, 805, 793, 478, 84, 229, 733, 462, 149, 292, 990, 504, 937, 928, 329, 306, 543, 884, 471, 134, 9, 434, 273, 448, 644, 878, 398, 917, 986, 634, 680, 931, 835, 521, 25, 413, 413, 417, 436, 296, 459, 992, 320, 903, 180, 32, 662, 853, 200, 120, 799, 538, 181, 331, 783, 260, 141, 861, 108, 894, 658, 291, 828, 58, 216, 205, 730, 215, 817, 278, 103, 10, 73, 438, 484, 343, 207, 743, 832, 860, 821, 223, 251, 746, 506, 395, 714, 141, 77]
Tree:
None

Fitness:
0.04580053695143371