Generation:
1000

Phenotype:
+9.8E-0*KS(x[:,0], 6.0E-1,9.9E-4,None)+3.4E-0*KG(x[:,0], 7.0E-2,9.8E-1,None)

Genotype:
[875, 158, 467, 518, 909, 460, 320, 200, 455, 611, 989, 129, 621, 714, 675, 174, 990, 263, 414, 69, 1000, 915, 820, 241, 952, 404, 768, 877, 371, 244, 459, 685, 962, 563, 174, 966, 420, 107, 297, 216, 871, 18, 788, 895, 662, 303, 131, 587, 753, 470, 574, 505, 134, 501, 692, 784, 857, 825, 964, 522, 352, 291, 290, 7, 92, 100, 950, 354, 230, 305, 754, 374, 323, 89, 178, 710, 150, 466, 259, 676, 354, 718, 743, 502, 324, 976, 323, 594, 655, 211]
Tree:
None

Fitness:
11.915371366721372