Generation:
1000

Phenotype:
+1.2E+1*KS(x[:,0], 5.0E-1,3.0E-1,None)

Genotype:
[364, 234, 198, 362, 358, 851, 49, 920, 249, 201, 560, 900, 131, 571, 522, 147, 969, 349, 819, 449, 964, 210, 238, 675, 710, 287, 514, 472, 689, 332, 467, 138, 592, 930, 228, 729, 142, 984, 717, 786, 757, 292, 290, 504, 958, 559, 502, 499, 541, 255, 102, 44, 245, 438, 417, 305, 17, 295, 167, 238, 138, 165, 355, 244, 409, 29, 242, 796, 127, 386, 807, 626, 833, 3, 500, 893, 231, 279, 443, 57, 924, 15, 804, 159, 882, 786, 530, 431, 464, 564]
Tree:
None

Fitness:
13.212228486581271