Generation:
1000

Phenotype:
+1.9E-2*KS(x[:,0], 2.7E+1,3.2E-4,None)-7.1E+0*KP(x[:,0], 4.6E-4,8.1E-3,1)+9.9E-1*KG(x[:,0], 3.1E+0,1.0E+0,None)-1.8E-6*KS(x[:,0], 4.4E+0,2.4E+7,None)-4.6E-3*KS(x[:,0], 6.0E+8,4.9E+3,None)

Genotype:
[257, 802, 801, 59, 287, 902, 622, 617, 488, 211, 551, 982, 431, 194, 779, 177, 675, 24, 561, 848, 870, 777, 706, 409, 334, 952, 281, 769, 633, 961, 13, 334, 575, 569, 77, 831, 623, 411, 24, 310, 234, 470, 818, 720, 513, 59, 811, 297, 388, 567, 316, 426, 164, 912, 430, 460, 54, 82, 427, 808, 34, 291, 984, 326, 89, 943, 851, 810, 492, 438, 381, 889, 524, 383, 310, 321, 601, 452, 879, 313, 370, 164, 352, 415, 117, 95, 632, 61, 531, 612]
Tree:
None

Fitness:
0.04572964149662482