Generation:
1000

Phenotype:
+9.7E+0*KS(x[:,0], 7.1E-1,1.2E-1,None)+2.2E-0*KS(x[:,0], 9.3E-3,9.7E+3,None)-8.9E-2*KS(x[:,0], 4.0E+9,1.0E-8,None)

Genotype:
[881, 402, 377, 567, 996, 260, 114, 481, 785, 921, 702, 722, 713, 711, 818, 95, 296, 568, 172, 209, 820, 755, 913, 355, 163, 530, 507, 920, 23, 944, 592, 245, 52, 509, 15, 472, 264, 770, 58, 309, 351, 320, 355, 48, 398, 82, 943, 895, 466, 522, 743, 690, 596, 445, 482, 683, 429, 39, 809, 771, 778, 875, 194, 931, 528, 203, 428, 75, 300, 489, 703, 148, 516, 863, 23, 761, 249, 671, 777, 830, 602, 608, 15, 697, 401, 115, 27, 340, 272, 935]
Tree:
None

Fitness:
12.295106275468052