Generation:
1000

Phenotype:
-9.9E-5*KS(x[:,0], 2.6E+5,6.6E+0,None)+7.1E-4*KS(x[:,0], 8.7E-5,4.9E+1,None)

Genotype:
[203, 519, 989, 859, 77, 195, 658, 776, 0, 415, 230, 976, 706, 370, 265, 112, 102, 798, 381, 55, 934, 43, 137, 5, 565, 372, 879, 868, 721, 663, 650, 866, 925, 823, 211, 853, 805, 873, 5, 221, 708, 996, 802, 586, 652, 473, 619, 416, 176, 230, 414, 261, 390, 939, 983, 322, 451, 681, 610, 705, 459, 113, 19, 352, 737, 581, 39, 4, 145, 323, 873, 764, 480, 610, 312, 69, 556, 479, 625, 130, 190, 503, 813, 126, 198, 204, 827, 817, 305, 475, 622, 250, 994, 680, 964, 572, 55, 791, 427, 748, 296, 616, 980, 908, 14, 327, 897, 842, 482, 847, 64, 321, 442, 928, 516, 613, 472, 730, 55, 112, 47, 305, 114, 536, 164, 556, 543, 545, 97, 721, 132, 287, 932, 182, 559]
Tree:
None

Fitness:
2.471818489821268