Generation:
1000

Phenotype:
+2.5E-3*KS(x[:,0], 6.9E+4,4.6E+3,None)

Genotype:
[724, 988, 775, 895, 157, 93, 932, 389, 44, 134, 417, 996, 366, 983, 486, 924, 26, 903, 171, 916, 633, 356, 37, 632, 156, 742, 371, 369, 662, 130, 216, 280, 332, 639, 387, 756, 759, 609, 327, 536, 490, 828, 988, 112, 958, 979, 2, 392, 268, 268, 360, 44, 144, 727, 924, 510, 559, 243, 175, 178, 817, 563, 952, 390, 517, 716, 326, 593, 560, 918, 691, 846, 300, 112, 377, 508, 845, 783, 42, 145, 231, 440, 457, 653, 945, 670, 458, 742, 285, 990]
Tree:
None

Fitness:
2.441745853644264