Generation:
1000

Phenotype:
+9.9E-2*KS(x[:,0], 4.3E+0,3.0E-9,None)-9.3E-9*KP(x[:,0], 9.4E+1,7.5E-0,3)+9.8E-3*KS(x[:,0], 4.5E+3,1.0E-7,None)

Genotype:
[143, 112, 242, 439, 851, 562, 705, 653, 828, 910, 704, 430, 73, 739, 141, 555, 55, 809, 313, 765, 369, 116, 804, 176, 491, 501, 665, 549, 970, 123, 424, 312, 989, 478, 343, 843, 336, 385, 30, 493, 180, 270, 321, 157, 660, 805, 42, 298, 934, 435, 592, 634, 777, 827, 767, 475, 197, 981, 20, 124, 676, 928, 728, 596, 583, 234, 894, 28, 955, 770, 66, 315, 362, 977, 129, 39, 848, 818, 49, 427, 258, 569, 47, 94, 245, 975, 648, 366, 429, 426, 148, 791, 415, 839, 185, 633, 186, 70, 420, 36, 782, 649, 784, 441, 69, 97, 846, 965, 361, 266, 321, 195]
Tree:
None

Fitness:
2.0243717477046177