Generation:
1000

Phenotype:
+9.2E-0*KG(x[:,0], 7.8E-1,1.8E-0,None)+1.2E-3*KP(x[:,0], 2.4E+3,5.3E-9,1)

Genotype:
[865, 680, 188, 112, 69, 830, 420, 718, 97, 61, 639, 618, 307, 180, 502, 398, 956, 630, 412, 773, 53, 460, 234, 206, 473, 238, 493, 115, 649, 946, 935, 483, 586, 243, 461, 822, 995, 233, 173, 924, 908, 147, 729, 442, 107, 435, 143, 278, 222, 38, 641, 928, 588, 74, 915, 710, 728, 863, 955, 291, 919, 704, 246, 459, 299, 818, 943, 923, 823, 937, 180, 561, 489, 484, 253, 292, 150, 689, 486, 920, 337, 975, 793, 706, 515, 661, 507, 287, 444, 874, 287, 218, 485, 140, 609, 113, 614, 24, 877, 1000, 735, 447, 616, 931, 359, 322, 251, 810, 423, 650, 537, 489]
Tree:
None

Fitness:
10.310214272691473