Generation:
1000

Phenotype:
+2.3E+0*KS(x[:,0], 1.6E-1,3.4E-0,None)+9.7E+0*KS(x[:,0], 6.9E-1,9.0E-2,None)

Genotype:
[269, 360, 136, 563, 324, 840, 891, 586, 659, 911, 425, 134, 713, 160, 650, 376, 676, 143, 7, 692, 470, 959, 709, 985, 351, 44, 350, 155, 292, 24, 749, 258, 290, 951, 715, 484, 14, 954, 140, 439, 174, 264, 341, 679, 307, 916, 249, 478, 483, 230, 43, 239, 152, 559, 299, 693, 238, 840, 78, 962, 596, 200, 959, 37, 345, 2, 960, 861, 258, 317, 760, 104, 382, 602, 398, 368, 374, 658, 368, 615, 423, 240, 846, 220, 284, 21, 454, 869, 726, 594]
Tree:
None

Fitness:
12.418062361936034