Generation:
1000

Phenotype:
+9.6E-1*KG(x[:,0], 3.1E+0,9.9E-1,None)-6.3E+0*KP(x[:,0], 5.0E-7,8.2E-3,1)

Genotype:
[253, 994, 566, 426, 865, 81, 623, 81, 306, 700, 44, 219, 961, 671, 34, 86, 989, 77, 613, 332, 930, 643, 630, 281, 707, 781, 552, 475, 743, 896, 89, 17, 50, 82, 463, 979, 420, 85, 687, 379, 139, 385, 456, 116, 481, 765, 26, 614, 0, 350, 427, 267, 112, 168, 759, 858, 547, 203, 517, 834, 264, 972, 271, 497, 876, 929, 674, 80, 377, 408, 484, 67, 592, 67, 943, 496, 612, 402, 720, 724, 392, 389, 183, 814, 870, 985, 674, 292, 215, 798, 7, 615, 938, 766, 669, 623, 799, 765, 221, 758, 45, 829, 454, 81, 19, 707, 526, 972, 131, 976, 816, 383, 292, 817, 597, 169, 557, 385, 497, 918, 721, 115, 466, 36, 752, 66, 839, 464, 204, 966, 527, 835, 669, 555, 462, 90, 52, 1, 271, 238, 636, 606, 270, 921, 426, 161, 102, 892, 320, 191, 1000, 274, 961, 307, 464, 884, 621]
Tree:
None

Fitness:
0.053189800163188146