Generation:
1000

Phenotype:
+1.2E+1*KS(x[:,0], 5.0E-1,3.0E-1,None)+9.6E-7*KP(x[:,0], 4.6E-8,5.6E+9,0)

Genotype:
[659, 346, 549, 812, 778, 371, 859, 990, 475, 271, 857, 190, 357, 541, 128, 152, 60, 548, 876, 207, 47, 183, 966, 507, 578, 175, 816, 684, 249, 90, 635, 224, 47, 656, 990, 881, 28, 371, 813, 893, 246, 606, 986, 616, 33, 338, 830, 818, 338, 802, 713, 203, 55, 109, 991, 723, 633, 755, 314, 778, 434, 805, 673, 350, 782, 608, 494, 871, 246, 806, 545, 22, 311, 33, 29, 830, 43, 405, 740, 37, 871, 18, 948, 210, 238, 324, 290, 9, 719, 932]
Tree:
None

Fitness:
13.212227526581271