Generation:
1000

Phenotype:
+1.1E-0*KG(x[:,0], 3.1E+0,9.9E-1,None)-9.9E-2*KG(x[:,0], 9.9E-2,7.8E-1,None)-9.9E-8*KS(x[:,0], 3.6E+9,7.8E+2,None)

Genotype:
[223, 536, 648, 771, 173, 550, 830, 541, 72, 610, 53, 979, 247, 491, 448, 895, 747, 953, 9, 183, 212, 899, 659, 471, 252, 888, 198, 651, 661, 146, 406, 335, 791, 519, 669, 718, 920, 676, 972, 539, 906, 648, 880, 62, 1000, 567, 803, 874, 235, 24, 287, 668, 529, 988, 937, 465, 513, 473, 602, 139, 315, 427, 919, 999, 432, 996, 324, 295, 360, 805, 520, 856, 393, 637, 579, 45, 266, 841, 111, 141, 269, 130, 721, 976, 696, 397, 871, 63, 373, 137]
Tree:
None

Fitness:
0.028658721087817918