Generation:
1000

Phenotype:
+2.2E+0*KS(x[:,0], 3.9E+7,7.9E+9,None)+9.8E+0*KS(x[:,0], 6.7E-1,9.8E-2,None)-1.4E-2*KS(x[:,0], 9.2E+1,3.1E-6,None)

Genotype:
[995, 388, 829, 652, 386, 460, 38, 299, 910, 707, 879, 609, 240, 349, 514, 371, 462, 431, 368, 48, 330, 293, 27, 335, 241, 251, 468, 815, 262, 139, 136, 415, 999, 394, 599, 672, 701, 402, 762, 131, 758, 881, 67, 796, 98, 609, 317, 198, 53, 845, 876, 298, 350, 16, 594, 292, 832, 58, 40, 12, 12, 528, 534, 370, 279, 492, 11, 104, 757, 136, 402, 154, 707, 190, 561, 697, 851, 584, 627, 147, 583, 17, 300, 927, 104, 741, 489, 891, 118, 847]
Tree:
None

Fitness:
12.376699556063167