Generation:
1000

Phenotype:
+1.1E+0*KG(x[:,0], 3.1E-0,1.0E-0,None)-8.8E-2*KG(x[:,0], 6.8E-2,9.7E-1,None)

Genotype:
[757, 432, 882, 351, 966, 720, 992, 891, 201, 320, 54, 810, 873, 730, 343, 588, 281, 592, 498, 407, 662, 797, 28, 153, 102, 665, 877, 269, 891, 425, 311, 659, 747, 547, 420, 112, 542, 653, 661, 410, 703, 333, 350, 756, 446, 57, 813, 216, 868, 382, 995, 258, 283, 555, 322, 355, 261, 252, 733, 202, 474, 816, 814, 162, 604, 311, 823, 233, 987, 844, 617, 371, 649, 901, 47, 641, 158, 357, 436, 305, 877, 394, 609, 294, 947, 850, 562, 546, 756, 788, 646, 0, 860, 997, 389, 653, 481, 586, 987, 195, 334, 92, 724, 724, 323, 835, 643, 141, 674, 934, 72, 979, 852, 642, 418, 508, 772, 866, 186, 971, 189, 10, 175, 298, 757, 159, 921, 494, 352, 962, 592, 990, 739, 37, 794, 396, 971, 387, 265, 669, 417, 353, 520, 256, 515, 872, 200, 642, 1000, 374, 822, 44, 235, 457, 695, 447, 619]
Tree:
None

Fitness:
0.02905878863984276