Generation:
1000

Phenotype:
-9.9E-2*KG(x[:,0], 9.9E-2,7.8E-1,None)+1.1E+0*KG(x[:,0], 3.1E+0,9.9E-1,None)

Genotype:
[817, 95, 152, 379, 493, 902, 89, 909, 651, 402, 987, 708, 735, 211, 267, 42, 786, 270, 21, 646, 470, 875, 701, 260, 420, 836, 139, 229, 731, 927, 576, 781, 121, 28, 682, 278, 119, 233, 959, 502, 875, 90, 915, 197, 212, 34, 947, 893, 493, 730, 6, 174, 631, 265, 713, 408, 224, 808, 750, 378, 782, 452, 504, 93, 421, 239, 759, 331, 139, 563, 992, 940, 710, 809, 620, 316, 21, 827, 609, 165, 102, 959, 187, 654, 378, 215, 627, 379, 477, 189, 381, 272, 325, 178, 474, 626, 664, 920, 566, 423, 808, 293, 101, 492, 764, 306, 560, 880, 777, 360, 976, 161, 975, 886, 753, 612, 501, 221, 633, 930, 348, 713, 470, 701, 199, 28, 644, 906, 460, 553, 542, 499, 741, 533, 988]
Tree:
None

Fitness:
0.028658723502452077