Generation:
1000

Phenotype:
-4.0E-0*KP(x[:,0], 9.9E-2,4.7E-8,3)

Genotype:
[14, 811, 345, 860, 957, 430, 476, 9, 37, 362, 588, 987, 683, 8, 173, 955, 431, 888, 62, 138, 697, 396, 385, 227, 870, 920, 628, 354, 461, 6, 765, 586, 504, 970, 794, 575, 599, 751, 1, 32, 49, 673, 152, 296, 194, 387, 608, 445, 720, 284, 212, 89, 961, 94, 370, 400, 818, 190, 195, 427, 851, 815, 739, 186, 355, 975, 7, 924, 263, 798, 338, 939, 670, 965, 494, 934, 438, 835, 54, 724, 76, 98, 809, 696, 225, 453, 654, 287, 248, 548]
Tree:
None

Fitness:
2.3877288394531644