Generation:
1000

Phenotype:
+9.1E-2*KS(x[:,0], 6.8E+0,1.4E-5,None)-2.5E-2*KP(x[:,0], 9.8E-1,6.2E-3,2)-5.0E-3*KS(x[:,0], 7.4E+7,9.0E+6,None)

Genotype:
[53, 982, 332, 261, 215, 692, 932, 948, 282, 290, 639, 44, 855, 775, 421, 771, 683, 10, 565, 265, 352, 35, 748, 285, 391, 248, 292, 981, 753, 742, 808, 927, 679, 80, 71, 113, 132, 64, 302, 587, 152, 430, 192, 226, 170, 276, 181, 157, 351, 816, 408, 444, 822, 499, 635, 574, 24, 326, 13, 114, 403, 716, 502, 346, 226, 580, 71, 950, 1, 978, 256, 727, 934, 813, 458, 393, 233, 438, 229, 807, 231, 793, 489, 210, 277, 996, 666, 159, 861, 672]
Tree:
None

Fitness:
2.065927132733464