Generation:
1000

Phenotype:
+5.0E-2*KS(x[:,0], 8.6E+4,1.0E-9,None)

Genotype:
[304, 110, 229, 20, 63, 452, 268, 936, 142, 824, 594, 860, 381, 649, 524, 61, 629, 242, 548, 695, 415, 930, 951, 545, 214, 653, 151, 636, 26, 632, 907, 317, 144, 768, 499, 586, 578, 314, 538, 234, 987, 229, 200, 635, 326, 794, 229, 901, 440, 955, 99, 893, 880, 797, 91, 64, 167, 533, 542, 610, 382, 458, 969, 647, 308, 436, 693, 508, 499, 930, 645, 908, 45, 780, 924, 617, 503, 645, 716, 145, 822, 532, 297, 674, 435, 954, 937, 162, 340, 537]
Tree:
None

Fitness:
2.2868615606190237