Generation:
1000

Phenotype:
+7.7E+0*KS(x[:,0], 1.3E-0,9.1E-4,None)+6.3E-1*KP(x[:,0], 3.7E-5,6.3E-0,1)-9.3E-2*KG(x[:,0], 3.1E-0,3.2E-7,None)

Genotype:
[617, 818, 708, 7, 196, 210, 198, 913, 225, 240, 467, 511, 991, 504, 975, 285, 320, 401, 733, 647, 91, 353, 707, 795, 345, 941, 283, 465, 450, 941, 996, 409, 656, 653, 187, 512, 812, 801, 793, 100, 380, 202, 157, 187, 247, 615, 112, 537, 851, 516, 91, 158, 947, 409, 217, 224, 974, 448, 586, 484, 757, 253, 103, 349, 186, 708, 147, 437, 717, 626, 400, 339, 846, 815, 93, 123, 526, 542, 52, 187, 281, 200, 718, 90, 928, 489, 539, 232, 604, 98, 23, 259, 722, 965, 737, 479, 566, 218, 604, 651, 91, 746, 790, 508, 478, 931, 188, 940, 420, 389, 473, 759, 962, 518, 681, 211, 766, 106, 695, 887, 961, 847, 721, 238, 693, 442, 877, 493, 649, 372, 365, 403, 83, 585, 678, 844, 901, 527, 512, 862, 857, 485, 175, 852, 464, 466, 767, 881, 322, 778, 828, 999, 828, 741, 287, 325, 135, 822, 501, 43, 791, 450, 609, 386, 65, 90, 272, 780, 480, 312, 221, 231, 935, 104, 965, 590, 372, 12, 151, 161]
Tree:
None

Fitness:
17.375981806624942