Generation:
1000

Phenotype:
+9.9E-1*KG(x[:,0], 3.0E+0,1.0E-0,None)-6.1E-2*KS(x[:,0], 3.2E-5,9.0E+0,None)

Genotype:
[493, 704, 251, 259, 973, 131, 137, 350, 528, 750, 558, 380, 433, 230, 962, 520, 805, 797, 21, 183, 322, 488, 502, 739, 135, 206, 450, 760, 250, 815, 214, 765, 98, 509, 399, 855, 224, 183, 758, 34, 119, 508, 452, 438, 468, 43, 568, 764, 401, 779, 42, 927, 689, 18, 640, 878, 706, 581, 727, 203, 611, 513, 490, 343, 344, 316, 471, 853, 499, 102, 227, 940, 401, 426, 143, 284, 769, 224, 592, 133, 52, 778, 82, 553, 178, 453, 490, 885, 703, 339, 213, 429, 68, 711, 633, 971, 799, 797, 790, 917, 998, 193, 827, 714, 185, 202, 798, 30, 397, 383, 314, 5, 56, 644, 393, 635, 186, 540, 294, 239, 823, 1000, 86, 576, 191, 379, 938, 461, 423, 315, 346, 275, 623, 193, 123]
Tree:
None

Fitness:
0.04722225092720241