Generation:
1000

Phenotype:
+6.4E+6*KS(x[:,0], 4.2E-7,7.0E-8,None)+9.9E-1*KS(x[:,0], 8.7E-0,6.9E-0,None)+9.1E+0*KG(x[:,0], 1.4E+0,1.9E-0,None)

Genotype:
[767, 898, 401, 54, 186, 386, 291, 402, 689, 267, 141, 120, 569, 338, 537, 509, 114, 476, 499, 643, 851, 565, 647, 217, 590, 257, 399, 947, 510, 168, 168, 126, 341, 451, 952, 960, 405, 474, 372, 500, 306, 169, 859, 210, 11, 415, 822, 185, 752, 834, 845, 635, 312, 372, 818, 352, 97, 826, 553, 611, 976, 223, 180, 234, 108, 545, 926, 192, 384, 278, 540, 307, 834, 515, 162, 641, 869, 323, 224, 601, 716, 279, 681, 907, 256, 513, 854, 125, 877, 933]
Tree:
None

Fitness:
6.174474730997239