Generation:
1000

Phenotype:
+9.9E-0*KS(x[:,0], 6.8E-1,8.5E-3,None)+2.9E-0*KG(x[:,0], 3.1E-2,9.9E-4,None)

Genotype:
[131, 756, 215, 729, 17, 550, 131, 178, 911, 821, 682, 385, 31, 693, 665, 426, 674, 1000, 249, 301, 150, 866, 471, 605, 822, 575, 669, 569, 824, 407, 241, 73, 358, 166, 321, 828, 672, 698, 921, 903, 406, 731, 896, 942, 665, 61, 42, 218, 687, 634, 874, 186, 482, 265, 250, 126, 967, 565, 800, 133, 476, 807, 562, 728, 991, 490, 930, 57, 731, 344, 346, 261, 940, 170, 785, 777, 707, 546, 972, 926, 450, 951, 13, 104, 241, 98, 399, 585, 372, 980, 957, 259, 280, 402, 558, 403, 432, 122, 868, 781, 254, 307, 100, 595, 722, 859, 321, 175, 670, 131, 275, 499, 239, 380, 921, 50, 748, 949, 736, 273, 406, 125, 143, 376, 785, 237, 149, 167, 829, 266, 737, 830, 783, 126, 581]
Tree:
None

Fitness:
12.093788884750216