Generation:
1000

Phenotype:
+9.9E-2*KS(x[:,0], 5.0E-0,1.5E-2,None)-6.8E+1*KP(x[:,0], 8.6E-4,1.9E-9,1)

Genotype:
[767, 866, 575, 859, 759, 432, 184, 730, 63, 810, 558, 975, 917, 572, 610, 686, 145, 311, 678, 928, 51, 511, 526, 611, 164, 819, 269, 53, 179, 626, 42, 226, 854, 413, 656, 868, 781, 925, 213, 905, 64, 574, 267, 262, 593, 390, 35, 617, 513, 475, 182, 384, 725, 472, 744, 713, 751, 871, 10, 616, 908, 581, 54, 837, 14, 422, 614, 267, 144, 486, 974, 49, 910, 225, 523, 699, 495, 19, 840, 862, 381, 888, 515, 867, 73, 811, 915, 998, 560, 68]
Tree:
None

Fitness:
2.094880678227888