Generation:
1000

Phenotype:
+9.9E-1*KG(x[:,0], 3.0E-0,1.0E+0,None)-4.8E-2*KP(x[:,0], 6.6E+1,2.2E+9,0)

Genotype:
[319, 278, 611, 959, 467, 701, 740, 860, 89, 620, 432, 350, 922, 730, 581, 722, 355, 795, 938, 711, 952, 671, 696, 378, 21, 667, 512, 278, 909, 710, 872, 756, 239, 898, 25, 357, 281, 647, 613, 165, 829, 594, 296, 20, 341, 571, 59, 879, 361, 553, 910, 807, 936, 762, 666, 101, 960, 522, 721, 67, 685, 841, 281, 314, 236, 601, 606, 768, 420, 491, 614, 382, 664, 310, 35, 649, 668, 223, 418, 187, 469, 594, 606, 264, 551, 24, 944, 798, 457, 347]
Tree:
None

Fitness:
0.04826518842108085