Generation:
1000

Phenotype:
+9.9E+0*KS(x[:,0], 7.0E-1,6.7E-4,None)+3.1E+0*KG(x[:,0], 3.7E-2,8.7E-3,None)

Genotype:
[95, 868, 998, 669, 400, 0, 960, 890, 45, 531, 68, 777, 561, 794, 731, 894, 606, 524, 1, 908, 280, 704, 697, 819, 432, 151, 867, 615, 63, 828, 386, 801, 629, 884, 135, 784, 927, 719, 534, 802, 711, 743, 283, 431, 87, 62, 248, 661, 362, 197, 496, 593, 317, 337, 681, 692, 52, 989, 967, 278, 802, 986, 593, 966, 158, 758, 353, 310, 696, 11, 842, 67, 979, 111, 609, 968, 885, 1000, 221, 721, 179, 18, 153, 185, 947, 565, 538, 507, 75, 749]
Tree:
None

Fitness:
12.054603596553788