Generation:
1000

Phenotype:
+1.0E-0*KG(x[:,0], 3.1E+0,9.8E-1,None)+4.0E-8*KS(x[:,0], 4.6E+7,5.5E+5,None)-6.2E-2*KS(x[:,0], 2.9E+1,9.2E+5,None)

Genotype:
[733, 532, 90, 900, 209, 420, 569, 221, 804, 480, 935, 878, 109, 111, 387, 803, 16, 75, 940, 459, 678, 480, 756, 346, 367, 13, 665, 236, 315, 902, 76, 239, 257, 872, 529, 982, 847, 359, 186, 751, 719, 2, 864, 475, 88, 737, 60, 39, 629, 289, 699, 911, 799, 799, 442, 364, 291, 152, 554, 793, 358, 264, 323, 657, 620, 772, 706, 864, 409, 149, 41, 870, 46, 706, 986, 307, 585, 227, 864, 361, 15, 803, 756, 726, 610, 533, 262, 864, 992, 771, 97, 208, 158, 625, 38, 504, 762, 602, 124, 572, 655, 866, 207, 425, 148, 486, 522, 27, 297, 47, 33, 257, 17, 831, 272, 709, 738, 594, 987, 410, 319, 905, 545, 649, 393, 406, 282, 640, 996, 326, 681, 73, 525, 807, 579, 800, 86, 569, 543, 954, 131, 940, 166, 568, 250, 286, 204, 406, 889, 893, 0, 707, 177, 587, 787, 734, 143]
Tree:
None

Fitness:
0.04655006515179698