Generation:
1000

Phenotype:
+9.7E-2*KS(x[:,0], 3.0E+0,8.6E-4,None)-9.3E-6*KP(x[:,0], 9.8E+3,2.0E-9,1)+9.6E-2*KS(x[:,0], 3.4E+0,6.4E-8,None)

Genotype:
[119, 852, 584, 17, 837, 442, 128, 970, 778, 600, 259, 246, 385, 754, 341, 747, 633, 728, 943, 199, 256, 692, 848, 912, 703, 316, 1000, 655, 689, 791, 958, 330, 134, 716, 329, 52, 713, 184, 762, 110, 464, 824, 241, 818, 614, 123, 745, 942, 83, 804, 169, 382, 52, 312, 325, 19, 263, 571, 878, 524, 532, 680, 396, 537, 358, 1, 676, 6, 77, 68, 71, 682, 526, 488, 993, 665, 807, 550, 864, 743, 896, 909, 246, 15, 69, 219, 937, 175, 606, 178, 389, 68, 416, 139, 891, 629, 448, 284, 800, 55, 625, 366, 548, 277, 181, 881, 654, 297, 318, 54, 644, 350]
Tree:
None

Fitness:
1.9682404984018946