Generation:
1000

Phenotype:
+5.0E-2*KS(x[:,0], 1.1E+9,1.0E-9,None)

Genotype:
[844, 568, 850, 840, 637, 522, 36, 851, 664, 999, 837, 820, 873, 669, 31, 904, 159, 548, 518, 294, 189, 419, 444, 36, 727, 689, 500, 962, 460, 68, 163, 694, 706, 618, 718, 736, 880, 946, 228, 725, 7, 734, 348, 67, 242, 969, 882, 346, 479, 240, 146, 363, 604, 437, 893, 904, 814, 833, 922, 139, 553, 710, 215, 218, 975, 682, 299, 77, 179, 478, 713, 533, 8, 241, 389, 996, 345, 419, 52, 713, 418, 267, 544, 771, 899, 145, 654, 860, 913, 988, 910, 578, 5, 692, 43, 527, 245, 317, 995, 269, 424, 985, 412, 729, 961, 914, 346, 631, 480, 285, 602, 904]
Tree:
None

Fitness:
2.2868615606190237