Generation:
1000

Phenotype:
+9.9E-0*KS(x[:,0], 6.5E-1,3.9E-1,None)

Genotype:
[508, 416, 638, 539, 697, 520, 860, 225, 179, 331, 65, 919, 615, 281, 316, 635, 982, 193, 113, 652, 679, 754, 166, 183, 974, 255, 649, 827, 266, 794, 160, 978, 944, 309, 514, 559, 482, 219, 665, 251, 609, 806, 13, 345, 76, 540, 116, 106, 982, 50, 875, 303, 926, 785, 457, 509, 464, 660, 40, 906, 117, 25, 796, 745, 86, 882, 701, 525, 703, 998, 688, 294, 924, 436, 601, 401, 756, 712, 991, 136, 513, 298, 549, 434, 409, 256, 202, 387, 942, 971, 87, 192, 22, 482, 750, 134, 865, 66, 895, 428, 130, 412, 115, 720, 352, 103, 422, 153, 672, 885, 81, 61]
Tree:
None

Fitness:
18.045831446534375