Generation:
1000

Phenotype:
+8.5E-0*KS(x[:,0], 8.1E-1,6.9E-2,None)+4.3E+0*KG(x[:,0], 6.4E-3,9.5E-0,None)

Genotype:
[215, 242, 16, 365, 359, 730, 187, 961, 477, 221, 428, 789, 215, 602, 989, 696, 162, 300, 813, 618, 60, 914, 294, 983, 853, 98, 545, 219, 640, 322, 821, 734, 863, 269, 204, 391, 423, 943, 261, 648, 845, 706, 628, 849, 689, 134, 295, 146, 412, 71, 582, 856, 966, 642, 251, 641, 222, 574, 17, 261, 488, 623, 513, 92, 817, 783, 625, 113, 186, 673, 245, 276, 255, 1, 927, 464, 780, 833, 840, 437, 585, 803, 295, 186, 626, 135, 459, 927, 918, 394]
Tree:
None

Fitness:
12.898131215323485