Generation:
1000

Phenotype:
+9.3E-0*KS(x[:,0], 7.0E-1,7.8E-4,None)+3.2E-0*KG(x[:,0], 4.5E-2,9.9E-1,None)

Genotype:
[995, 828, 323, 763, 651, 540, 186, 80, 137, 171, 429, 108, 239, 234, 874, 750, 912, 317, 362, 637, 380, 867, 135, 513, 702, 98, 689, 541, 491, 997, 114, 47, 778, 420, 441, 230, 697, 169, 608, 99, 725, 665, 418, 775, 821, 365, 693, 831, 62, 567, 55, 663, 462, 520, 859, 171, 862, 908, 338, 179, 367, 717, 481, 58, 790, 597, 544, 120, 832, 978, 485, 38, 296, 555, 340, 660, 403, 802, 839, 615, 793, 787, 221, 34, 830, 534, 526, 347, 730, 432, 977, 740, 101, 564, 705, 494, 780, 640, 992, 874, 643, 160, 850, 687, 586, 885, 694, 260, 351, 860, 59, 494, 436, 400, 285, 609, 750, 285, 305, 463, 735, 369, 103, 119, 12, 886, 593, 430, 517, 273, 213, 243, 877, 566, 586, 251, 266, 437, 115, 104, 668, 710, 975, 506, 679, 753, 889, 756, 52, 881, 215, 175, 84, 838, 682, 2, 122, 453, 910, 426, 283, 637, 823, 559, 327, 906, 974, 763, 892, 937, 774, 93, 930, 91, 372, 688, 904, 47, 736, 117]
Tree:
None

Fitness:
12.109631911601875