Generation:
1000

Phenotype:
+4.8E+0*KG(x[:,0], 9.9E-2,1.9E-0,None)-9.9E-1*KS(x[:,0], 2.0E+1,1.0E-9,None)+9.3E+0*KS(x[:,0], 7.0E-1,1.0E-9,None)

Genotype:
[223, 966, 750, 178, 452, 640, 872, 929, 805, 772, 927, 839, 121, 60, 591, 425, 797, 548, 399, 237, 521, 559, 160, 152, 801, 990, 290, 177, 179, 985, 454, 474, 656, 583, 264, 290, 573, 100, 795, 381, 810, 850, 111, 769, 104, 563, 135, 578, 783, 671, 737, 99, 808, 230, 144, 861, 817, 970, 436, 180, 827, 503, 380, 288, 982, 479, 133, 902, 746, 387, 404, 761, 970, 772, 911, 120, 568, 378, 726, 606, 765, 515, 926, 673, 206, 575, 305, 910, 706, 572]
Tree:
None

Fitness:
10.735704874644794