Generation:
1000

Phenotype:
+9.4E-0*KS(x[:,0], 7.0E-1,9.7E-7,None)+2.4E-0*KP(x[:,0], 2.2E-5,5.0E+5,0)+1.3E+0*KG(x[:,0], 5.8E-0,6.3E-8,None)

Genotype:
[167, 22, 638, 104, 683, 730, 546, 550, 931, 971, 314, 67, 551, 467, 631, 585, 366, 541, 854, 151, 150, 82, 772, 727, 325, 22, 800, 718, 215, 870, 720, 632, 945, 553, 928, 460, 796, 18, 361, 960, 563, 533, 471, 468, 386, 576, 99, 885, 933, 543, 935, 699, 221, 177, 594, 944, 368, 125, 849, 67, 159, 733, 444, 744, 643, 127, 975, 743, 128, 455, 709, 810, 531, 613, 703, 22, 569, 554, 862, 922, 284, 44, 842, 330, 884, 624, 930, 991, 607, 466, 777, 526, 393, 464, 120, 268, 823, 197, 60, 835, 149, 642, 64, 578, 104, 119, 51, 992, 827, 891, 873, 530]
Tree:
None

Fitness:
12.042813922632293