Generation:
1000

Phenotype:
+9.9E-1*KG(x[:,0], 3.9E-0,9.9E-1,None)

Genotype:
[342, 56, 71, 19, 575, 291, 839, 119, 745, 890, 314, 789, 61, 621, 248, 769, 184, 174, 305, 708, 820, 786, 793, 681, 618, 625, 524, 919, 842, 112, 656, 671, 288, 986, 281, 610, 325, 664, 99, 785, 670, 79, 554, 262, 575, 550, 66, 66, 747, 556, 68, 527, 847, 148, 366, 620, 589, 457, 932, 903, 233, 698, 724, 162, 868, 196, 953, 301, 589, 678, 288, 901, 751, 697, 575, 415, 974, 72, 591, 301, 872, 400, 694, 641, 145, 904, 936, 387, 640, 329, 884, 721, 346, 224, 376, 81, 709, 579, 87, 494, 20, 216, 22, 706, 8, 938, 545, 472, 436, 809, 270, 322]
Tree:
None

Fitness:
0.32476250894614733