Generation:
1000

Phenotype:
-8.2E-2*KP(x[:,0], 2.9E-0,7.2E-7,0)-9.8E-9*KP(x[:,0], 3.5E-0,5.1E+0,2)+9.5E-0*KS(x[:,0], 8.9E-4,5.4E+4,None)

Genotype:
[753, 993, 673, 952, 185, 92, 874, 239, 537, 560, 114, 42, 787, 807, 105, 339, 699, 998, 238, 207, 419, 434, 125, 167, 430, 139, 71, 348, 310, 752, 100, 676, 701, 625, 813, 820, 151, 999, 671, 714, 130, 704, 600, 314, 963, 78, 371, 453, 848, 757, 570, 18, 762, 409, 89, 694, 493, 636, 452, 590, 639, 787, 492, 780, 535, 188, 751, 363, 962, 108, 714, 737, 271, 343, 428, 346, 228, 462, 278, 159, 264, 491, 963, 990, 196, 804, 403, 15, 234, 642, 269, 697, 481, 432, 590, 340, 932, 1, 867, 166, 125, 361, 551, 891, 840, 998, 266, 483, 652, 947, 897, 334]
Tree:
None

Fitness:
60.95467881105302