Generation:
1000

Phenotype:
+4.0E-2*KS(x[:,0], 4.4E-3,7.7E+1,None)+6.5E-0*KS(x[:,0], 4.6E-8,9.1E+6,None)

Genotype:
[569, 768, 300, 710, 965, 812, 966, 854, 769, 813, 717, 917, 524, 921, 595, 442, 6, 131, 155, 921, 890, 399, 376, 487, 128, 206, 241, 276, 916, 267, 986, 665, 45, 387, 668, 159, 387, 361, 213, 244, 661, 246, 150, 369, 103, 958, 790, 286, 531, 556, 525, 15, 13, 685, 693, 589, 58, 834, 188, 865, 570, 428, 525, 6, 444, 172, 69, 656, 174, 557, 722, 632, 218, 73, 392, 109, 377, 764, 72, 518, 733, 965, 862, 736, 53, 718, 452, 576, 322, 37, 403, 901, 674, 322, 135, 253, 937, 828, 800, 264, 481, 860, 337, 178, 739, 534, 778, 160, 701, 855, 691, 234, 249, 943, 252, 458, 696, 726, 111, 994, 811, 962, 908, 121, 757, 956, 927, 329, 293, 633, 556, 381, 269, 55, 993]
Tree:
None

Fitness:
59.860100249351255