Generation:
1000

Phenotype:
+9.4E+0*KS(x[:,0], 7.2E-1,8.1E-2,None)+3.8E+3*KS(x[:,0], 6.5E-6,6.0E-4,None)

Genotype:
[917, 584, 935, 634, 916, 200, 429, 692, 119, 531, 205, 191, 689, 542, 736, 214, 512, 506, 608, 492, 523, 779, 505, 261, 166, 635, 550, 943, 324, 406, 585, 998, 780, 315, 349, 199, 433, 942, 475, 862, 506, 426, 502, 854, 28, 945, 712, 12, 742, 120, 868, 390, 406, 77, 469, 431, 588, 332, 461, 314, 763, 39, 89, 969, 298, 604, 760, 942, 184, 178, 341, 571, 568, 603, 676, 611, 554, 141, 787, 430, 181, 354, 356, 431, 29, 212, 11, 525, 43, 961, 138, 856, 776, 357, 780, 883, 331, 82, 90, 83, 302, 210, 536, 881, 77, 425, 264, 366, 519, 415, 674, 304, 59, 801, 864, 505, 778, 802, 500, 545, 501, 2, 22, 430, 675, 66, 206, 58, 52, 47, 508, 573, 519, 395, 543]
Tree:
None

Fitness:
12.468286785859856