Generation:
1000

Phenotype:
+9.3E-1*KS(x[:,0], 5.2E+7,3.9E+7,None)+8.0E+3*KS(x[:,0], 4.0E-4,2.4E-4,None)+9.8E-1*KS(x[:,0], 9.1E+0,4.8E+0,None)

Genotype:
[635, 596, 674, 133, 69, 11, 481, 972, 338, 347, 65, 239, 652, 667, 729, 731, 418, 142, 600, 498, 153, 822, 500, 961, 284, 199, 104, 995, 14, 74, 988, 642, 341, 618, 19, 921, 485, 761, 968, 550, 228, 838, 680, 990, 712, 234, 678, 978, 715, 991, 919, 163, 117, 130, 349, 421, 102, 412, 853, 985, 318, 807, 593, 504, 231, 374, 428, 756, 696, 856, 837, 134, 361, 617, 481, 309, 832, 396, 684, 584, 358, 5, 813, 536, 347, 157, 497, 480, 852, 863]
Tree:
None

Fitness:
17.252219953803785