Generation:
1000

Phenotype:
+9.9E-1*KG(x[:,0], 3.0E+0,9.9E-1,None)-6.9E-2*KS(x[:,0], 1.9E+0,2.2E-0,None)

Genotype:
[229, 834, 161, 779, 737, 911, 569, 1000, 60, 790, 170, 299, 285, 781, 552, 778, 915, 797, 519, 281, 462, 972, 829, 202, 260, 820, 792, 745, 520, 968, 935, 378, 14, 635, 616, 291, 736, 827, 887, 316, 934, 92, 789, 232, 594, 535, 289, 910, 132, 195, 953, 97, 464, 574, 945, 833, 573, 506, 573, 802, 469, 858, 715, 870, 648, 567, 470, 261, 732, 327, 124, 134, 97, 516, 610, 249, 870, 577, 246, 90, 24, 616, 793, 965, 799, 73, 3, 803, 375, 892]
Tree:
None

Fitness:
0.04571603162282711