Generation:
1000

Phenotype:
+5.0E-2*KS(x[:,0], 3.4E+7,1.0E-9,None)

Genotype:
[478, 522, 328, 10, 291, 302, 245, 364, 156, 747, 765, 460, 3, 869, 812, 732, 655, 128, 519, 232, 840, 736, 970, 274, 978, 213, 109, 26, 983, 889, 417, 827, 654, 923, 138, 763, 347, 761, 617, 368, 442, 850, 226, 61, 273, 70, 729, 762, 199, 11, 90, 898, 848, 193, 226, 691, 821, 576, 275, 881, 34, 200, 699, 929, 612, 308, 284, 824, 333, 785, 510, 571, 668, 481, 744, 708, 615, 654, 675, 24, 60, 805, 994, 859, 325, 444, 413, 905, 484, 19, 601, 788, 389, 31, 657, 286, 171, 215, 736, 673, 758, 196, 305, 192, 863, 182, 988, 734, 579, 652, 483, 875]
Tree:
None

Fitness:
2.2868615606190237