Generation:
1000

Phenotype:
+9.9E-0*KS(x[:,0], 6.6E-1,4.0E-1,None)

Genotype:
[40, 710, 431, 689, 713, 540, 995, 586, 311, 581, 30, 20, 401, 831, 285, 645, 551, 247, 176, 148, 494, 425, 356, 438, 553, 736, 340, 320, 920, 912, 456, 456, 594, 170, 569, 726, 964, 850, 885, 210, 947, 185, 771, 466, 79, 398, 779, 853, 436, 716, 295, 825, 928, 633, 659, 332, 137, 292, 748, 439, 907, 681, 650, 851, 215, 423, 779, 934, 593, 397, 62, 710, 805, 507, 12, 434, 116, 956, 83, 112, 790, 768, 778, 786, 979, 931, 47, 266, 466, 463]
Tree:
None

Fitness:
18.0502401757406