Generation:
1000

Phenotype:
+9.9E-0*KS(x[:,0], 6.5E-1,3.9E-1,None)

Genotype:
[58, 692, 584, 59, 511, 740, 608, 215, 671, 401, 191, 729, 65, 691, 592, 465, 475, 684, 203, 899, 905, 61, 973, 261, 574, 753, 728, 699, 577, 799, 683, 459, 963, 582, 978, 720, 685, 612, 81, 135, 966, 640, 309, 629, 380, 637, 251, 149, 923, 111, 990, 399, 105, 46, 524, 980, 378, 925, 213, 436, 330, 93, 502, 936, 794, 207, 36, 920, 592, 57, 356, 528, 839, 275, 144, 288, 504, 59, 326, 940, 174, 593, 289, 569, 198, 799, 172, 679, 122, 377, 27, 8, 109, 227, 665, 545, 688, 467, 601, 825, 709, 654, 122, 24, 459, 53, 842, 55, 615, 816, 870, 349, 389, 119, 151, 671, 888, 315, 981, 755, 874, 422, 225, 817, 303, 405, 77, 359, 310, 402, 913, 212, 333, 729, 509, 40, 53, 68, 628, 249, 998, 407, 841, 646, 387, 258, 869, 115, 863, 183, 631, 350, 451, 442, 267, 442, 170]
Tree:
None

Fitness:
18.045831446534375