Generation:
1000

Phenotype:
+9.9E-1*KG(x[:,0], 3.1E-0,9.9E-1,None)-5.9E-2*KS(x[:,0], 8.5E-0,8.8E-0,None)

Genotype:
[175, 718, 845, 159, 683, 401, 83, 501, 189, 170, 692, 49, 175, 381, 887, 532, 289, 67, 269, 887, 272, 223, 985, 229, 620, 574, 398, 463, 770, 794, 981, 146, 848, 257, 450, 328, 400, 152, 516, 318, 315, 161, 616, 755, 485, 157, 308, 787, 914, 993, 421, 394, 204, 320, 404, 482, 508, 391, 961, 749, 60, 498, 997, 395, 0, 659, 534, 271, 183, 548, 822, 987, 69, 397, 748, 153, 296, 193, 659, 880, 638, 783, 980, 265, 723, 84, 357, 445, 806, 823]
Tree:
None

Fitness:
0.04630832953246059