Generation:
1000

Phenotype:
+3.2E-0*KS(x[:,0], 9.3E+2,8.1E-3,None)+2.1E-1*KG(x[:,0], 3.3E-1,7.5E-3,None)

Genotype:
[545, 704, 884, 252, 485, 580, 890, 713, 310, 542, 349, 881, 273, 973, 894, 792, 872, 352, 661, 675, 721, 587, 183, 717, 31, 114, 555, 847, 283, 906, 390, 359, 816, 382, 967, 177, 219, 464, 759, 859, 696, 748, 743, 500, 245, 284, 727, 80, 8, 56, 50, 781, 878, 918, 605, 149, 78, 601, 287, 198, 717, 753, 549, 806, 844, 787, 775, 667, 671, 763, 434, 560, 872, 603, 547, 431, 607, 481, 256, 784, 101, 833, 367, 319, 165, 606, 633, 540, 54, 241]
Tree:
None

Fitness:
57.634264549894986