Generation:
1000

Phenotype:
+9.9E-1*KG(x[:,0], 3.1E-0,1.0E+0,None)-7.9E+2*KS(x[:,0], 3.7E-7,6.2E-5,None)

Genotype:
[649, 964, 818, 969, 671, 801, 308, 821, 619, 340, 153, 90, 560, 880, 530, 832, 645, 366, 739, 442, 682, 956, 597, 325, 727, 329, 662, 403, 785, 995, 552, 854, 177, 925, 620, 929, 647, 167, 45, 767, 78, 66, 552, 540, 993, 584, 375, 585, 373, 900, 345, 498, 301, 133, 89, 303, 262, 580, 190, 578, 518, 191, 551, 329, 979, 255, 45, 485, 181, 610, 509, 430, 156, 350, 846, 158, 72, 541, 372, 483, 970, 82, 466, 849, 201, 860, 532, 422, 348, 758, 569, 857, 644, 199, 888, 663, 108, 392, 987, 398, 579, 447, 342, 149, 12, 869, 490, 247, 437, 356, 817, 394, 992, 99, 252, 971, 530, 309, 4, 72, 386, 408, 806, 600, 491, 410, 639, 738, 818, 865, 718, 814, 706, 412, 788, 117, 132, 434, 745, 106, 207, 965, 887, 290, 936, 894, 868, 59, 777, 860, 53, 978, 543, 558, 783, 115, 270]
Tree:
None

Fitness:
0.04729247082130347