Generation:
1000

Phenotype:
+1.0E-0*KG(x[:,0], 4.1E-0,9.9E-1,None)

Genotype:
[168, 946, 342, 450, 53, 370, 642, 551, 625, 450, 62, 119, 375, 381, 371, 851, 225, 618, 895, 180, 975, 925, 71, 1000, 208, 123, 320, 280, 148, 95, 736, 581, 968, 20, 844, 206, 885, 845, 925, 486, 504, 657, 368, 928, 197, 849, 705, 614, 536, 826, 623, 43, 274, 489, 193, 721, 36, 209, 418, 611, 973, 334, 299, 496, 124, 342, 962, 549, 77, 911, 970, 632, 280, 651, 812, 553, 531, 118, 995, 295, 46, 266, 990, 806, 728, 173, 132, 577, 63, 603]
Tree:
None

Fitness:
0.322259425194843