Generation:
1000

Phenotype:
+9.9E-1*KG(x[:,0], 3.1E-0,9.9E-1,None)-6.1E-2*KS(x[:,0], 5.9E+1,3.9E+2,None)

Genotype:
[679, 900, 890, 539, 613, 711, 488, 701, 695, 290, 566, 789, 299, 551, 774, 340, 109, 671, 181, 443, 772, 364, 579, 262, 411, 173, 169, 764, 702, 339, 89, 893, 727, 491, 355, 337, 39, 844, 828, 853, 991, 896, 746, 422, 161, 570, 57, 559, 869, 804, 255, 966, 62, 23, 547, 218, 341, 607, 484, 628, 594, 801, 820, 919, 679, 74, 460, 84, 799, 471, 191, 795, 966, 226, 516, 43, 379, 701, 128, 967, 979, 842, 528, 776, 54, 348, 62, 978, 138, 258, 134, 941, 307, 953, 522, 223, 772, 66, 256, 606, 924, 710, 508, 475, 268, 347, 549, 100, 805, 108, 488, 725, 364, 326, 291, 222, 82, 187, 749, 320, 7, 304, 841, 762, 809, 178, 514, 290, 79, 13, 79, 942, 365, 830, 612, 266, 750, 738, 41, 601, 850, 204, 77, 641, 624, 220, 316, 88, 39, 691, 423, 668, 46, 363, 825, 275, 23]
Tree:
None

Fitness:
0.0475943661938737