Generation:
1000

Phenotype:
+9.7E-2*KS(x[:,0], 5.9E-0,2.2E-5,None)-7.9E-0*KP(x[:,0], 7.3E-3,8.2E-7,1)

Genotype:
[701, 322, 395, 547, 77, 232, 472, 289, 645, 300, 451, 422, 33, 165, 50, 614, 813, 897, 389, 977, 100, 609, 13, 523, 713, 781, 192, 771, 747, 846, 958, 184, 265, 59, 592, 406, 807, 284, 434, 762, 537, 207, 598, 818, 982, 717, 230, 163, 373, 781, 370, 825, 409, 899, 647, 149, 12, 545, 224, 301, 491, 562, 455, 489, 420, 977, 648, 642, 274, 343, 31, 509, 550, 380, 447, 295, 442, 602, 836, 857, 153, 106, 39, 716, 13, 815, 501, 515, 570, 218]
Tree:
None

Fitness:
2.0977276907939393