Generation:
1000

Phenotype:
-6.1E-2*KP(x[:,0], 9.1E+6,2.1E-4,0)+9.9E-1*KG(x[:,0], 3.1E-0,9.9E-1,None)

Genotype:
[219, 669, 185, 681, 383, 622, 638, 1, 904, 136, 10, 321, 579, 644, 410, 54, 252, 890, 239, 529, 801, 416, 661, 77, 400, 638, 239, 377, 281, 280, 32, 494, 249, 116, 203, 989, 168, 780, 39, 981, 351, 726, 686, 56, 969, 690, 143, 694, 52, 102, 59, 958, 812, 962, 99, 134, 356, 752, 674, 957, 146, 145, 278, 726, 443, 169, 819, 765, 572, 631, 668, 902, 791, 182, 692, 182, 942, 692, 4, 297, 692, 89, 314, 51, 745, 790, 861, 655, 770, 764]
Tree:
None

Fitness:
0.0475943661938737