Generation:
1000

Phenotype:
+6.7E-2*KS(x[:,0], 5.7E-0,4.6E-7,None)-4.0E-3*KP(x[:,0], 9.1E-7,1.6E+4,0)

Genotype:
[845, 462, 887, 327, 533, 952, 517, 77, 617, 10, 75, 426, 325, 497, 778, 668, 453, 138, 390, 113, 93, 359, 961, 263, 437, 954, 596, 336, 494, 10, 133, 368, 695, 754, 464, 665, 933, 404, 883, 869, 242, 103, 348, 697, 193, 147, 819, 393, 594, 293, 376, 978, 244, 663, 576, 770, 54, 394, 38, 749, 834, 327, 251, 774, 496, 752, 800, 301, 284, 217, 507, 13, 852, 638, 647, 853, 454, 753, 538, 898, 603, 367, 358, 746, 225, 126, 253, 200, 447, 542, 104, 974, 322, 307, 647, 17, 334, 595, 670, 973, 460, 62, 429, 69, 443, 21, 784, 115, 621, 313, 428, 19, 68, 677, 831, 238, 731, 613, 350, 588, 882, 58, 465, 378, 689, 749, 811, 211, 310, 445, 501, 485, 553, 821, 237]
Tree:
None

Fitness:
2.318910155709566