Generation:
1000

Phenotype:
+9.7E-0*KS(x[:,0], 5.0E-1,3.1E-1,None)+6.7E-0*KG(x[:,0], 2.6E+0,2.0E-0,None)+5.6E+3*KS(x[:,0], 8.5E-5,7.3E-6,None)

Genotype:
[809, 146, 314, 437, 619, 870, 571, 440, 429, 161, 353, 501, 431, 451, 159, 895, 134, 158, 977, 905, 440, 334, 296, 244, 760, 955, 200, 877, 250, 917, 466, 624, 4, 856, 892, 433, 943, 675, 945, 225, 375, 753, 733, 406, 493, 428, 41, 413, 295, 275, 166, 816, 159, 723, 465, 938, 836, 208, 63, 542, 201, 396, 712, 700, 972, 126, 776, 598, 707, 932, 873, 437, 639, 407, 942, 242, 110, 294, 713, 830, 702, 205, 92, 72, 371, 352, 716, 258, 517, 77, 881, 802, 66, 346, 343, 704, 130, 506, 218, 382, 329, 81, 805, 119, 27, 315, 580, 400, 534, 806, 632, 293, 180, 496, 894, 762, 528, 695, 113, 406, 318, 250, 543, 400, 968, 605, 655, 610, 932, 972, 651, 546, 805, 374, 476, 626, 366, 474, 467, 197, 661, 663, 799, 895, 330, 530, 380, 887, 437, 718, 364, 988, 823, 968, 804, 449, 235, 898, 991, 571, 901, 844, 444, 66, 512, 7, 421, 213, 90, 745, 666, 830, 170, 566, 792, 940, 436, 719, 520, 137]
Tree:
None

Fitness:
3.69160540592692