Generation:
1000

Phenotype:
+2.7E+1*KP(x[:,0], 9.4E-2,8.2E-2,1)

Genotype:
[650, 426, 370, 77, 334, 61, 899, 784, 579, 52, 763, 112, 873, 852, 541, 270, 242, 459, 919, 329, 973, 421, 531, 406, 29, 380, 504, 468, 313, 930, 936, 363, 741, 298, 19, 295, 403, 594, 40, 198, 745, 629, 250, 471, 919, 486, 584, 943, 331, 988, 880, 556, 290, 245, 588, 921, 623, 75, 89, 854, 923, 815, 96, 962, 803, 378, 472, 18, 387, 760, 544, 209, 167, 710, 938, 864, 275, 788, 612, 825, 162, 591, 322, 675, 720, 706, 287, 215, 260, 350, 16, 252, 64, 729, 57, 233, 580, 58, 174, 824, 212, 249, 70, 384, 715, 157, 261, 424, 719, 812, 111, 663, 748, 942, 770, 390, 599, 174, 727, 397, 45, 882, 778, 97, 36, 642, 964, 890, 461, 879, 498, 124, 985, 952, 962, 288, 316, 721, 456, 484, 207, 83, 87, 563, 353, 776, 586, 183, 38, 652, 599, 67, 892, 89, 154, 831, 509]
Tree:
None

Fitness:
29.38374562302413