Generation:
1000

Phenotype:
+7.7E+0*KS(x[:,0], 1.2E+7,4.2E-2,None)

Genotype:
[154, 982, 825, 507, 460, 530, 342, 352, 600, 327, 660, 422, 211, 422, 738, 676, 827, 723, 108, 778, 15, 414, 218, 236, 129, 500, 824, 33, 889, 386, 67, 680, 687, 621, 703, 228, 832, 988, 554, 844, 790, 853, 876, 462, 156, 404, 746, 963, 338, 256, 445, 122, 149, 429, 636, 237, 720, 758, 529, 18, 871, 924, 141, 194, 37, 212, 931, 642, 670, 556, 631, 649, 875, 25, 649, 383, 441, 656, 436, 577, 600, 859, 378, 91, 912, 215, 692, 926, 962, 604]
Tree:
None

Fitness:
45.15084796725062