Generation:
1000

Phenotype:
+9.9E-0*KS(x[:,0], 6.6E-1,4.0E-1,None)

Genotype:
[730, 444, 143, 929, 575, 900, 131, 676, 597, 751, 435, 590, 349, 451, 261, 467, 745, 837, 466, 863, 642, 228, 293, 525, 618, 843, 27, 705, 711, 125, 879, 508, 944, 218, 162, 148, 98, 238, 776, 788, 579, 566, 277, 550, 745, 836, 349, 584, 705, 160, 845, 786, 262, 918, 554, 664, 181, 729, 980, 413, 666, 767, 274, 484, 24, 357, 489, 12, 729, 740, 555, 999, 171, 440, 184, 617, 865, 478, 398, 12, 345, 628, 951, 102, 336, 987, 352, 552, 895, 56, 777, 52, 99, 302, 633, 575, 252, 100, 936, 846, 707, 143, 46, 915, 326, 994, 432, 403, 429, 54, 598, 149, 45, 61, 997, 529, 820, 415, 975, 285, 24, 70, 210, 976, 570, 70, 513, 626, 415, 794, 213, 489, 61, 739, 380, 927, 547, 815, 531, 773, 982, 928, 837, 688, 647, 535, 287, 695, 928, 611, 619, 925, 852, 851, 588, 290, 633]
Tree:
None

Fitness:
18.0502401757406