Generation:
1000

Phenotype:
+1.3E+1*KS(x[:,0], 5.7E-1,3.0E-1,None)-8.4E-1*KS(x[:,0], 6.4E+0,9.8E-9,None)

Genotype:
[401, 810, 900, 623, 590, 531, 58, 447, 573, 141, 749, 390, 453, 711, 866, 454, 165, 547, 454, 377, 401, 824, 464, 10, 760, 359, 588, 127, 899, 378, 48, 425, 1, 489, 864, 53, 378, 370, 621, 823, 576, 700, 792, 569, 673, 813, 554, 359, 410, 872, 884, 328, 743, 881, 382, 370, 914, 772, 60, 8, 968, 900, 846, 471, 869, 915, 869, 148, 643, 276, 672, 74, 702, 621, 563, 324, 0, 989, 293, 657, 381, 47, 922, 670, 234, 131, 801, 860, 472, 351, 863, 892, 120, 768, 658, 165, 637, 665, 146, 642, 737, 950, 53, 723, 204, 385, 895, 817, 677, 962, 351, 158, 978, 265, 984, 164, 237, 32, 157, 883, 436, 287, 788, 289, 843, 539, 282, 473, 776, 301, 467, 437, 99, 309, 508, 268, 981, 287, 714, 165, 211, 34, 724, 191, 339, 252, 189, 714, 478, 634, 907, 72, 216, 476, 277, 313, 575]
Tree:
None

Fitness:
12.7963866483076