Generation:
1000

Phenotype:
+5.0E-2*KS(x[:,0], 4.2E+8,1.0E-9,None)

Genotype:
[886, 760, 256, 820, 707, 72, 930, 982, 66, 68, 540, 810, 745, 269, 645, 851, 1, 810, 653, 758, 586, 262, 180, 846, 725, 925, 247, 910, 620, 672, 813, 497, 244, 852, 546, 814, 573, 303, 240, 33, 867, 471, 396, 117, 202, 413, 19, 384, 956, 404, 813, 144, 881, 912, 479, 388, 910, 181, 942, 769, 414, 99, 398, 953, 509, 346, 417, 614, 405, 81, 23, 754, 351, 248, 482, 79, 664, 728, 331, 761, 774, 345, 801, 465, 954, 228, 389, 135, 418, 223]
Tree:
None

Fitness:
2.2868615606190237