Generation:
1000

Phenotype:
-3.0E-2*KG(x[:,0], 9.6E-4,2.5E-5,None)+9.9E-1*KG(x[:,0], 4.0E-0,9.9E-1,None)

Genotype:
[529, 921, 83, 360, 417, 492, 755, 816, 561, 764, 586, 475, 625, 195, 859, 942, 548, 260, 29, 681, 401, 525, 180, 101, 340, 503, 719, 619, 121, 158, 2, 662, 244, 813, 10, 316, 193, 577, 35, 365, 537, 111, 368, 411, 479, 466, 916, 206, 93, 666, 43, 656, 66, 66, 227, 588, 150, 577, 461, 550, 87, 805, 535, 838, 241, 610, 271, 250, 795, 638, 444, 993, 965, 953, 167, 286, 981, 57, 105, 158, 748, 91, 776, 263, 826, 683, 469, 877, 569, 117, 922, 838, 946, 305, 873, 265, 26, 247, 886, 407, 814, 25, 584, 975, 859, 86, 245, 775, 192, 457, 441, 42]
Tree:
None

Fitness:
0.13537929449534652