Generation:
1000

Phenotype:
+1.5E+6*KP(x[:,0], 2.0E-5,3.3E-2,4)+9.5E-0*KS(x[:,0], 2.2E+6,8.7E-5,None)

Genotype:
[129, 996, 576, 985, 430, 336, 703, 700, 399, 345, 506, 513, 397, 682, 604, 364, 676, 755, 35, 43, 770, 766, 712, 160, 246, 394, 447, 79, 785, 891, 544, 608, 107, 983, 278, 464, 149, 24, 488, 205, 750, 343, 268, 301, 720, 210, 816, 266, 185, 251, 24, 4, 522, 887, 248, 255, 979, 224, 220, 237, 216, 411, 270, 96, 63, 241, 522, 993, 725, 909, 112, 735, 553, 310, 503, 468, 883, 98, 812, 22, 470, 358, 263, 667, 357, 912, 229, 955, 972, 332]
Tree:
None

Fitness:
36.63789714915629