Generation:
1000

Phenotype:
-3.2E+0*KP(x[:,0], 8.8E-2,2.0E-9,2)+8.8E-2*KS(x[:,0], 5.9E+0,3.0E-7,None)+8.7E-4*KG(x[:,0], 5.0E-8,8.8E-1,None)

Genotype:
[351, 693, 830, 522, 964, 330, 448, 928, 413, 212, 352, 300, 369, 189, 452, 167, 520, 871, 28, 969, 2, 499, 909, 360, 480, 542, 380, 419, 137, 573, 174, 52, 358, 477, 97, 214, 391, 520, 277, 508, 169, 838, 429, 41, 621, 122, 638, 82, 236, 896, 109, 595, 733, 942, 785, 2, 338, 337, 897, 155, 713, 299, 402, 710, 825, 139, 128]
Tree:
None

Fitness:
2.060274533098757