Generation:
1000

Phenotype:
-9.1E-2*KG(x[:,0], 9.6E-5,9.5E+0,None)+1.2E-1*KG(x[:,0], 3.2E-0,1.1E+0,None)+9.9E-1*KG(x[:,0], 3.1E+0,9.9E-1,None)

Genotype:
[763, 803, 440, 631, 857, 892, 17, 86, 853, 265, 467, 675, 270, 380, 403, 847, 232, 864, 532, 609, 271, 767, 992, 715, 300, 27, 171, 798, 640, 263, 270, 506, 746, 979, 713, 571, 560, 491, 574, 310, 998, 999, 833, 841, 631, 390, 492, 835, 235, 416, 632, 912, 912, 769, 8, 919, 228, 83, 141, 466, 869, 905, 832, 325, 532, 621, 657, 181, 507, 524, 467, 908, 434, 380, 907, 672, 261, 484, 757, 598, 488, 577, 24, 983, 456, 528, 53, 336, 951, 137]
Tree:
None

Fitness:
0.030762621638761388