Generation:
1000

Phenotype:
+1.8E+0*KP(x[:,0], 3.4E-0,1.7E-0,1)-1.3E-9*KP(x[:,0], 6.1E+2,1.5E-9,3)

Genotype:
[393, 120, 126, 488, 328, 300, 389, 394, 841, 120, 288, 357, 771, 700, 416, 26, 5, 549, 863, 379, 709, 320, 491, 784, 232, 531, 465, 33, 509, 493, 464, 318, 498, 661, 648, 118, 137, 142, 867, 217, 441, 851, 890, 475, 977, 501, 137, 726, 974, 811, 511, 651, 362, 71, 830, 966, 457, 210, 374, 852, 130, 699, 391, 50, 804, 503, 818, 597, 61, 989, 393, 546, 98, 378, 593, 596, 397, 63, 869, 831, 714, 536, 326, 70, 359, 265, 338, 73, 621, 254]
Tree:
None

Fitness:
12.209673337377087