Generation:
1000

Phenotype:
+4.2E-6*KS(x[:,0], 6.0E+2,5.0E-1,None)+8.4E-4*KS(x[:,0], 3.2E-0,7.1E+1,None)+9.6E-1*KS(x[:,0], 7.1E+3,1.5E+2,None)

Genotype:
[647, 864, 111, 612, 147, 686, 734, 210, 834, 992, 616, 940, 833, 331, 974, 353, 128, 664, 784, 687, 134, 137, 622, 945, 650, 924, 661, 488, 631, 692, 838, 642, 953, 266, 809, 161, 429, 991, 298, 53, 135, 25, 388, 72, 40, 427, 178, 826, 267, 694, 31, 600, 173, 292, 20, 577, 954, 73, 701, 565, 761, 326, 394, 777, 857, 269, 380, 487, 517, 579, 999, 662, 965, 384, 309, 142, 648, 545, 274, 53, 264, 412, 968, 813, 232, 127, 127, 390, 54, 181, 498, 111, 175, 312, 675, 939, 669, 433, 692, 671, 665, 204, 86, 849, 422, 662, 633, 857, 999, 520, 310, 552]
Tree:
None

Fitness:
74.34512102574071