Generation:
1000

Phenotype:
+9.9E-1*KG(x[:,0], 3.1E-0,1.0E-0,None)-8.3E-2*KG(x[:,0], 9.8E-3,9.9E-4,None)+9.7E-2*KG(x[:,0], 3.2E+0,1.0E-0,None)

Genotype:
[385, 620, 935, 709, 895, 171, 101, 181, 963, 240, 9, 990, 111, 690, 909, 67, 291, 25, 223, 775, 312, 323, 978, 939, 953, 161, 59, 441, 34, 9, 420, 716, 107, 537, 439, 202, 902, 502, 644, 810, 81, 160, 133, 100, 495, 53, 244, 511, 478, 869, 312, 17, 345, 895, 458, 659, 478, 57, 482, 556, 731, 797, 909, 108, 734, 767, 620, 455, 613, 105, 139, 198, 815, 369, 581, 141, 398, 813, 774, 153, 704, 940, 767, 639, 227, 960, 343, 904, 401, 704, 905, 107, 352, 38, 308, 519, 282, 635, 614, 539, 575, 182, 428, 89, 507, 886, 806, 708, 524, 926, 78, 257, 612, 377, 73, 572, 132, 436, 914, 596, 677, 442, 898, 459, 959, 241, 956, 918, 603, 978, 215, 95, 567, 169, 283]
Tree:
None

Fitness:
0.03100937704755167