Generation:
1000

Phenotype:
+9.9E-0*KS(x[:,0], 6.0E-1,6.9E-6,None)+3.4E+0*KG(x[:,0], 7.0E-2,9.6E-1,None)-2.8E-2*KS(x[:,0], 7.6E+5,6.9E-5,None)

Genotype:
[839, 172, 494, 289, 289, 590, 122, 500, 633, 61, 41, 869, 297, 826, 548, 661, 980, 713, 924, 552, 400, 438, 0, 521, 852, 323, 186, 329, 331, 945, 886, 341, 118, 188, 283, 802, 276, 106, 386, 35, 365, 89, 787, 75, 421, 7, 718, 557, 867, 939, 242, 825, 526, 656, 493, 514, 488, 219, 715, 340, 555, 105, 303, 891, 339, 82, 103]
Tree:
None

Fitness:
11.901494697539128