Generation:
1000

Phenotype:
-4.6E-2*KG(x[:,0], 4.1E-5,7.4E-4,None)+5.5E-3*KG(x[:,0], 2.1E-3,1.6E+1,None)+9.8E-5*KP(x[:,0], 6.1E+2,2.9E+8,0)

Genotype:
[847, 749, 741, 176, 983, 462, 129, 661, 587, 555, 708, 684, 615, 244, 116, 301, 854, 409, 255, 653, 3, 793, 801, 153, 343, 756, 306, 40, 641, 306, 650, 404, 278, 608, 697, 855, 572, 651, 132, 902, 82, 889, 470, 98, 890, 936, 419, 326, 863, 380, 792, 170, 123, 86, 486, 101, 287, 124, 303, 446, 117, 937, 545, 433, 26, 588, 986]
Tree:
None

Fitness:
2.4066158646711795