Generation:
1000

Phenotype:
+7.5E-2*KS(x[:,0], 8.9E-4,8.8E-0,None)+4.1E-4*KS(x[:,0], 6.7E+0,2.2E+4,None)

Genotype:
[731, 200, 789, 85, 431, 782, 268, 739, 199, 534, 115, 498, 985, 460, 69, 460, 30, 948, 31, 59, 454, 788, 467, 316, 390, 19, 252, 820, 54, 90, 514, 841, 463, 559, 212, 276, 603, 460, 988, 406, 739, 468, 176, 127, 117, 36, 7, 176, 478, 269, 828, 986, 34, 745, 939, 766, 77, 706, 103, 41, 266, 992, 254, 320, 439, 276, 932, 541, 110, 274, 475, 169, 366, 137, 719, 389, 192, 721, 354, 127, 67, 911, 542, 823, 267, 904, 27, 27, 383, 383]
Tree:
None

Fitness:
81.56791869317753