Generation:
1000

Phenotype:
+1.1E-0*KG(x[:,0], 4.1E+0,9.8E-1,None)-6.0E+5*KG(x[:,0], 8.5E-7,4.6E+3,None)

Genotype:
[313, 52, 207, 551, 151, 800, 66, 61, 872, 90, 872, 828, 183, 601, 811, 396, 823, 878, 810, 238, 875, 385, 245, 539, 207, 66, 566, 866, 833, 386, 30, 207, 974, 427, 501, 314, 387, 676, 856, 731, 365, 814, 720, 647, 935, 139, 841, 181, 330, 26, 143, 658, 525, 216, 361, 896, 492, 587, 561, 293, 569, 165, 100, 805, 126, 331, 646, 585, 918, 850, 875, 120, 892, 774, 762, 217, 528, 198, 459, 543, 217, 118, 740, 433, 51, 396, 513, 919, 573, 501, 24, 728, 566, 3, 361, 671, 986, 1, 312, 36, 381, 151, 966, 176, 261, 866, 102, 121, 41, 320, 925, 463]
Tree:
None

Fitness:
0.2577265544655084