Generation:
1000

Phenotype:
+9.6E+0*KS(x[:,0], 7.1E-1,7.6E-2,None)+2.4E+0*KG(x[:,0], 7.3E-3,1.9E-1,None)+2.1E-2*KS(x[:,0], 2.6E-2,4.9E-4,None)

Genotype:
[839, 440, 854, 466, 988, 360, 636, 661, 41, 791, 240, 576, 677, 262, 226, 451, 48, 640, 384, 114, 160, 375, 953, 799, 493, 711, 389, 417, 521, 212, 298, 994, 64, 911, 149, 192, 244, 36, 507, 502, 264, 499, 113, 864, 580, 418, 736, 668, 803, 576, 466, 136, 676, 378, 787, 234, 458, 668, 35, 299, 60, 84, 260, 498, 705, 178, 30]
Tree:
None

Fitness:
12.312189397661005