Generation:
1000

Phenotype:
-9.9E-3*KP(x[:,0], 9.3E-1,7.0E-3,3)+9.9E-2*KS(x[:,0], 5.6E-0,1.0E-9,None)

Genotype:
[867, 993, 116, 239, 899, 513, 521, 243, 749, 571, 852, 150, 915, 113, 413, 952, 354, 350, 759, 487, 312, 499, 366, 889, 420, 9, 30, 923, 109, 286, 651, 330, 638, 356, 345, 117, 619, 697, 897, 771, 886, 761, 133, 50, 598, 493, 527, 804, 343, 916, 224, 777, 968, 766, 972, 612, 877, 811, 908, 573, 9, 702, 798, 266, 825, 271, 321, 871, 111, 414, 267, 505, 994, 124, 687, 879, 820, 73, 359, 196, 601, 884, 25, 803, 12, 642, 668, 358, 867, 429]
Tree:
None

Fitness:
2.0426898588600926