Generation:
1000

Phenotype:
-6.4E-2*KP(x[:,0], 7.4E+1,1.9E+0,0)+9.9E-1*KG(x[:,0], 2.9E+0,9.9E-1,None)-9.7E-3*KG(x[:,0], 5.0E-0,5.0E-9,None)

Genotype:
[375, 477, 230, 644, 847, 922, 195, 744, 6, 321, 801, 749, 352, 650, 360, 889, 792, 107, 919, 357, 341, 604, 139, 668, 920, 233, 769, 909, 21, 308, 336, 483, 107, 297, 969, 593, 400, 620, 905, 520, 310, 400, 505, 39, 435, 264, 784, 626, 855, 679, 388, 709, 103, 880, 743, 307, 733, 515, 635, 605, 824, 289, 491, 53, 548, 973, 489, 873, 512, 750, 797, 541, 297, 979, 7, 256, 312, 232, 328, 650, 785, 950, 905, 470, 474, 897, 961, 669, 459, 729, 431, 714, 820, 190, 457, 323, 420, 513, 326, 501, 507, 153, 983, 489, 787, 443, 856, 877, 91, 844, 240, 59, 566, 757, 419, 404, 932, 201, 527, 520, 877, 846, 950, 154, 962, 83, 253, 426, 982, 820, 124, 278, 846, 237, 438, 48, 238, 740, 927, 348, 227, 679, 835, 367, 353, 659, 444, 287, 279, 716, 130, 114, 102, 347, 358, 710, 266]
Tree:
None

Fitness:
0.04664414037265451