Generation:
1000

Phenotype:
+9.2E-6*KP(x[:,0], 5.8E+3,5.4E+1,1)-7.5E+2*KP(x[:,0], 2.1E-2,5.8E-5,3)-5.7E-6*KS(x[:,0], 6.4E-5,9.3E+5,None)+8.3E-6*KS(x[:,0], 1.1E-0,5.2E-4,None)

Genotype:
[579, 480, 431, 142, 417, 656, 238, 878, 366, 813, 868, 624, 188, 51, 856, 873, 137, 933, 275, 678, 172, 334, 781, 771, 832, 670, 678, 563, 185, 128, 341, 387, 238, 527, 823, 266, 527, 414, 847, 855, 359, 823, 970, 115, 498, 142, 614, 394, 713, 425, 756, 954, 441, 977, 810, 625, 282, 531, 614, 765, 420, 139, 596, 895, 3, 22, 403, 849, 788, 664, 60, 929, 985, 372, 189, 781, 225, 905, 27, 473, 937, 738, 56, 253, 103, 596, 99, 255, 671, 981]
Tree:
None

Fitness:
2.3860020748586757