Generation:
1000

Phenotype:
+5.0E-2*KS(x[:,0], 6.8E+1,1.0E-9,None)

Genotype:
[886, 928, 724, 670, 707, 842, 248, 508, 18, 71, 396, 990, 235, 369, 869, 603, 476, 474, 996, 319, 338, 220, 12, 35, 47, 843, 29, 906, 869, 378, 443, 994, 450, 136, 1, 440, 840, 178, 181, 327, 412, 799, 267, 4, 945, 140, 182, 133, 38, 981, 178, 789, 143, 476, 256, 737, 273, 550, 806, 579, 295, 824, 265, 673, 321, 857, 632, 483, 260, 485, 535, 685, 552, 749, 473, 398, 87, 814, 424, 266, 109, 807, 772, 74, 294, 133, 596, 710, 792, 262]
Tree:
None

Fitness:
2.2868615606190232