Generation:
1000

Phenotype:
+8.8E+0*KS(x[:,0], 7.3E-1,2.0E-9,None)+3.2E+0*KS(x[:,0], 7.2E-1,2.0E+0,None)

Genotype:
[449, 478, 421, 998, 746, 650, 393, 443, 235, 41, 82, 370, 199, 669, 546, 130, 944, 596, 312, 744, 180, 798, 512, 563, 341, 892, 0, 138, 180, 785, 559, 986, 255, 106, 230, 77, 827, 162, 585, 346, 921, 992, 404, 459, 45, 882, 28, 320, 408, 968, 451, 655, 78, 277, 961, 203, 710, 202, 91, 183, 989, 129, 137, 933, 647, 509, 840, 459, 397, 363, 399, 875, 552, 169, 412, 490, 219, 130, 838, 681, 198, 362, 636, 217, 492, 115, 408, 520, 789, 952, 278, 990, 139, 164, 730, 848, 103, 509, 404, 383, 840, 519, 861, 865, 850, 994, 244, 184, 900, 13, 939, 607]
Tree:
None

Fitness:
12.618824856367954