Generation:
1000

Phenotype:
+9.1E+0*KS(x[:,0], 7.8E-1,9.8E-5,None)-9.3E-7*KP(x[:,0], 3.6E-9,9.3E+5,1)+3.5E-0*KS(x[:,0], 5.9E+0,2.7E+3,None)

Genotype:
[785, 978, 296, 51, 868, 880, 339, 298, 965, 641, 872, 618, 7, 765, 379, 399, 957, 818, 53, 397, 457, 542, 466, 411, 729, 449, 823, 46, 855, 631, 808, 288, 884, 255, 763, 680, 598, 889, 500, 920, 991, 67, 204, 253, 335, 236, 344, 90, 334, 999, 736, 577, 441, 599, 712, 289, 455, 290, 49, 760, 182, 446, 560, 3, 91, 824, 416, 315, 792, 750, 171, 201, 947, 951, 424, 74, 552, 63, 257, 482, 522, 620, 278, 520, 98, 202, 74, 895, 935, 425, 59, 750, 510, 373, 769, 36, 653, 708, 821, 947, 9, 344, 896, 890, 349, 110, 963, 605, 280, 641, 45, 948, 124, 129, 735, 256, 976, 828, 553, 410, 162, 961, 516, 44, 711, 101, 147, 833, 820, 652, 819, 885, 324, 750, 963, 298, 902, 395, 960, 856, 848, 111, 354, 86, 88, 474, 967, 839, 337, 300, 12, 217, 612, 163, 209, 548, 22]
Tree:
None

Fitness:
12.978173335252517