Generation:
1000

Phenotype:
-1.5E+0*KS(x[:,0], 7.5E-3,3.1E-6,None)+9.2E-3*KS(x[:,0], 8.9E+3,8.0E-9,None)

Genotype:
[101, 559, 639, 915, 572, 110, 204, 135, 445, 783, 758, 881, 637, 546, 516, 334, 670, 332, 512, 971, 983, 538, 879, 128, 703, 772, 580, 855, 29, 506, 736, 489, 970, 259, 755, 167, 641, 828, 481, 62, 928, 543, 362, 578, 682, 417, 800, 529, 955, 438, 843, 637, 31, 139, 31, 985, 52, 392, 111, 344, 65, 816, 0, 562, 395, 626, 303, 648, 27, 796, 854, 726, 296, 284, 282, 481, 343, 48, 725, 181, 698, 943, 827, 863, 25, 431, 599, 917, 442, 786, 202, 341, 16, 90, 514, 351, 549, 991, 858, 479, 345, 134, 474, 399, 217, 18, 280, 673, 546, 406, 45, 312]
Tree:
None

Fitness:
2.393333359593291