Generation:
1000

Phenotype:
+7.2E+0*KG(x[:,0], 7.0E-8,3.2E+3,None)+8.8E+0*KS(x[:,0], 7.8E-1,4.8E-4,None)+3.8E-9*KG(x[:,0], 1.9E-5,5.1E-2,None)-8.4E-1*KS(x[:,0], 6.0E-9,1.8E+3,None)

Genotype:
[703, 760, 195, 882, 532, 250, 897, 170, 667, 198, 479, 402, 464, 473, 988, 647, 262, 133, 738, 978, 750, 303, 378, 301, 61, 75, 128, 585, 784, 485, 421, 126, 245, 798, 443, 719, 909, 299, 673, 995, 337, 241, 311, 912, 391, 730, 813, 979, 594, 165, 301, 707, 430, 581, 459, 819, 208, 150, 123, 333, 609, 1, 91, 217, 29, 137, 4, 68, 120, 272, 556, 710, 240, 662, 166, 182, 406, 528, 209, 218, 959, 117, 360, 649, 688, 422, 878, 602, 428, 776, 588, 792, 958, 664, 608, 23, 254, 211, 169, 443, 17, 440, 980, 412, 276, 460, 262, 251, 486, 784, 12, 808, 370, 419, 95, 735, 329, 294, 868, 732, 901, 490, 420, 307, 456, 859, 726, 965, 691, 801, 773, 744, 234, 200, 66]
Tree:
None

Fitness:
13.444097299943468