Generation:
1000

Phenotype:
+1.4E-3*KS(x[:,0], 5.2E+6,9.7E-7,None)-8.1E-3*KP(x[:,0], 4.0E-1,2.1E+2,0)

Genotype:
[17, 664, 198, 764, 821, 743, 679, 352, 132, 726, 143, 547, 713, 307, 712, 806, 665, 772, 241, 983, 333, 390, 330, 293, 241, 838, 731, 174, 332, 610, 897, 136, 9, 563, 999, 510, 113, 858, 413, 628, 481, 988, 253, 916, 733, 934, 495, 589, 348, 462, 700, 458, 387, 128, 770, 758, 693, 166, 519, 909, 821, 93, 754, 923, 256, 427, 585, 231, 526, 985, 713, 855, 335, 156, 815, 11, 458, 963, 344, 667, 533, 333, 642, 379, 415, 207, 549, 130, 284, 392, 997, 563, 20, 796, 697, 537, 568, 850, 521, 807, 10, 123, 300, 331, 624, 863, 513, 740, 821, 717, 625, 807]
Tree:
None

Fitness:
2.437543754094685