Generation:
1000

Phenotype:
+3.5E+1*KS(x[:,0], 8.9E-2,5.2E-2,None)+1.9E-0*KS(x[:,0], 6.6E+7,3.5E+7,None)

Genotype:
[929, 554, 614, 115, 452, 141, 844, 159, 749, 82, 778, 132, 675, 482, 612, 250, 684, 909, 689, 245, 90, 212, 936, 418, 857, 533, 825, 384, 227, 684, 978, 301, 81, 779, 177, 237, 780, 859, 74, 393, 153, 294, 383, 183, 867, 238, 145, 806, 979, 337, 489, 681, 682, 257, 952, 919, 707, 428, 290, 986, 332, 500, 166, 870, 157, 770, 554, 221, 880, 90, 37, 500, 112, 811, 459, 620, 174, 153, 214, 203, 555, 406, 671, 76, 575, 459, 378, 614, 180, 318]
Tree:
None

Fitness:
17.07967805867391