Generation:
1000

Phenotype:
+2.4E-0*KS(x[:,0], 9.3E-8,1.4E+4,None)+9.7E+0*KS(x[:,0], 6.9E-1,7.5E-2,None)-9.6E-7*KP(x[:,0], 6.8E+0,1.4E-0,4)

Genotype:
[785, 590, 1, 454, 799, 790, 755, 893, 323, 768, 198, 804, 260, 154, 271, 899, 910, 827, 437, 456, 560, 779, 839, 935, 711, 150, 185, 549, 342, 973, 428, 949, 602, 676, 547, 117, 140, 358, 910, 850, 405, 414, 65, 850, 399, 697, 146, 191, 880, 604, 307, 681, 466, 626, 310, 867, 962, 962, 601, 289, 673, 46, 213, 737, 755, 482, 583, 924, 465, 128, 443, 55, 337, 774, 81, 670, 935, 487, 639, 242, 769, 502, 363, 349, 353, 529, 285, 842, 551, 858, 325, 473, 479, 134, 41, 484, 429, 98, 866, 488, 628, 320, 531, 767, 797, 393, 49, 893, 618, 38, 521, 351, 789, 56, 611, 579, 558, 44, 250, 960, 217, 888, 465, 441, 629, 949, 507, 299, 668, 269, 825, 980, 747, 760, 875, 459, 42, 405, 762, 252, 193, 877, 810, 489, 503, 689, 514, 796, 33, 206, 393, 818, 124, 526, 945, 107, 557, 358, 954, 279, 757, 243, 37, 140, 814, 823, 98, 775, 228, 98, 619, 309, 341, 959, 268, 126, 896, 401, 663, 910]
Tree:
None

Fitness:
12.25605396639924