Generation:
1000

Phenotype:
+9.7E-3*KS(x[:,0], 9.8E+3,1.3E-3,None)+4.5E-9*KS(x[:,0], 4.1E-2,3.0E-6,None)

Genotype:
[77, 440, 710, 377, 789, 273, 449, 978, 528, 3, 666, 873, 151, 613, 593, 208, 656, 183, 475, 375, 239, 525, 161, 213, 372, 317, 510, 719, 156, 357, 786, 186, 872, 359, 996, 105, 370, 336, 480, 186, 539, 161, 947, 754, 25, 66, 789, 460, 976, 91, 671, 438, 832, 220, 217, 676, 537, 66, 731, 940, 790, 656, 262, 109, 660, 480, 522, 357, 978, 820, 969, 620, 133, 284, 633, 888, 755, 883, 150, 888, 398, 422, 812, 765, 961, 600, 246, 865, 241, 487]
Tree:
None

Fitness:
2.4405676213487806