Generation:
1000

Phenotype:
-7.6E-3*KG(x[:,0], 7.5E+1,3.4E-6,None)-3.2E-2*KG(x[:,0], 2.1E-8,1.0E-1,None)

Genotype:
[13, 727, 807, 536, 497, 613, 330, 245, 226, 71, 119, 604, 277, 636, 56, 984, 563, 245, 82, 463, 522, 802, 71, 659, 538, 261, 410, 805, 21, 731, 851, 970, 584, 227, 244, 306, 4, 733, 460, 613, 683, 345, 846, 909, 91, 137, 436, 498, 466, 82, 81, 829, 191, 264, 480, 258, 306, 954, 987, 571, 342, 959, 73, 602, 189, 320, 125, 618, 246, 228, 623, 206, 326, 577, 912, 704, 855, 165, 102, 897, 832, 658, 670, 168, 520, 880, 649, 56, 167, 719]
Tree:
None

Fitness:
2.370902404591912