Generation:
1000

Phenotype:
+9.2E+0*KS(x[:,0], 7.6E-1,7.9E-6,None)+2.6E-0*KS(x[:,0], 9.9E-4,3.2E+6,None)

Genotype:
[887, 842, 89, 752, 848, 430, 294, 846, 241, 651, 942, 629, 875, 126, 609, 106, 452, 514, 186, 929, 970, 71, 289, 79, 544, 272, 462, 494, 206, 291, 609, 425, 700, 38, 769, 418, 83, 777, 410, 541, 638, 717, 227, 461, 476, 262, 263, 509, 937, 350, 327, 28, 19, 920, 764, 724, 864, 389, 339, 341, 686, 935, 611, 426, 569, 252, 312, 357, 891, 538, 952, 301, 319, 575, 27, 47, 604, 665, 689, 961, 879, 315, 972, 202, 215, 93, 661, 376, 349, 217, 255, 26, 790, 309, 350, 214, 817, 155, 66, 643, 185, 666, 411, 34, 953, 820, 819, 819, 791, 182, 716, 118]
Tree:
None

Fitness:
12.8712807107287