Generation:
1000

Phenotype:
+7.3E-2*KS(x[:,0], 9.9E+0,2.0E-9,None)+9.6E-5*KS(x[:,0], 6.3E+7,3.1E-9,None)-9.8E-1*KP(x[:,0], 9.9E-2,8.4E-2,2)-7.9E-5*KP(x[:,0], 5.4E-0,4.0E-7,2)

Genotype:
[35, 964, 384, 353, 493, 252, 701, 169, 554, 870, 289, 490, 547, 459, 551, 665, 248, 431, 316, 183, 845, 923, 103, 830, 787, 794, 1, 789, 689, 265, 927, 949, 683, 308, 943, 11, 962, 339, 145, 342, 979, 954, 449, 142, 902, 368, 793, 447, 719, 261, 385, 436, 944, 185, 140, 147, 760, 429, 417, 957, 919, 677, 336, 762, 248, 580, 749]
Tree:
None

Fitness:
2.1085227246303386