Generation:
1000

Phenotype:
+9.5E+1*KS(x[:,0], 3.3E-3,3.0E-2,None)+5.3E-4*KP(x[:,0], 2.6E+3,4.8E-3,1)

Genotype:
[389, 108, 494, 145, 630, 461, 614, 173, 499, 893, 722, 100, 243, 382, 584, 416, 122, 850, 643, 727, 194, 154, 926, 572, 583, 939, 908, 125, 183, 291, 688, 424, 961, 761, 798, 637, 544, 365, 306, 64, 787, 309, 202, 474, 547, 441, 92, 668, 281, 542, 286, 835, 235, 793, 120, 358, 724, 223, 463, 661, 706, 244, 593, 623, 787, 747, 842, 664, 352, 704, 812, 344, 734, 6, 84, 922, 382, 514, 381, 24, 29, 460, 648, 165, 816, 71, 710, 225, 453, 619, 239, 596, 409, 461, 853, 126, 645, 435, 300, 776, 279, 0, 610, 606, 147, 564, 666, 222, 472, 72, 783, 503, 538, 561, 985, 92, 73, 646, 14, 504, 234, 878, 86, 335, 601, 171, 845, 999, 842, 943, 319, 229, 826, 339, 561]
Tree:
None

Fitness:
39.84372353579825