Generation:
1000

Phenotype:
+9.7E-0*KG(x[:,0], 1.6E-0,2.0E-0,None)+4.0E+0*KG(x[:,0], 1.1E-0,2.2E-1,None)+1.0E-8*KP(x[:,0], 3.1E+8,3.2E-5,1)-3.9E-4*KS(x[:,0], 7.7E-0,9.7E+7,None)

Genotype:
[79, 2, 44, 917, 901, 980, 351, 976, 701, 600, 676, 670, 245, 320, 739, 583, 36, 822, 740, 176, 400, 945, 681, 239, 330, 370, 692, 263, 371, 300, 99, 208, 153, 270, 407, 718, 380, 281, 814, 38, 389, 492, 521, 575, 321, 760, 603, 425, 779, 449, 404, 339, 317, 49, 330, 314, 857, 408, 237, 108, 85, 72, 575, 62, 850, 15, 433, 474, 994, 86, 166, 97, 836, 139, 399, 891, 729, 481, 863, 648, 657, 702, 165, 566, 604, 815, 629, 190, 69, 18, 460, 475, 736, 106, 969, 347, 517, 261, 372, 257, 24, 953, 883, 184, 484, 162, 814, 547, 193, 183, 751, 922, 599, 206, 250, 666, 861, 185, 976, 133, 602, 775, 91, 944, 198, 130, 712, 445, 808, 395, 154, 628, 728, 957, 563, 374, 682, 31, 840, 933, 938, 343, 261, 347, 131, 370, 368, 42, 951, 846, 69, 685, 136, 37, 911, 379, 23]
Tree:
None

Fitness:
2.741823553544945