Generation:
1000

Phenotype:
+9.9E+0*KS(x[:,0], 6.0E-1,1.0E-9,None)+3.7E-0*KG(x[:,0], 9.0E-2,9.1E-1,None)

Genotype:
[305, 902, 422, 539, 704, 660, 608, 190, 903, 401, 216, 430, 967, 119, 80, 756, 24, 857, 747, 717, 630, 521, 480, 905, 972, 863, 741, 897, 711, 397, 847, 81, 186, 376, 440, 788, 89, 352, 923, 907, 844, 410, 642, 610, 610, 692, 356, 911, 938, 884, 196, 509, 999, 385, 23, 587, 622, 247, 896, 176, 693, 235, 82, 910, 297, 663, 782, 203, 72, 861, 128, 90, 59, 211, 522, 309, 271, 694, 751, 528, 135, 363, 142, 768, 186, 71, 329, 43, 582, 338, 251, 281, 189, 387, 195, 589, 278, 361, 792, 520, 94, 973, 445, 650, 176, 707, 912, 679, 368, 967, 151, 917]
Tree:
None

Fitness:
11.900313013964327