Generation:
1000

Phenotype:
+9.9E-1*KG(x[:,0], 3.1E+0,9.9E-1,None)-6.5E-2*KS(x[:,0], 5.1E+0,5.0E+0,None)

Genotype:
[97, 178, 98, 499, 529, 931, 407, 331, 66, 100, 161, 119, 673, 581, 200, 676, 351, 491, 625, 35, 822, 949, 921, 214, 950, 571, 140, 894, 850, 517, 770, 680, 29, 241, 221, 952, 848, 797, 243, 591, 275, 583, 786, 860, 106, 892, 913, 704, 773, 867, 419, 384, 909, 55, 998, 40, 628, 862, 44, 307, 594, 734, 675, 79, 821, 407, 658, 662, 467, 410, 94, 831, 632, 367, 665, 191, 472, 327, 379, 189, 708, 38, 789, 672, 436, 236, 613, 114, 69, 293]
Tree:
None

Fitness:
0.04566780433201045