Generation:
1000

Phenotype:
+9.9E-2*KS(x[:,0], 5.6E+0,6.0E-9,None)-1.6E+3*KP(x[:,0], 1.7E-2,9.7E-5,3)

Genotype:
[659, 426, 413, 709, 239, 662, 670, 656, 750, 150, 635, 550, 231, 839, 673, 410, 791, 90, 136, 436, 873, 9, 167, 675, 522, 260, 737, 699, 425, 108, 605, 503, 545, 424, 220, 439, 503, 386, 477, 588, 23, 690, 490, 785, 222, 854, 828, 867, 989, 281, 322, 578, 18, 818, 115, 707, 144, 120, 5, 10, 612, 478, 200, 199, 772, 640, 726, 797, 717, 251, 858, 218, 838, 765, 464, 34, 622, 579, 342, 314, 99, 884, 981, 338, 375, 6, 41, 997, 683, 242, 127, 991, 924, 869, 471, 669, 374, 992, 242, 757, 660, 474, 374, 609, 436, 412, 253, 141, 886, 673, 247, 401]
Tree:
None

Fitness:
2.0431669842155378