Generation:
1000

Phenotype:
+9.0E-0*KS(x[:,0], 8.1E-1,9.9E-3,None)+2.6E+0*KS(x[:,0], 3.4E+4,8.0E+8,None)

Genotype:
[587, 170, 863, 750, 507, 0, 277, 101, 845, 631, 602, 279, 537, 413, 659, 370, 194, 667, 16, 980, 170, 146, 204, 562, 514, 322, 550, 42, 878, 189, 666, 182, 611, 375, 528, 218, 314, 405, 680, 890, 452, 594, 735, 871, 845, 586, 698, 592, 607, 695, 206, 62, 343, 120, 943, 294, 792, 607, 39, 624, 233, 802, 311, 968, 457, 508, 615, 373, 249, 774, 308, 624, 196, 702, 681, 128, 438, 38, 867, 538, 387, 86, 934, 646, 605, 150, 212, 266, 167, 700]
Tree:
None

Fitness:
13.02865286891153