Generation:
1000

Phenotype:
+4.1E-0*KS(x[:,0], 6.9E+1,1.0E-6,None)+4.6E-8*KG(x[:,0], 1.7E+1,7.4E-3,None)+5.3E+0*KS(x[:,0], 5.9E-1,9.9E+9,None)

Genotype:
[575, 706, 795, 651, 463, 770, 500, 669, 850, 451, 414, 780, 713, 966, 263, 43, 238, 480, 696, 333, 678, 882, 37, 826, 291, 996, 934, 547, 143, 562, 484, 372, 715, 203, 196, 120, 139, 879, 295, 331, 998, 659, 184, 809, 624, 746, 273, 891, 148, 347, 79, 916, 935, 226, 806, 912, 932, 645, 859, 460, 353, 458, 272, 185, 643, 727, 997, 877, 816, 134, 108, 378, 487, 404, 814, 696, 184, 144, 235, 862, 320, 712, 532, 615, 966, 472, 170, 970, 386, 981, 762, 27, 84, 244, 899, 312, 206, 293, 279, 849, 174, 958, 769, 888, 819, 168, 951, 825, 794, 384, 970, 696, 219, 495, 849, 689, 635, 156, 780, 451, 897, 361, 999, 249, 798, 400, 613, 463, 625, 30, 644, 66, 32, 80, 780, 408, 548, 759, 710, 853, 262, 676, 776, 187, 912, 997, 972, 657, 352, 25, 850, 777, 233, 753, 902, 361, 770]
Tree:
None

Fitness:
35.757696541314814