Generation:
1000

Phenotype:
+2.1E+0*KG(x[:,0], 7.8E-3,2.7E-2,None)+9.7E+0*KS(x[:,0], 5.9E-1,8.4E-6,None)+6.1E+0*KG(x[:,0], 3.7E-0,1.9E-0,None)

Genotype:
[787, 408, 604, 1, 480, 800, 339, 108, 445, 33, 730, 137, 727, 182, 581, 617, 134, 737, 57, 720, 270, 760, 679, 601, 681, 223, 184, 733, 206, 903, 594, 396, 671, 771, 684, 780, 713, 77, 357, 760, 108, 989, 853, 220, 60, 718, 229, 614, 990, 407, 97, 218, 912, 915, 712, 149, 765, 224, 390, 416, 883, 17, 892, 998, 373, 206, 571]
Tree:
None

Fitness:
6.407113660148826