Generation:
1000

Phenotype:
+6.7E-2*KG(x[:,0], 3.0E-9,2.3E-8,None)

Genotype:
[936, 118, 86, 857, 147, 292, 110, 50, 729, 589, 388, 663, 361, 18, 130, 675, 740, 697, 413, 14, 400, 472, 639, 645, 791, 110, 622, 573, 610, 814, 68, 249, 928, 706, 167, 704, 858, 595, 835, 316, 755, 647, 391, 132, 150, 677, 947, 663, 327, 81, 117, 678, 576, 410, 476, 688, 384, 879, 490, 240, 376, 899, 497, 294, 823, 30, 480, 211, 523, 90, 920, 92, 801, 268, 623, 725, 396, 113, 648, 932, 996, 533, 769, 11, 905, 78, 421, 647, 872, 329]
Tree:
None

Fitness:
81.61341540255958