Generation:
1000

Phenotype:
+7.2E-0*KS(x[:,0], 9.0E+8,7.4E-6,None)+3.0E-9*KP(x[:,0], 2.2E-5,8.0E-2,1)+3.9E-0*KS(x[:,0], 2.8E-0,9.3E+2,None)

Genotype:
[449, 50, 69, 492, 979, 350, 476, 70, 930, 48, 807, 904, 873, 496, 552, 297, 114, 524, 290, 521, 69, 685, 792, 389, 685, 88, 360, 391, 382, 761, 970, 178, 551, 959, 621, 690, 442, 8, 623, 290, 134, 503, 540, 412, 352, 12, 372, 647, 873, 891, 202, 915, 897, 798, 640, 423, 805, 191, 381, 555, 14, 267, 296, 90, 855, 469, 859]
Tree:
None

Fitness:
27.38847032085375