Generation:
1000

Phenotype:
+9.3E-2*KS(x[:,0], 3.7E+1,8.0E-8,None)-6.7E-1*KS(x[:,0], 8.2E-2,4.5E-8,None)

Genotype:
[35, 250, 305, 3, 925, 472, 866, 767, 2, 581, 736, 740, 139, 608, 465, 166, 171, 419, 487, 219, 41, 754, 92, 327, 342, 624, 855, 571, 98, 488, 156, 763, 434, 87, 13, 595, 904, 818, 449, 520, 257, 226, 153, 107, 685, 775, 668, 598, 785, 486, 660, 802, 739, 998, 950, 215, 894, 692, 868, 831, 416, 886, 706, 325, 181, 926, 975, 928, 94, 864, 566, 688, 310, 926, 493, 144, 196, 643, 901, 615, 862, 886, 640, 453, 97, 525, 786, 724, 277, 265, 959, 965, 223, 742, 937, 464, 645, 740, 747, 281, 207, 287, 871, 691, 999, 794, 663, 848, 671, 823, 422, 573]
Tree:
None

Fitness:
2.1301083071821583