Generation:
1000

Phenotype:
+9.9E-1*KG(x[:,0], 3.1E+0,9.9E-1,None)-6.1E-2*KG(x[:,0], 9.9E-3,1.2E-9,None)

Genotype:
[121, 458, 539, 19, 107, 601, 2, 841, 610, 530, 449, 899, 727, 411, 318, 66, 561, 347, 741, 889, 762, 53, 269, 785, 853, 819, 922, 383, 649, 880, 112, 860, 548, 79, 137, 41, 146, 458, 157, 519, 761, 919, 548, 380, 393, 251, 544, 430, 498, 555, 283, 641, 816, 331, 741, 296, 414, 220, 131, 570, 793, 187, 428, 828, 452, 261, 351, 769, 330, 574, 243, 583, 887, 289, 242, 123, 628, 835, 125, 89, 605, 818, 547, 563, 710, 530, 397, 246, 937, 142, 652, 910, 505, 416, 78, 471, 592, 756, 671, 744, 900, 157, 755, 801, 132, 659, 329, 968, 737, 830, 560, 349, 191, 625, 348, 704, 683, 501, 111, 453, 306, 511, 8, 817, 332, 603, 36, 708, 314, 94, 292, 519, 823, 333, 12, 661, 439, 50, 13, 918, 453, 935, 159, 86, 892, 383, 9, 990, 166, 76, 139, 27, 293, 229, 478, 516, 305, 594, 12, 840, 438, 222, 282, 962, 242, 345, 467, 393, 960, 329, 789, 489, 351, 24, 105, 437, 594, 136, 66, 361]
Tree:
None

Fitness:
0.04756582270225078