Generation:
1000

Phenotype:
+9.3E+0*KS(x[:,0], 7.2E-1,1.2E-1,None)+1.5E-5*KS(x[:,0], 9.8E-2,2.4E-3,None)-9.9E-3*KS(x[:,0], 5.0E+3,2.8E-3,None)+2.4E+0*KS(x[:,0], 5.3E-1,2.2E+0,None)

Genotype:
[749, 58, 809, 623, 410, 290, 15, 302, 835, 771, 90, 622, 17, 391, 676, 737, 702, 432, 95, 103, 755, 440, 788, 733, 532, 838, 554, 39, 633, 904, 317, 427, 485, 809, 623, 863, 535, 440, 712, 923, 208, 118, 573, 993, 435, 208, 466, 820, 924, 990, 460, 589, 463, 993, 331, 10, 862, 644, 690, 268, 678, 743, 103, 805, 303, 238, 371]
Tree:
None

Fitness:
12.45227868862176