Generation:
1000

Phenotype:
+2.3E-0*KS(x[:,0], 5.3E-5,4.4E+1,None)+9.9E+0*KS(x[:,0], 6.5E-1,6.5E-2,None)-3.4E-3*KS(x[:,0], 1.1E+3,6.0E-4,None)-6.4E-8*KP(x[:,0], 8.8E+0,2.8E-4,4)

Genotype:
[905, 576, 379, 773, 15, 80, 517, 63, 333, 555, 984, 224, 814, 911, 378, 761, 12, 305, 719, 396, 820, 419, 685, 15, 181, 860, 785, 143, 82, 159, 317, 499, 236, 654, 157, 153, 774, 491, 482, 863, 878, 600, 319, 234, 821, 584, 789, 320, 714, 447, 378, 502, 718, 458, 260, 811, 498, 739, 624, 559, 538, 237, 717, 409, 35, 537, 640, 399, 459, 728, 468, 320, 909, 283, 193, 65, 603, 422, 671, 444, 22, 405, 279, 95, 101, 98, 602, 733, 842, 739, 791, 816, 776, 281, 178, 118, 291, 409, 268, 657, 130, 818, 68, 211, 904, 141, 284, 440, 512, 875, 26, 869, 678, 883, 630, 597, 71, 251, 831, 818, 808, 795, 490, 668, 245, 595, 363, 568, 131, 297, 736, 6, 10, 771, 591]
Tree:
None

Fitness:
12.501440883951599