Generation:
1000

Phenotype:
+8.9E-0*KS(x[:,0], 8.2E-1,5.6E-2,None)+1.9E+5*KP(x[:,0], 7.9E-5,3.7E-4,2)+2.6E+0*KS(x[:,0], 3.9E-2,2.1E+6,None)

Genotype:
[521, 890, 97, 869, 883, 530, 862, 922, 125, 531, 670, 146, 227, 832, 407, 237, 654, 621, 599, 706, 995, 276, 639, 183, 545, 137, 197, 1, 784, 112, 616, 136, 244, 406, 250, 210, 38, 759, 491, 582, 100, 501, 430, 296, 360, 471, 972, 9, 938, 151, 762, 131, 800, 420, 223, 915, 843, 460, 708, 686, 144, 145, 621, 714, 973, 249, 648, 992, 66, 388, 783, 652, 281, 923, 678, 426, 200, 674, 670, 480, 358, 409, 777, 344, 281, 54, 348, 128, 414, 158, 857, 761, 442, 767, 524, 884, 64, 234, 936, 215, 179, 970, 456, 732, 182, 868, 27, 113, 12, 805, 904, 996, 742, 505, 794, 423, 754, 595, 949, 626, 388, 894, 999, 893, 689, 721, 924, 325, 400, 680, 972, 876, 604, 924, 674]
Tree:
None

Fitness:
13.113758756437905