Generation:
1000

Phenotype:
+5.0E-2*KS(x[:,0], 4.9E+3,1.0E-9,None)

Genotype:
[964, 168, 319, 330, 353, 732, 93, 599, 740, 373, 585, 440, 957, 179, 623, 713, 272, 522, 277, 724, 902, 851, 961, 983, 533, 496, 404, 619, 489, 47, 158, 733, 617, 379, 609, 595, 325, 598, 12, 440, 456, 565, 886, 951, 147, 749, 509, 451, 909, 424, 450, 704, 299, 502, 142, 800, 981, 983, 175, 708, 644, 843, 105, 967, 588, 568, 585, 629, 486, 518, 962, 557, 697, 321, 282, 23, 808, 179, 449, 399, 85, 647, 755, 331, 855, 28, 388, 197, 45, 102]
Tree:
None

Fitness:
2.2868615606190237