Generation:
1000

Phenotype:
+9.4E-0*KS(x[:,0], 7.2E-1,6.9E-3,None)+2.5E+0*KG(x[:,0], 1.4E-3,5.2E-8,None)

Genotype:
[137, 672, 566, 54, 847, 750, 186, 352, 55, 821, 239, 329, 469, 523, 183, 474, 538, 658, 815, 778, 590, 144, 804, 773, 153, 526, 562, 897, 58, 342, 155, 56, 742, 697, 322, 930, 881, 430, 949, 795, 616, 330, 584, 304, 689, 588, 201, 562, 755, 707, 154, 973, 701, 435, 304, 780, 620, 761, 984, 463, 332, 859, 122, 979, 951, 195, 287, 802, 323, 149, 34, 941, 452, 511, 594, 908, 298, 181, 639, 249, 13, 597, 343, 820, 921, 324, 807, 430, 222, 340]
Tree:
None

Fitness:
12.740054880182548