Generation:
1000

Phenotype:
+9.6E-1*KG(x[:,0], 3.4E-0,9.8E-1,None)-9.1E-3*KS(x[:,0], 3.7E-2,5.1E+7,None)

Genotype:
[679, 596, 674, 936, 101, 371, 524, 164, 115, 840, 359, 208, 303, 71, 381, 514, 27, 566, 391, 965, 123, 362, 737, 119, 932, 175, 501, 26, 337, 641, 577, 106, 518, 501, 330, 863, 492, 104, 159, 928, 554, 23, 694, 420, 763, 925, 156, 454, 563, 354, 174, 764, 886, 712, 131, 829, 124, 847, 81, 518, 101, 744, 68, 680, 883, 666, 629, 913, 591, 298, 67, 100, 544, 439, 47, 432, 181, 675, 97, 791, 756, 617, 728, 51, 809, 805, 650, 4, 779, 178, 35, 240, 592, 498, 466, 47, 549, 880, 18, 940, 119, 521, 930, 956, 629, 540, 820, 52, 208, 664, 740, 847, 535, 326, 17, 353, 257, 651, 683, 106, 11, 22, 703, 921, 729, 994, 602, 169, 524, 133, 413, 125, 442, 689, 905, 704, 325, 857, 380, 753, 175, 547, 669, 240, 435, 545, 13, 334, 284, 443, 117, 500, 559, 945, 849, 56, 108]
Tree:
None

Fitness:
0.2987630540560924