Generation:
1000

Phenotype:
+3.3E-0*KG(x[:,0], 5.8E-2,7.4E-1,None)+9.8E-0*KS(x[:,0], 6.3E-1,1.0E-8,None)

Genotype:
[361, 708, 650, 43, 97, 590, 580, 698, 439, 732, 942, 154, 353, 471, 248, 748, 544, 989, 758, 249, 520, 167, 863, 43, 441, 918, 660, 707, 108, 435, 450, 18, 316, 684, 400, 892, 572, 496, 654, 928, 117, 78, 539, 187, 255, 35, 196, 492, 287, 475, 30, 996, 949, 791, 739, 566, 90, 114, 52, 217, 804, 309, 163, 747, 895, 100, 534, 733, 429, 976, 827, 942, 880, 933, 947, 878, 324, 881, 850, 380, 695, 365, 806, 870, 630, 822, 941, 174, 641, 964]
Tree:
None

Fitness:
11.946957454363483