Generation:
1000

Phenotype:
+2.8E-0*KG(x[:,0], 4.1E-3,8.9E-2,None)+8.9E-0*KS(x[:,0], 7.9E-1,8.6E-4,None)

Genotype:
[145, 918, 307, 338, 639, 750, 327, 31, 359, 993, 709, 529, 295, 222, 105, 736, 254, 511, 909, 973, 570, 438, 39, 509, 451, 952, 456, 779, 314, 633, 625, 635, 133, 610, 203, 996, 469, 372, 841, 992, 633, 340, 700, 464, 818, 398, 886, 409, 526, 669, 218, 635, 897, 626, 618, 305, 661, 661, 811, 267, 937, 10, 344, 903, 447, 248, 286, 797, 385, 212, 132, 5, 588, 949, 133, 996, 705, 707, 463, 713, 269, 194, 945, 488, 689, 194, 676, 168, 71, 473, 219, 155, 74, 484, 855, 538, 480, 736, 555, 48, 524, 335, 498, 284, 444, 94, 789, 719, 811, 944, 343, 849, 958, 581, 53, 712, 376, 720, 358, 861, 791, 557, 566, 460, 881, 978, 346, 825, 28, 411, 51, 285, 964, 705, 490, 468, 797, 713, 829, 839, 764, 911, 728, 705, 176, 532, 262, 520, 246, 996, 530, 884, 890, 863, 663, 293, 244, 226, 286, 953, 413, 622, 861, 762, 189, 805, 960, 357, 675, 207, 625, 475, 718, 546, 923, 395, 322, 772, 815, 630]
Tree:
None

Fitness:
13.215826196172715