Generation:
1000

Phenotype:
+2.4E-0*KP(x[:,0], 6.0E-7,9.3E+1,0)+9.5E-0*KS(x[:,0], 7.3E-1,5.7E-2,None)

Genotype:
[357, 686, 496, 224, 161, 790, 707, 590, 797, 477, 17, 513, 518, 371, 600, 160, 948, 269, 45, 79, 220, 222, 303, 831, 421, 958, 617, 695, 722, 783, 388, 725, 280, 954, 481, 502, 497, 906, 241, 613, 99, 378, 248, 52, 918, 480, 976, 503, 272, 71, 52, 102, 509, 709, 711, 236, 770, 114, 889, 631, 597, 98, 428, 872, 167, 996, 35, 512, 626, 983, 195, 513, 704, 83, 49, 303, 445, 3, 972, 698, 587, 851, 537, 754, 775, 531, 693, 665, 963, 319, 981, 547, 278, 778, 112, 382, 114, 259, 645, 414, 497, 566, 183, 659, 5, 806, 861, 283, 344, 668, 465, 500, 353, 798, 874, 343, 802, 821, 162, 607, 140, 10, 937, 848, 73, 417, 849, 541, 212, 121, 132, 465, 730, 730, 767, 572, 933, 10, 630, 169, 806, 32, 8, 810, 512, 478, 261, 66, 234, 738, 129, 504, 93, 159, 928, 194, 859, 564, 39, 265, 122, 735, 126, 403, 504, 906, 300, 690, 846, 341, 850, 243, 394, 811, 726, 543, 611, 90, 921, 223]
Tree:
None

Fitness:
12.510312540769476