Generation:
1000

Phenotype:
+4.5E-4*KS(x[:,0], 2.4E-0,5.1E-1,None)-4.2E+9*KP(x[:,0], 9.8E-7,4.0E-8,2)

Genotype:
[113, 2, 777, 615, 715, 134, 100, 74, 881, 350, 778, 61, 429, 501, 490, 116, 513, 399, 522, 914, 139, 44, 108, 159, 987, 606, 100, 903, 298, 612, 489, 91, 977, 770, 429, 733, 76, 940, 259, 198, 664, 440, 596, 461, 677, 245, 844, 992, 318, 758, 721, 202, 691, 159, 505, 113, 253, 914, 107, 827, 544, 783, 31, 505, 289, 605, 319, 405, 215, 570, 194, 781, 33, 949, 501, 659, 972, 700, 372, 78, 342, 899, 612, 262, 930, 3, 225, 393, 839, 701]
Tree:
None

Fitness:
2.427238224486997