Generation:
1000

Phenotype:
-9.9E-2*KG(x[:,0], 9.9E-2,8.0E-1,None)+1.1E+0*KG(x[:,0], 3.1E+0,9.9E-1,None)

Genotype:
[943, 775, 746, 389, 719, 982, 494, 109, 873, 202, 313, 340, 133, 521, 581, 174, 6, 873, 411, 766, 920, 686, 951, 620, 770, 44, 119, 683, 911, 625, 819, 653, 972, 952, 633, 134, 884, 731, 540, 848, 388, 453, 12, 703, 275, 769, 182, 702, 265, 879, 709, 229, 534, 314, 420, 553, 887, 791, 407, 495, 816, 326, 238, 323, 572, 381, 562, 553, 701, 602, 406, 233, 174, 864, 79, 727, 383, 468, 312, 741, 373, 58, 203, 644, 860, 644, 624, 568, 668, 895, 942, 593, 924, 312, 873, 56, 370, 332, 289, 19, 949, 523, 737, 292, 996, 236, 932, 854, 523, 427, 575, 578, 855, 464, 470, 969, 71, 914, 202, 240, 289, 270, 193, 799, 350, 802, 84, 624, 417, 602, 665, 475, 239, 683, 867, 318, 594, 781, 913, 528, 645, 93, 889, 205, 601, 291, 106, 605, 580, 436, 756, 623, 465, 734, 558, 842, 794, 138, 833, 76, 680, 348, 353, 291, 487, 980, 542, 281, 359, 831, 229, 574, 842, 832, 158, 653, 28, 641, 325, 147]
Tree:
None

Fitness:
0.02866618259359492