Generation:
1000

Phenotype:
+1.1E-0*KG(x[:,0], 3.2E+0,9.9E-1,None)-8.9E-2*KG(x[:,0], 3.8E-2,7.8E-1,None)

Genotype:
[463, 574, 936, 731, 463, 330, 695, 792, 740, 840, 521, 179, 385, 131, 217, 18, 337, 628, 729, 695, 342, 371, 68, 723, 212, 177, 988, 667, 871, 894, 951, 504, 153, 335, 501, 35, 382, 615, 980, 100, 192, 920, 831, 979, 437, 351, 493, 220, 246, 640, 298, 696, 330, 428, 103, 11, 789, 743, 351, 205, 555, 8, 816, 688, 4, 775, 378, 285, 547, 881, 477, 529, 759, 345, 394, 489, 269, 349, 504, 398, 944, 109, 158, 422, 215, 737, 452, 632, 126, 97, 889, 513, 447, 70, 503, 10, 591, 40, 974, 490, 164, 924, 810, 826, 405, 913, 542, 347, 661, 30, 790, 296, 946, 463, 337, 927, 392, 298, 251, 193, 263, 402, 284, 84, 800, 599, 764, 692, 81, 176, 39, 472, 677, 278, 392, 1, 249, 525, 711, 509, 30, 264, 491, 837, 236, 532, 754, 126, 968, 121, 599, 185, 509, 510, 728, 763, 416]
Tree:
None

Fitness:
0.030469806072981942