Generation:
1000

Phenotype:
+9.9E-1*KG(x[:,0], 2.9E-0,9.9E-1,None)-6.4E-2*KP(x[:,0], 3.5E-4,7.3E-1,0)

Genotype:
[889, 622, 359, 589, 729, 241, 55, 799, 983, 400, 17, 819, 313, 501, 742, 44, 49, 779, 344, 617, 932, 785, 665, 509, 244, 528, 273, 297, 461, 925, 296, 973, 558, 559, 321, 405, 61, 382, 380, 583, 561, 509, 544, 624, 822, 601, 79, 655, 167, 329, 303, 693, 96, 556, 440, 548, 877, 415, 112, 448, 99, 701, 547, 637, 920, 810, 399, 626, 191, 445, 82, 689, 778, 658, 829, 730, 609, 784, 672, 206, 974, 137, 746, 914, 992, 104, 457, 263, 733, 677, 140, 488, 392, 221, 851, 764, 361, 520, 697, 482, 752, 120, 320, 112, 214, 382, 927, 616, 269, 684, 72, 464, 201, 86, 601, 318, 763, 300, 458, 878, 519, 655, 977, 266, 863, 781, 505, 702, 138, 981, 532, 289, 675, 599, 413, 460, 52, 697, 6, 820, 733, 963, 802, 859, 981, 364, 952, 831, 753, 294, 710, 273, 727, 222, 127, 381, 430, 908, 962, 610, 728, 900, 726, 885, 481, 390, 466, 417, 873, 236, 293, 800, 501, 759, 207, 69, 135, 248, 878, 400]
Tree:
None

Fitness:
0.048160182569478634