Generation:
1000

Phenotype:
+8.6E+0*KS(x[:,0], 5.0E-1,9.8E-2,None)+8.5E+0*KG(x[:,0], 9.5E-1,2.1E-0,None)

Genotype:
[137, 30, 817, 896, 28, 170, 58, 40, 81, 301, 179, 208, 449, 392, 689, 984, 216, 736, 935, 272, 410, 944, 85, 137, 31, 145, 231, 283, 950, 183, 697, 100, 908, 261, 37, 887, 54, 178, 99, 540, 792, 817, 472, 749, 208, 546, 535, 665, 11, 888, 281, 908, 665, 904, 593, 956, 512, 613, 105, 450, 556, 717, 452, 766, 465, 943, 269, 592, 696, 480, 608, 820, 324, 117, 777, 802, 338, 294, 93, 795, 238, 495, 455, 886, 393, 110, 487, 324, 973, 785, 41, 398, 40, 825, 206, 781, 909, 74, 856, 129, 210, 162, 157, 219, 548, 411, 878, 140, 786, 70, 614, 932, 44, 112, 811, 259, 284, 647, 481, 113, 789, 272, 66, 959, 765, 236, 887, 768, 328, 797, 617, 656, 115, 901, 798, 528, 815, 890, 327, 488, 961, 558, 531, 610, 620, 777, 581, 399, 755, 378, 733, 235, 488, 969, 478, 665, 932, 367, 191, 253, 346, 314, 881, 455, 606, 887, 841, 470, 273, 947, 722, 812, 819, 477, 44, 388, 824, 928, 940, 893]
Tree:
None

Fitness:
10.959657101035297