Generation:
1000

Phenotype:
-6.1E-2*KG(x[:,0], 2.8E-2,1.0E-9,None)+9.9E-1*KG(x[:,0], 3.1E-0,9.9E-1,None)

Genotype:
[931, 223, 176, 601, 505, 782, 613, 268, 815, 732, 594, 320, 799, 389, 403, 102, 836, 728, 369, 49, 781, 740, 511, 739, 760, 251, 449, 595, 571, 389, 289, 804, 897, 307, 249, 761, 340, 569, 347, 558, 512, 798, 477, 162, 539, 149, 522, 691, 52, 416, 67, 283, 791, 651, 309, 624, 310, 731, 598, 474, 605, 15, 358, 942, 713, 322, 707, 74, 948, 618, 98, 497, 416, 566, 117, 185, 875, 799, 241, 204, 749, 865, 36, 720, 7, 825, 569, 548, 65, 876, 333, 586, 674, 551, 819, 169, 150, 20, 624, 341, 625, 964, 681, 89, 92, 96, 858, 839, 547, 192, 752, 740, 201, 989, 171, 782, 646, 549, 692, 459, 791, 792, 834, 293, 822, 328, 958, 934, 849, 870, 497, 458, 149, 373, 627, 461, 680, 671, 603, 935, 81, 998, 817, 616, 747, 137, 855, 109, 977, 474, 176, 615, 932, 95, 39, 102, 634]
Tree:
None

Fitness:
0.04753050005966039