Generation:
1000

Phenotype:
+9.9E-0*KS(x[:,0], 6.5E-1,3.9E-1,None)

Genotype:
[700, 520, 278, 689, 313, 850, 959, 575, 133, 211, 893, 489, 959, 101, 282, 94, 851, 333, 549, 296, 469, 313, 587, 225, 528, 310, 998, 256, 325, 304, 134, 907, 763, 114, 334, 251, 151, 337, 281, 122, 104, 492, 954, 62, 53, 228, 653, 263, 750, 5, 235, 452, 968, 187, 203, 185, 911, 748, 488, 580, 477, 846, 147, 231, 71, 563, 56, 517, 266, 94, 22, 639, 938, 710, 291, 947, 807, 187, 984, 96, 356, 204, 561, 499, 157, 148, 675, 561, 305, 602, 68, 881, 120, 524, 446, 365, 117, 882, 836, 444, 849, 342, 852, 695, 201, 763, 835, 798, 427, 713, 86, 590, 127, 716, 927, 619, 460, 134, 419, 851, 576, 781, 481, 52, 307, 968, 740, 108, 9, 871, 838, 788, 542, 655, 419]
Tree:
None

Fitness:
18.045831446534375