Generation:
1000

Phenotype:
+5.0E-2*KS(x[:,0], 4.9E+6,1.0E-9,None)

Genotype:
[580, 378, 877, 520, 373, 102, 750, 659, 506, 406, 936, 740, 497, 179, 390, 350, 320, 937, 655, 662, 645, 40, 990, 705, 75, 750, 268, 964, 567, 136, 566, 636, 903, 885, 349, 572, 803, 853, 995, 942, 332, 241, 68, 750, 559, 922, 459, 904, 168, 503, 664, 723, 199, 728, 632, 975, 381, 741, 944, 844, 716, 231, 364, 756, 445, 590, 96, 890, 144, 204, 289, 700, 889, 386, 458, 221, 2, 563, 372, 48, 307, 881, 607, 205, 409, 304, 775, 760, 695, 957]
Tree:
None

Fitness:
2.2868615606190237