Generation:
1000

Phenotype:
+2.5E-0*KS(x[:,0], 4.4E+8,6.3E-0,None)+5.9E-2*KS(x[:,0], 7.1E+8,5.8E+0,None)

Genotype:
[263, 264, 775, 165, 625, 450, 129, 354, 26, 898, 779, 463, 285, 890, 364, 28, 420, 634, 579, 187, 542, 429, 831, 578, 648, 85, 368, 36, 870, 516, 967, 449, 736, 308, 843, 856, 245, 933, 384, 182, 269, 127, 346, 14, 257, 758, 635, 285, 799, 969, 616, 517, 596, 751, 463, 636, 903, 2, 163, 317, 822, 91, 843, 749, 294, 137, 616, 413, 505, 922, 13, 240, 533, 467, 391, 569, 854, 442, 365, 436, 749, 622, 656, 7, 288, 654, 336, 130, 990, 243]
Tree:
None

Fitness:
62.2904044924978