Generation:
1000

Phenotype:
+9.7E-0*KS(x[:,0], 7.0E-1,1.2E-1,None)+9.7E+4*KP(x[:,0], 8.2E-6,4.8E-3,2)

Genotype:
[821, 640, 62, 767, 511, 790, 42, 430, 73, 261, 171, 252, 899, 891, 926, 254, 306, 521, 847, 988, 774, 232, 452, 229, 646, 750, 808, 853, 823, 672, 966, 295, 879, 272, 620, 940, 249, 771, 953, 425, 780, 888, 755, 125, 191, 486, 308, 46, 575, 945, 840, 427, 407, 292, 505, 666, 562, 420, 279, 547, 249, 627, 55, 84, 307, 742, 97, 88, 614, 465, 144, 853, 618, 373, 919, 50, 614, 638, 753, 540, 343, 218, 496, 218, 497, 827, 346, 683, 187, 553]
Tree:
None

Fitness:
12.393990156672835