Generation:
1000

Phenotype:
+4.4E-0*KS(x[:,0], 3.9E-1,9.4E-1,None)+8.7E-0*KS(x[:,0], 7.8E-1,6.0E-3,None)-9.9E-1*KS(x[:,0], 4.2E+7,1.2E-8,None)

Genotype:
[305, 906, 264, 564, 795, 10, 92, 89, 671, 911, 773, 614, 489, 951, 669, 17, 440, 556, 977, 867, 710, 6, 788, 425, 711, 743, 900, 637, 363, 150, 928, 169, 17, 99, 229, 171, 831, 412, 130, 377, 9, 622, 39, 898, 106, 779, 21, 493, 180, 242, 318, 20, 358, 52, 246, 980, 21, 733, 246, 820, 847, 550, 722, 609, 151, 646, 879]
Tree:
None

Fitness:
11.804906914656748