Generation:
1000

Phenotype:
+2.6E+0*KG(x[:,0], 8.7E-3,1.5E-7,None)+9.6E-0*KS(x[:,0], 7.0E-1,7.0E-5,None)+9.9E-3*KS(x[:,0], 3.8E+0,1.3E+6,None)

Genotype:
[427, 820, 100, 836, 442, 800, 286, 877, 577, 373, 387, 255, 219, 757, 322, 851, 188, 332, 866, 535, 130, 33, 260, 593, 851, 744, 800, 237, 575, 277, 400, 396, 746, 29, 557, 923, 191, 208, 428, 810, 963, 113, 162, 556, 434, 414, 260, 628, 64, 201, 842, 625, 840, 929, 219, 921, 877, 209, 918, 321, 573, 273, 725, 547, 996, 636, 564, 223, 878, 504, 708, 17, 465, 217, 927, 374, 345, 19, 565, 659, 295, 994, 840, 704, 231, 169, 210, 87, 159, 12]
Tree:
None

Fitness:
12.558916133911564