Generation:
1000

Phenotype:
+5.3E-1*KP(x[:,0], 7.5E-0,5.4E-0,1)

Genotype:
[704, 148, 508, 43, 805, 21, 582, 955, 889, 920, 643, 594, 91, 280, 166, 257, 710, 603, 503, 808, 343, 992, 913, 317, 189, 164, 881, 816, 772, 799, 949, 461, 988, 87, 257, 829, 843, 960, 319, 797, 682, 886, 408, 536, 567, 391, 430, 464, 253, 264, 811, 13, 465, 439, 631, 842, 416, 63, 935, 61, 878, 764, 120, 832, 209, 107, 639, 726, 242, 78, 376, 633, 766, 60, 262, 381, 839, 164, 554, 216, 187, 174, 360, 332, 675, 176, 878, 426, 940, 746, 986, 132, 381, 300, 757, 663, 623, 361, 370, 517, 617, 98, 456, 903, 783, 626, 801, 516, 331, 27, 376, 488]
Tree:
None

Fitness:
24.12146052261884