Generation:
1000

Phenotype:
+1.9E-1*KS(x[:,0], 2.9E-0,9.4E-3,None)-9.6E-1*KS(x[:,0], 8.5E-2,1.4E-9,None)

Genotype:
[713, 568, 450, 709, 203, 391, 856, 839, 243, 760, 35, 684, 673, 883, 10, 754, 207, 791, 466, 659, 591, 7, 85, 79, 942, 486, 324, 93, 99, 460, 238, 749, 412, 393, 38, 730, 369, 533, 561, 228, 772, 365, 512, 828, 136, 370, 634, 316, 160, 504, 175, 518, 658, 349, 53, 660, 855, 436, 811, 655, 138, 720, 752, 590, 200, 375, 462, 897, 99, 464, 585, 832, 332, 190, 33, 642, 604, 594, 80, 725, 149, 945, 5, 236, 110, 525, 213, 61, 241, 424]
Tree:
None

Fitness:
1.9929702976806067