Generation:
1000

Phenotype:
+9.7E+0*KS(x[:,0], 6.9E-1,8.2E-2,None)-5.8E-2*KS(x[:,0], 1.7E+8,7.1E-5,None)+2.3E-0*KG(x[:,0], 6.9E-3,9.0E-3,None)

Genotype:
[635, 476, 629, 237, 480, 780, 158, 59, 73, 721, 241, 702, 857, 42, 114, 23, 789, 49, 358, 851, 152, 306, 627, 276, 298, 942, 521, 653, 965, 851, 102, 598, 838, 23, 183, 700, 392, 329, 221, 603, 521, 20, 661, 133, 548, 80, 79, 144, 224, 169, 463, 409, 801, 97, 910, 19, 245, 3, 258, 534, 309, 132, 274, 616, 530, 475, 878]
Tree:
None

Fitness:
12.301186513659191