Generation:
1000

Phenotype:
+1.6E-7*KS(x[:,0], 3.8E+1,6.9E-4,None)-6.2E-3*KG(x[:,0], 4.9E-2,8.4E-3,None)

Genotype:
[701, 112, 288, 836, 751, 127, 965, 278, 6, 691, 527, 889, 947, 474, 429, 144, 857, 797, 182, 3, 433, 381, 499, 925, 422, 133, 494, 209, 63, 356, 416, 228, 342, 699, 105, 359, 651, 840, 91, 436, 264, 825, 446, 632, 447, 850, 276, 798, 666, 475, 410, 577, 572, 52, 30, 124, 862, 790, 920, 764, 923, 97, 493, 10, 643, 140, 630, 788, 833, 751, 388, 659, 794, 535, 793, 475, 495, 593, 134, 56, 825, 512, 134, 511, 509, 495, 194, 213, 883, 404, 920, 264, 694, 881, 237, 812, 773, 931, 684, 261, 353, 553, 792, 616, 264, 56, 172, 627, 802, 269, 559, 608, 620, 658, 686, 33, 29, 323, 269, 578, 950, 36, 353, 652, 767, 674, 334, 538, 864, 948, 978, 808, 921, 223, 953, 515, 99, 582, 111, 371, 922, 711, 448, 654, 887, 153, 388, 895, 786, 629, 803, 618, 357, 359, 501, 555, 856, 31, 781, 874, 112, 65, 584, 885, 80, 8, 96, 13, 605, 385, 177, 989, 48, 23, 734, 850, 495, 871, 738, 994]
Tree:
None

Fitness:
2.4392936646039085