Generation:
1000

Phenotype:
-5.8E-6*KP(x[:,0], 9.0E-4,7.9E+0,4)

Genotype:
[740, 595, 958, 658, 631, 596, 980, 570, 63, 654, 987, 769, 408, 250, 969, 547, 297, 291, 627, 84, 552, 582, 98, 278, 233, 991, 68, 372, 204, 855, 40, 240, 361, 247, 736, 763, 728, 164, 801, 268, 92, 571, 675, 749, 906, 72, 710, 123, 888, 971, 618, 11, 279, 92, 955, 724, 625, 974, 824, 581, 195, 994, 762, 252, 101, 648, 80, 150, 352, 803, 95, 709, 652, 644, 1000, 304, 720, 554, 577, 336, 597, 208, 693, 28, 91, 304, 462, 340, 564, 950]
Tree:
None

Fitness:
2.3851817630850145