Generation:
1000

Phenotype:
+9.9E-1*KG(x[:,0], 3.7E+0,9.9E-1,None)+7.6E-7*KG(x[:,0], 1.3E+1,8.8E-4,None)-2.6E-3*KG(x[:,0], 3.6E-4,8.9E+0,None)-2.8E-2*KS(x[:,0], 7.2E-0,7.3E+3,None)

Genotype:
[529, 668, 224, 859, 183, 91, 497, 747, 176, 810, 422, 109, 265, 241, 886, 529, 470, 321, 346, 221, 587, 747, 833, 518, 801, 934, 148, 211, 24, 422, 289, 81, 667, 736, 591, 433, 641, 6, 61, 874, 763, 109, 160, 750, 401, 724, 901, 820, 378, 983, 842, 384, 102, 541, 180, 15, 783, 292, 243, 390, 469, 299, 530, 920, 208, 683, 948, 185, 232, 660, 242, 796, 851, 945, 616, 997, 26, 684, 13, 106, 821, 679, 97, 314, 927, 241, 621, 44, 758, 141, 780, 506, 516, 50, 700, 492, 656, 761, 222, 909, 739, 457, 136, 746, 921, 439, 83, 287, 766, 98, 251, 483, 337, 285, 440, 474, 181, 385, 255, 805, 241, 167, 883, 536, 885, 91, 884, 385, 912, 751, 169, 44, 391, 665, 228, 997, 817, 341, 795, 685, 237, 862, 957, 132, 264, 583, 484, 965, 219, 486, 492, 580, 277, 738, 194, 484, 718]
Tree:
None

Fitness:
0.09794910797636967