Generation:
1000

Phenotype:
+5.0E-2*KS(x[:,0], 9.4E+4,1.0E-9,None)

Genotype:
[448, 964, 616, 400, 619, 862, 107, 294, 558, 94, 855, 150, 81, 979, 785, 283, 833, 163, 378, 219, 193, 881, 117, 190, 715, 415, 775, 645, 469, 368, 586, 970, 767, 230, 426, 495, 206, 48, 190, 846, 219, 730, 728, 214, 199, 182, 593, 370, 702, 88, 538, 103, 392, 564, 396, 102, 901, 550, 426, 724, 255, 695, 398, 71, 608, 582, 798, 2, 862, 473, 101, 817, 399, 431, 65, 601, 790, 49, 599, 709, 506, 175, 21, 255, 787, 386, 993, 263, 249, 69, 413, 124, 167, 592, 464, 969, 773, 256, 875, 30, 676, 564, 249, 809, 172, 117, 517, 941, 358, 889, 642, 31]
Tree:
None

Fitness:
2.2868615606190237