Generation:
1000

Phenotype:
+3.1E-2*KG(x[:,0], 2.2E-7,5.7E+2,None)+1.3E-0*KG(x[:,0], 5.7E-5,8.9E+0,None)-8.7E-0*KS(x[:,0], 5.8E-6,8.1E-7,None)

Genotype:
[895, 936, 992, 621, 691, 622, 280, 512, 73, 417, 868, 897, 674, 392, 614, 301, 798, 549, 13, 73, 470, 67, 137, 669, 685, 25, 509, 92, 210, 185, 628, 269, 763, 437, 373, 400, 49, 878, 825, 146, 727, 421, 835, 267, 128, 525, 929, 215, 384, 28, 170, 688, 744, 735, 325, 528, 379, 588, 969, 974, 122, 189, 799, 805, 786, 783, 318, 619, 931, 367, 400, 462, 391, 788, 613, 492, 247, 85, 160, 338, 780, 833, 654, 943, 726, 139, 716, 754, 73, 566, 915, 70, 429, 688, 255, 764, 646, 905, 154, 307, 263, 398, 328, 346, 103, 960, 805, 827, 233, 204, 226, 622, 300, 169, 777, 527, 425, 180, 847, 556, 863, 131, 837, 390, 942, 548, 850, 636, 710, 415, 815, 114, 141, 862, 691, 437, 571, 789, 33, 982, 986, 821, 218, 166, 84, 331, 423, 904, 571, 373, 116, 605, 43, 912, 616, 486, 883, 480, 75, 739, 808, 630, 234, 884, 943, 639, 956, 659, 635, 142, 653, 969, 666, 62, 233, 773, 525, 618, 3, 694]
Tree:
None

Fitness:
75.09593731919969