Generation:
1000

Phenotype:
+9.9E-1*KG(x[:,0], 3.0E+0,1.0E+0,None)-6.6E-2*KS(x[:,0], 4.4E+0,4.4E-0,None)

Genotype:
[361, 60, 35, 209, 797, 441, 263, 260, 100, 630, 801, 900, 468, 200, 871, 688, 951, 5, 556, 695, 72, 30, 224, 510, 340, 399, 434, 343, 390, 297, 845, 593, 971, 224, 449, 703, 524, 779, 96, 938, 737, 689, 577, 735, 882, 152, 988, 353, 96, 437, 820, 717, 536, 111, 291, 909, 182, 474, 494, 492, 606, 391, 824, 512, 782, 971, 214, 343, 657, 114, 61, 178, 515, 572, 804, 606, 68, 457, 766, 709, 239, 654, 26, 230, 125, 697, 926, 309, 405, 164]
Tree:
None

Fitness:
0.045133268102673076