Generation:
1000

Phenotype:
+1.1E-0*KG(x[:,0], 3.1E-0,1.0E+0,None)-9.7E-6*KP(x[:,0], 5.1E-1,8.8E-0,4)-9.0E-2*KG(x[:,0], 5.1E-0,2.5E-9,None)

Genotype:
[889, 702, 837, 111, 569, 500, 506, 201, 467, 820, 765, 910, 956, 670, 110, 999, 331, 341, 147, 297, 86, 400, 181, 763, 511, 484, 718, 919, 210, 89, 306, 749, 791, 880, 93, 722, 895, 711, 691, 490, 766, 45, 697, 369, 618, 375, 642, 490, 88, 400, 191, 300, 495, 608, 597, 493, 466, 898, 545, 61, 717, 240, 210, 136, 739, 410, 962, 667, 592, 277, 737, 901, 500, 464, 702, 19, 871, 176, 292, 654, 425, 440, 203, 643, 789, 300, 607, 794, 283, 330]
Tree:
None

Fitness:
0.02341698991063501