Generation:
1000

Phenotype:
-7.2E-3*KP(x[:,0], 2.1E-7,2.7E+0,1)+3.1E-3*KS(x[:,0], 3.6E+8,4.6E-0,None)

Genotype:
[159, 831, 249, 492, 407, 603, 928, 1, 947, 57, 730, 797, 432, 900, 446, 604, 60, 488, 651, 805, 463, 668, 686, 34, 638, 219, 486, 231, 970, 900, 222, 900, 210, 444, 958, 793, 496, 328, 77, 501, 424, 687, 769, 994, 152, 968, 491, 438, 871, 607, 26, 781, 969, 490, 277, 45, 686, 697, 844, 788, 646, 885, 93, 32, 211, 779, 16, 800, 528, 301, 629, 162, 228, 305, 362, 43, 988, 932, 951, 354, 661, 562, 733, 476, 702, 296, 249, 761, 860, 955, 399, 641, 297, 590, 571, 734, 784, 655, 741, 384, 889, 661, 460, 339, 606, 77, 813, 686, 17, 753, 789, 444, 66, 851, 432, 70, 394, 534, 388, 922, 458, 678, 301, 991, 298, 560, 83, 904, 762, 59, 842, 873, 853, 206, 885, 368, 461, 401, 304, 28, 382, 238, 871, 482, 406, 25, 188, 676, 913, 535, 633, 918, 565, 472, 891, 686, 652]
Tree:
None

Fitness:
2.4100672203654603