Generation:
1000

Phenotype:
+6.8E-5*KS(x[:,0], 6.6E-6,5.9E-7,None)-3.4E-3*KS(x[:,0], 5.2E+5,2.5E+0,None)

Genotype:
[965, 398, 572, 538, 77, 715, 113, 686, 629, 796, 409, 409, 485, 267, 500, 424, 537, 479, 434, 463, 53, 112, 412, 958, 475, 172, 395, 12, 610, 736, 633, 843, 477, 198, 679, 18, 442, 915, 283, 990, 206, 238, 813, 798, 356, 169, 547, 269, 576, 805, 346, 939, 376, 203, 521, 464, 744, 557, 949, 726, 375, 264, 794, 121, 881, 978, 177, 472, 444, 868, 714, 88, 803, 928, 40, 185, 642, 978, 103, 675, 913, 780, 255, 845, 505, 299, 444, 417, 686, 591, 407, 33, 541, 809, 499, 212, 796, 333, 686, 785, 570, 144, 612, 250, 995, 989, 153, 268, 268, 607, 989, 327, 493, 896, 812, 111, 391, 819, 792, 830, 145, 697, 286, 586, 471, 739, 375, 884, 937, 452, 129, 318, 496, 466, 589, 495, 811, 197, 967, 635, 581, 9, 502, 944, 521, 72, 994, 17, 740, 298, 865, 418, 955, 291, 242, 890, 690, 316, 470, 566, 155, 472, 810, 589, 275, 422, 769, 238, 606, 288, 102, 931, 989, 561, 432, 168, 692, 254, 116, 138]
Tree:
None

Fitness:
2.463242084716254