Generation:
1000

Phenotype:
+9.9E+0*KS(x[:,0], 5.7E-1,3.3E-1,None)+6.9E-0*KG(x[:,0], 1.9E+0,2.1E+0,None)

Genotype:
[953, 916, 503, 199, 180, 460, 58, 857, 965, 791, 398, 393, 621, 631, 44, 102, 98, 581, 209, 293, 480, 549, 149, 122, 630, 784, 31, 270, 650, 300, 484, 446, 622, 225, 172, 555, 476, 8, 222, 260, 318, 254, 707, 590, 658, 149, 542, 218, 502, 798, 485, 420, 54, 909, 227, 226, 654, 144, 356, 107, 563, 151, 797, 851, 124, 391, 675, 814, 43, 903, 860, 35, 198, 888, 66, 991, 461, 541, 833, 118, 984, 83, 310, 984, 786, 504, 269, 174, 99, 418]
Tree:
None

Fitness:
6.214547220572259