Generation:
1000

Phenotype:
+9.9E-1*KG(x[:,0], 3.1E+0,9.9E-1,None)-6.0E-2*KS(x[:,0], 4.4E-5,4.7E+1,None)

Genotype:
[769, 622, 377, 79, 29, 611, 560, 691, 192, 90, 26, 489, 775, 381, 44, 706, 435, 752, 300, 315, 542, 777, 864, 683, 275, 957, 787, 286, 921, 257, 705, 667, 351, 599, 187, 897, 833, 366, 263, 136, 903, 800, 498, 432, 444, 520, 336, 293, 728, 984, 252, 994, 21, 160, 794, 887, 288, 338, 729, 798, 756, 876, 115, 877, 897, 26, 15, 830, 659, 71, 438, 184, 401, 96, 366, 233, 820, 370, 17, 263, 756, 953, 245, 784, 697, 296, 329, 786, 582, 852, 335, 40, 306, 518, 304, 610, 387, 732, 204, 360, 233, 398, 802, 704, 981, 472, 874, 318, 294, 579, 854, 146]
Tree:
None

Fitness:
0.04760269474746266