Generation:
1000

Phenotype:
+9.9E-1*KG(x[:,0], 3.1E+0,1.0E-0,None)-5.0E-2*KP(x[:,0], 9.0E+5,9.4E+8,0)

Genotype:
[193, 642, 413, 959, 965, 291, 173, 161, 110, 640, 828, 440, 637, 670, 165, 356, 573, 940, 720, 551, 272, 71, 550, 16, 175, 890, 304, 298, 288, 705, 687, 523, 105, 534, 812, 84, 739, 535, 772, 340, 776, 948, 257, 694, 396, 476, 977, 800, 860, 666, 64, 794, 61, 454, 125, 442, 644, 260, 850, 686, 743, 756, 551, 670, 565, 195, 73, 87, 56, 787, 856, 327, 327, 483, 187, 196, 698, 440, 226, 998, 860, 224, 735, 479, 549, 253, 463, 588, 877, 507]
Tree:
None

Fitness:
0.04727360102415093