Generation:
1000

Phenotype:
+9.7E-0*KS(x[:,0], 6.9E-1,8.0E-2,None)+2.6E-0*KG(x[:,0], 3.1E-2,9.8E-2,None)+7.3E-3*KS(x[:,0], 3.6E-8,5.0E+8,None)

Genotype:
[815, 688, 323, 747, 233, 700, 581, 529, 763, 841, 970, 230, 495, 302, 740, 469, 140, 622, 206, 853, 260, 983, 211, 175, 952, 935, 198, 75, 552, 93, 130, 450, 303, 143, 655, 893, 992, 816, 17, 498, 580, 860, 262, 358, 672, 19, 819, 403, 939, 553, 563, 609, 792, 205, 149, 845, 904, 801, 304, 834, 37, 346, 343, 438, 973, 117, 781, 729, 288, 699, 506, 204, 781, 628, 688, 81, 799, 955, 287, 235, 567, 558, 758, 653, 215, 412, 697, 86, 588, 737]
Tree:
None

Fitness:
12.307406966848937