Generation:
1000

Phenotype:
+2.1E-4*KS(x[:,0], 2.6E+2,6.5E-0,None)

Genotype:
[352, 192, 730, 731, 247, 784, 811, 286, 278, 792, 959, 915, 453, 270, 916, 676, 545, 107, 571, 209, 787, 621, 509, 847, 960, 150, 832, 94, 147, 501, 29, 640, 308, 882, 249, 273, 975, 372, 52, 84, 280, 789, 385, 48, 929, 5, 32, 735, 32, 59, 826, 889, 846, 448, 74, 467, 116, 67, 802, 874, 847, 390, 553, 667, 990, 839, 471, 348, 357, 191, 235, 957, 388, 925, 954, 652, 29, 506, 144, 414, 370, 617, 685, 59, 41, 126, 725, 684, 952, 306]
Tree:
None

Fitness:
2.471672831252591