Generation:
1000

Phenotype:
+7.6E-3*KS(x[:,0], 9.9E-0,3.9E-8,None)+5.7E-7*KS(x[:,0], 8.7E+7,7.9E+4,None)

Genotype:
[77, 384, 384, 466, 973, 663, 962, 689, 91, 340, 389, 299, 31, 578, 757, 64, 440, 310, 657, 173, 57, 259, 167, 632, 397, 483, 439, 786, 54, 619, 41, 166, 268, 30, 752, 493, 37, 434, 119, 833, 5, 215, 835, 2, 17, 290, 732, 571, 853, 711, 990, 865, 525, 809, 820, 723, 826, 200, 594, 424, 641, 790, 430, 532, 822, 868, 527, 830, 400, 486, 9, 978, 983, 793, 164, 780, 918, 526, 383, 747, 360, 224, 154, 186, 883, 489, 195, 859, 155, 288, 226, 806, 953, 292, 893, 591, 906, 439, 820, 598, 897, 352, 577, 547, 389, 581, 184, 471, 16, 291, 963, 574]
Tree:
None

Fitness:
2.447777522610347