Generation:
1000

Phenotype:
+9.9E-1*KG(x[:,0], 3.1E-0,9.9E-1,None)-1.2E-0*KS(x[:,0], 1.0E-9,5.1E-2,None)

Genotype:
[265, 246, 818, 739, 141, 501, 362, 191, 183, 310, 449, 689, 47, 591, 923, 484, 717, 315, 152, 647, 270, 810, 340, 859, 339, 895, 221, 239, 702, 177, 165, 618, 568, 439, 9, 451, 870, 760, 904, 699, 478, 602, 638, 353, 551, 917, 104, 202, 958, 571, 179, 99, 984, 479, 524, 250, 713, 780, 870, 830, 637, 696, 191, 99, 456, 362, 301, 953, 278, 960, 17, 244, 496, 567, 671, 92, 50, 709, 725, 613, 112, 978, 139, 232, 727, 253, 192, 859, 848, 672, 980, 69, 468, 87, 767, 723, 733, 253, 826, 405, 723, 130, 386, 635, 930, 996, 906, 528, 327, 763, 40, 105, 502, 412, 762, 940, 37, 789, 132, 846, 251, 674, 84, 545, 121, 488, 200, 340, 870, 264, 491, 799, 767, 587, 453, 431, 356, 542, 290, 175, 882, 432, 473, 717, 176, 396, 993, 45, 342, 34, 578, 576, 614, 400, 174, 969, 516, 391, 842, 852, 54, 760, 250, 402, 632, 179, 617, 455, 590, 471, 295, 779, 878, 444, 87, 199, 563, 887, 566, 977]
Tree:
None

Fitness:
0.04759795146077291