Generation:
1000

Phenotype:
+7.8E-2*KS(x[:,0], 5.6E-4,6.8E+8,None)+8.2E+0*KS(x[:,0], 8.8E+9,1.0E+9,None)+6.2E-9*KP(x[:,0], 2.9E-3,7.7E+2,3)

Genotype:
[599, 496, 447, 248, 603, 482, 13, 626, 463, 564, 248, 58, 572, 108, 368, 419, 920, 250, 672, 148, 460, 880, 708, 286, 299, 990, 390, 372, 309, 265, 350, 556, 23, 472, 687, 89, 982, 969, 489, 733, 249, 567, 424, 412, 468, 900, 954, 922, 99, 938, 130, 537, 570, 662, 396, 322, 287, 438, 464, 550, 980, 518, 542, 314, 965, 210, 255]
Tree:
None

Fitness:
29.791200941948933