Generation:
1000

Phenotype:
+9.9E-1*KG(x[:,0], 3.0E+0,9.8E-1,None)-5.9E-1*KG(x[:,0], 1.9E-4,1.1E+2,None)

Genotype:
[193, 104, 125, 919, 585, 291, 173, 620, 738, 450, 494, 148, 877, 491, 876, 702, 629, 913, 69, 569, 711, 918, 869, 701, 14, 216, 121, 228, 402, 888, 894, 179, 84, 112, 126, 675, 633, 487, 908, 639, 110, 677, 897, 657, 470, 996, 800, 651, 880, 357, 846, 781, 460, 542, 89, 786, 473, 794, 345, 188, 502, 722, 382, 536, 558, 255, 194, 58, 220, 602, 28, 394, 998, 321, 75, 95, 228, 181, 382, 13, 87, 932, 672, 129, 896, 829, 145, 346, 605, 695]
Tree:
None

Fitness:
0.04873440730879395