Generation:
1000

Phenotype:
+6.8E-2*KS(x[:,0], 6.0E-9,7.2E-1,None)+7.1E-2*KP(x[:,0], 6.7E-9,5.6E-0,2)-2.5E-5*KS(x[:,0], 1.5E-1,5.9E+8,None)

Genotype:
[251, 216, 743, 68, 197, 932, 977, 90, 733, 469, 15, 672, 97, 891, 524, 285, 532, 807, 941, 527, 442, 590, 307, 75, 199, 859, 296, 597, 360, 302, 712, 871, 262, 95, 265, 145, 972, 785, 315, 71, 175, 259, 784, 568, 175, 603, 7, 969, 739, 132, 634, 993, 440, 190, 236, 256, 189, 825, 848, 669, 732, 128, 118, 799, 757, 346, 197, 83, 609, 87, 470, 52, 42, 872, 648, 128, 671, 870, 438, 502, 369, 858, 186, 996, 283, 159, 648, 308, 171, 783, 421, 362, 157, 689, 273, 298, 628, 253, 791, 197, 640, 863, 75, 7, 825, 638, 601, 662, 430, 196, 126, 790, 479, 462, 755, 707, 179, 101, 198, 190, 260, 508, 942, 959, 998, 606, 316, 515, 172, 568, 940, 486, 249, 866, 370, 498, 957, 358, 423, 659, 938, 85, 398, 646, 485, 567, 174, 359, 693, 887, 938, 88, 877, 557, 646, 433, 539]
Tree:
None

Fitness:
70.62191177165995