Generation:
1000

Phenotype:
+9.8E+0*KS(x[:,0], 5.9E-1,2.5E-8,None)+3.8E-0*KG(x[:,0], 9.7E-2,9.9E-1,None)

Genotype:
[725, 608, 773, 318, 714, 180, 544, 979, 819, 901, 955, 375, 237, 418, 82, 462, 966, 146, 898, 789, 220, 8, 57, 585, 912, 323, 259, 573, 501, 314, 640, 775, 817, 812, 327, 51, 954, 68, 824, 496, 618, 461, 555, 47, 666, 710, 953, 254, 322, 50, 522, 606, 310, 775, 88, 237, 6, 222, 745, 367, 326, 314, 34, 403, 84, 349, 443, 72, 92, 320, 370, 820, 483, 218, 19, 17, 187, 88, 542, 285, 92, 180, 903, 222, 76, 796, 234, 789, 122, 925]
Tree:
None

Fitness:
11.892663174638479