Generation:
1000

Phenotype:
+9.6E+0*KS(x[:,0], 7.2E-1,6.2E-2,None)+2.5E-0*KG(x[:,0], 9.9E-3,7.2E-6,None)

Genotype:
[917, 786, 989, 576, 48, 200, 438, 642, 589, 561, 950, 502, 551, 722, 802, 846, 782, 406, 825, 461, 580, 26, 509, 883, 573, 762, 92, 639, 826, 420, 763, 958, 210, 145, 513, 858, 709, 382, 454, 517, 123, 258, 431, 530, 558, 648, 989, 712, 752, 656, 358, 560, 393, 310, 785, 593, 720, 768, 921, 657, 577, 494, 382, 296, 339, 507, 82, 165, 364, 339, 508, 99, 913, 351, 532, 33, 55, 446, 472, 618, 731, 973, 15, 272, 495, 128, 809, 931, 681, 715]
Tree:
None

Fitness:
12.32923210405445