Generation:
1000

Phenotype:
+9.9E-2*KG(x[:,0], 3.1E+0,9.2E-1,None)-8.5E-2*KS(x[:,0], 3.9E-0,4.0E+0,None)+9.9E-1*KG(x[:,0], 3.1E+0,1.0E+0,None)

Genotype:
[415, 974, 962, 899, 169, 472, 542, 731, 766, 340, 197, 222, 739, 901, 410, 179, 297, 169, 115, 635, 392, 164, 29, 79, 430, 930, 420, 170, 990, 642, 270, 572, 611, 909, 447, 561, 371, 651, 630, 90, 891, 390, 916, 20, 542, 397, 707, 904, 362, 356, 675, 82, 968, 8, 648, 9, 215, 935, 436, 762, 69, 632, 25, 832, 568, 387, 460, 551, 200, 19, 512, 151, 361, 634, 201, 130, 116, 356, 334, 808, 200, 745, 7, 634, 656, 716, 378, 614, 267, 38]
Tree:
None

Fitness:
0.02824776131538538