Generation:
1000

Phenotype:
+9.9E-0*KS(x[:,0], 5.9E-1,5.8E-9,None)+4.5E+0*KG(x[:,0], 5.7E-2,9.9E-1,None)-1.3E+3*KS(x[:,0], 2.5E-9,7.9E-4,None)

Genotype:
[491, 606, 845, 589, 937, 80, 265, 479, 251, 311, 112, 388, 933, 619, 385, 127, 278, 219, 555, 194, 0, 256, 137, 825, 102, 890, 309, 303, 571, 27, 358, 333, 657, 113, 82, 663, 892, 805, 451, 549, 969, 169, 43, 334, 625, 561, 520, 301, 557, 702, 463, 76, 533, 619, 829, 910, 908, 204, 416, 138, 743, 528, 42, 857, 581, 862, 124, 395, 280, 583, 850, 510, 845, 904, 867, 192, 420, 373, 701, 367, 659, 303, 741, 608, 521, 485, 417, 509, 310, 581, 76, 193, 861, 213, 14, 168, 180, 833, 266, 155, 133, 711, 74, 528, 177, 463, 863, 448, 484, 34, 760, 699]
Tree:
None

Fitness:
11.915425778330322