Generation:
1000

Phenotype:
+9.6E-0*KS(x[:,0], 7.0E-1,9.9E-2,None)+8.9E+4*KS(x[:,0], 1.0E-9,2.5E-5,None)

Genotype:
[275, 664, 737, 416, 465, 260, 798, 280, 85, 161, 692, 989, 699, 842, 862, 346, 358, 457, 379, 902, 274, 675, 150, 33, 989, 595, 115, 953, 415, 827, 414, 849, 730, 351, 392, 123, 971, 660, 577, 101, 411, 920, 106, 484, 875, 184, 179, 723, 143, 336, 770, 685, 559, 253, 161, 549, 251, 624, 561, 818, 577, 699, 844, 962, 934, 607, 351, 649, 905, 601, 684, 805, 129, 551, 803, 234, 983, 24, 846, 515, 46, 122, 514, 228, 396, 962, 248, 207, 614, 630]
Tree:
None

Fitness:
12.410840607251428