Generation:
1000

Phenotype:
+4.8E+0*KS(x[:,0], 6.0E+1,6.5E-1,None)+8.2E-0*KS(x[:,0], 2.9E-8,8.9E+6,None)-6.0E-6*KS(x[:,0], 6.9E+6,5.7E+3,None)

Genotype:
[419, 816, 327, 548, 18, 30, 68, 890, 272, 71, 383, 485, 827, 701, 269, 317, 782, 493, 292, 903, 840, 334, 969, 381, 88, 70, 329, 692, 976, 511, 142, 975, 770, 80, 679, 216, 644, 829, 670, 606, 688, 477, 922, 213, 0, 152, 382, 595, 523, 917, 725, 834, 91, 113, 522, 35, 476, 182, 146, 231, 73, 505, 925, 350, 217, 308, 164, 795, 884, 672, 121, 234, 191, 447, 826, 316, 538, 409, 700, 153, 749, 905, 318, 195, 761, 669, 568, 3, 677, 166, 766, 430, 426, 253, 154, 193, 692, 598, 902, 414, 384, 217, 141, 785, 452, 672, 45, 952, 374, 907, 118, 5, 101, 161, 4, 203, 71, 409, 718, 306, 368, 622, 417, 575, 677, 749, 216, 635, 494, 205, 655, 910, 36, 84, 960]
Tree:
None

Fitness:
41.76541322501677