Generation:
1000

Phenotype:
+9.9E-1*KG(x[:,0], 3.0E+0,1.0E+0,None)-6.6E-2*KS(x[:,0], 3.5E-0,3.6E-0,None)

Genotype:
[931, 980, 35, 19, 947, 11, 308, 1000, 166, 430, 342, 130, 690, 540, 747, 406, 27, 752, 596, 733, 552, 362, 65, 483, 310, 875, 106, 91, 520, 874, 307, 994, 205, 426, 189, 872, 869, 983, 989, 154, 733, 923, 86, 854, 869, 598, 343, 720, 21, 10, 475, 148, 346, 64, 914, 818, 884, 877, 860, 971, 822, 424, 94, 9, 599, 962, 812, 713, 487, 607, 494, 93, 923, 924, 239, 640, 239, 508, 450, 362, 76, 770, 967, 500, 886, 469, 562, 784, 794, 805, 56, 876, 686, 850, 344, 942, 546, 5, 126, 433, 753, 238, 243, 623, 345, 165, 572, 607, 619, 285, 436, 724]
Tree:
None

Fitness:
0.04498715856118034