Generation:
1000

Phenotype:
+7.6E-2*KS(x[:,0], 1.0E+1,7.2E-7,None)-4.3E+6*KP(x[:,0], 4.8E-3,8.6E-5,4)

Genotype:
[11, 48, 726, 246, 183, 932, 450, 750, 658, 281, 141, 962, 385, 27, 882, 212, 411, 255, 583, 274, 486, 588, 928, 841, 123, 655, 366, 13, 475, 694, 228, 775, 605, 530, 824, 504, 202, 16, 565, 775, 616, 492, 275, 414, 445, 495, 752, 860, 252, 325, 109, 394, 217, 764, 67, 941, 800, 219, 576, 542, 486, 870, 149, 843, 931, 429, 253, 930, 313, 247, 421, 453, 592, 985, 712, 13, 527, 922, 882, 123, 95, 499, 539, 266, 335, 619, 928, 341, 479, 496]
Tree:
None

Fitness:
2.1214851052835426