Generation:
1000

Phenotype:
+8.3E-0*KS(x[:,0], 1.0E+0,1.3E-6,None)+6.3E-1*KS(x[:,0], 7.8E+5,7.8E+5,None)+3.3E-0*KG(x[:,0], 2.2E-2,6.6E-3,None)

Genotype:
[23, 846, 592, 323, 215, 330, 441, 900, 606, 560, 621, 3, 821, 226, 227, 749, 670, 356, 183, 979, 171, 177, 178, 400, 725, 528, 18, 226, 675, 356, 270, 218, 893, 943, 379, 180, 955, 312, 403, 132, 851, 276, 445, 843, 34, 940, 794, 117, 459, 182, 965, 990, 673, 152, 454, 247, 769, 270, 78, 289, 85, 943, 4, 430, 911, 349, 356, 621, 508, 109, 338, 619, 897, 151, 488, 502, 107, 571, 245, 4, 857, 45, 572, 151, 175, 994, 744, 186, 804, 166]
Tree:
None

Fitness:
13.366895297189876