Generation:
1000

Phenotype:
+5.0E-2*KS(x[:,0], 6.8E+1,1.0E-9,None)

Genotype:
[838, 580, 58, 910, 185, 762, 779, 188, 750, 711, 918, 800, 843, 169, 970, 357, 747, 329, 29, 519, 218, 548, 23, 908, 933, 47, 322, 352, 41, 943, 628, 814, 734, 602, 127, 850, 788, 502, 74, 68, 644, 190, 839, 991, 162, 95, 733, 628, 535, 250, 965, 321, 146, 950, 283, 706, 906, 749, 193, 718, 42, 139, 442, 654, 694, 837, 308, 141, 533, 996, 532, 993, 512, 831, 819, 477, 480, 99, 203, 448, 170, 512, 836, 632, 838, 971, 181, 644, 565, 148]
Tree:
None

Fitness:
2.2868615606190232