Generation:
1000

Phenotype:
-3.0E-2*KS(x[:,0], 7.6E-8,5.1E+1,None)

Genotype:
[454, 465, 524, 380, 403, 992, 231, 796, 163, 998, 13, 901, 570, 461, 986, 500, 77, 439, 86, 486, 673, 386, 958, 473, 432, 127, 937, 183, 455, 249, 563, 346, 658, 274, 660, 560, 508, 25, 171, 144, 786, 421, 96, 903, 955, 284, 223, 421, 730, 981, 414, 719, 891, 803, 915, 674, 5, 626, 115, 801, 95, 536, 540, 246, 948, 663, 423, 830, 567, 567, 185, 35, 562, 832, 462, 370, 118, 326, 748, 83, 279, 272, 429, 755, 34, 663, 203, 484, 916, 942]
Tree:
None

Fitness:
2.3646267813902524