Generation:
1000

Phenotype:
+9.9E-1*KG(x[:,0], 3.9E+0,9.9E-1,None)

Genotype:
[150, 982, 98, 669, 413, 651, 272, 509, 408, 670, 458, 139, 995, 451, 432, 958, 86, 319, 643, 945, 422, 931, 764, 898, 370, 279, 151, 137, 652, 201, 331, 930, 587, 99, 451, 300, 752, 926, 653, 540, 970, 716, 534, 119, 185, 380, 378, 334, 645, 570, 474, 713, 999, 934, 514, 289, 829, 163, 545, 586, 791, 585, 913, 714, 309, 792, 492, 923, 104, 168, 958, 418, 869, 125, 43, 632, 942, 160, 395, 160, 723, 705, 812, 561, 357, 83, 99, 800, 750, 764]
Tree:
None

Fitness:
0.32476250894614733