Generation:
1000

Phenotype:
+1.1E+1*KS(x[:,0], 5.0E-1,2.9E-1,None)+6.6E+0*KG(x[:,0], 2.3E+0,2.0E+0,None)

Genotype:
[887, 2, 423, 851, 148, 451, 301, 860, 555, 451, 199, 529, 961, 861, 976, 474, 434, 563, 936, 598, 550, 541, 673, 796, 700, 289, 280, 254, 170, 211, 156, 681, 247, 534, 405, 539, 306, 449, 316, 800, 147, 306, 66, 681, 552, 578, 372, 924, 231, 116, 43, 609, 678, 567, 204, 131, 489, 562, 806, 97, 140, 231, 770, 316, 532, 979, 966, 894, 899, 438, 448, 685, 88, 941, 978, 673, 573, 76, 543, 106, 801, 56, 28, 148, 698, 601, 853, 769, 952, 180, 429, 33, 718, 926, 820, 882, 21, 865, 576, 953, 628, 713, 830, 903, 367, 821, 502, 647, 301, 209, 305, 270, 457, 787, 763, 552, 673, 651, 843, 95, 919, 261, 135, 430, 749, 706, 303, 671, 221, 360, 671, 927, 247, 832, 833, 837, 983, 326, 160, 917, 472, 291, 497, 670, 193, 825, 361, 20, 744, 322, 196, 139, 395, 698, 826, 801, 481]
Tree:
None

Fitness:
4.744651330780022