Generation:
1000

Phenotype:
+3.5E-0*KS(x[:,0], 4.8E+8,7.2E+8,None)+1.4E-0*KS(x[:,0], 4.2E-8,8.7E+9,None)+6.4E+0*KS(x[:,0], 5.0E-0,1.7E-4,None)

Genotype:
[611, 990, 929, 635, 689, 500, 813, 748, 106, 328, 528, 212, 410, 518, 751, 341, 508, 369, 304, 149, 760, 705, 342, 523, 68, 115, 717, 574, 479, 396, 298, 110, 50, 444, 60, 320, 598, 210, 581, 30, 918, 347, 781, 634, 258, 112, 912, 315, 758, 227, 516, 938, 895, 612, 955, 193, 963, 249, 438, 842, 446, 390, 877, 834, 606, 837, 182]
Tree:
None

Fitness:
25.105107883177922