Generation:
1000

Phenotype:
+1.1E+0*KG(x[:,0], 3.2E+0,9.9E-1,None)-8.4E-2*KS(x[:,0], 2.6E-1,8.6E+9,None)

Genotype:
[679, 618, 855, 851, 42, 850, 236, 812, 798, 130, 80, 559, 551, 641, 552, 226, 545, 943, 694, 659, 102, 325, 716, 69, 101, 286, 786, 432, 689, 326, 825, 461, 383, 156, 473, 657, 243, 124, 209, 128, 678, 916, 470, 304, 191, 526, 833, 964, 989, 806, 468, 384, 681, 144, 25, 644, 603, 795, 402, 834, 715, 481, 665, 11, 737, 635, 272, 705, 93, 84, 344, 221, 32, 221, 633, 288, 639, 709, 426, 712, 172, 706, 651, 126, 43, 65, 332, 960, 534, 628, 648, 110, 778, 773, 856, 554, 343, 128, 547, 132, 715, 485, 198, 564, 577, 979, 239, 606, 150, 799, 256, 776]
Tree:
None

Fitness:
0.03157847612081736