Generation:
1000

Phenotype:
+9.8E+0*KS(x[:,0], 6.8E-1,8.0E-2,None)+2.4E-0*KG(x[:,0], 9.9E-3,3.0E-2,None)

Genotype:
[131, 928, 728, 468, 860, 550, 239, 108, 601, 441, 259, 800, 773, 772, 110, 486, 622, 856, 474, 619, 940, 845, 929, 823, 293, 128, 720, 349, 482, 129, 595, 455, 210, 670, 21, 163, 862, 228, 352, 132, 510, 885, 470, 171, 41, 796, 802, 49, 959, 966, 734, 767, 766, 444, 288, 269, 340, 348, 88, 614, 228, 259, 430, 14, 916, 194, 575, 43, 926, 231, 752, 22, 262, 548, 835, 29, 701, 82, 129, 399, 889, 828, 533, 780, 188, 309, 225, 469, 415, 71]
Tree:
None

Fitness:
12.286597878946742