Generation:
1000

Phenotype:
+9.4E+0*KS(x[:,0], 7.6E-1,5.6E-2,None)+6.0E-2*KP(x[:,0], 7.0E-4,4.2E+1,1)-1.7E-6*KS(x[:,0], 7.4E-6,5.5E+7,None)

Genotype:
[179, 972, 269, 44, 582, 300, 960, 646, 389, 641, 760, 46, 527, 642, 874, 999, 412, 401, 40, 175, 122, 78, 1000, 863, 514, 723, 162, 208, 521, 616, 538, 487, 414, 57, 721, 556, 393, 104, 553, 906, 913, 135, 32, 467, 709, 671, 116, 352, 521, 390, 452, 263, 412, 658, 912, 662, 891, 973, 588, 713, 584, 787, 163, 620, 805, 557, 38, 739, 57, 660, 837, 593, 739, 93, 743, 741, 326, 47, 455, 463, 382, 672, 688, 772, 967, 37, 773, 894, 210, 524]
Tree:
None

Fitness:
12.562503031652941