Generation:
1000

Phenotype:
+9.8E+0*KS(x[:,0], 8.9E-1,9.7E-2,None)-8.4E-1*KS(x[:,0], 9.3E+8,2.0E-4,None)+3.1E-2*KP(x[:,0], 4.7E-3,3.0E-0,4)

Genotype:
[971, 804, 962, 128, 422, 920, 538, 829, 465, 891, 953, 327, 763, 792, 545, 143, 317, 7, 174, 185, 841, 332, 113, 722, 148, 640, 760, 269, 214, 762, 566, 776, 407, 161, 701, 82, 336, 877, 661, 653, 713, 800, 661, 700, 49, 782, 863, 835, 857, 22, 360, 575, 404, 150, 410, 553, 485, 221, 765, 677, 286, 803, 392, 507, 358, 624, 134, 155, 946, 36, 301, 180, 348, 475, 67, 840, 1, 558, 354, 869, 68, 393, 227, 899, 280, 261, 634, 624, 499, 557, 862, 682, 964, 897, 322, 865, 196, 13, 397, 417, 698, 4, 577, 115, 345, 715, 75, 151, 550, 104, 461, 724, 691, 562, 95, 108, 177, 711, 49, 809, 988, 816, 243, 513, 206, 758, 605, 92, 93, 487, 75, 668, 561, 361, 349, 65, 734, 908, 28, 832, 311, 943, 500, 441, 686, 4, 660, 693, 152, 301, 546, 224, 502, 484, 740, 134, 556]
Tree:
None

Fitness:
11.954006692322343