Generation:
1000

Phenotype:
+9.9E+0*KS(x[:,0], 6.9E-1,4.4E-5,None)+3.0E-0*KG(x[:,0], 3.0E-2,6.7E-7,None)

Genotype:
[257, 904, 17, 919, 74, 500, 482, 339, 221, 621, 543, 84, 47, 665, 205, 828, 914, 587, 930, 17, 810, 254, 30, 797, 392, 518, 157, 49, 637, 193, 880, 395, 638, 357, 880, 674, 875, 389, 24, 115, 390, 272, 988, 847, 589, 496, 64, 370, 156, 17, 414, 960, 309, 94, 385, 593, 512, 178, 754, 64, 439, 335, 863, 241, 97, 386, 928, 648, 700, 74, 947, 204, 379, 642, 869, 909, 952, 194, 178, 935, 526, 223, 526, 742, 872, 961, 878, 133, 345, 715]
Tree:
None

Fitness:
12.107686640389465