Generation:
1000

Phenotype:
+2.6E-1*KP(x[:,0], 9.5E+0,5.3E-0,1)+2.6E-0*KS(x[:,0], 3.5E+0,2.3E-0,None)

Genotype:
[621, 80, 784, 806, 903, 671, 701, 75, 356, 330, 409, 683, 43, 610, 211, 754, 230, 181, 96, 457, 570, 830, 525, 448, 200, 487, 953, 273, 160, 385, 345, 905, 628, 269, 531, 764, 817, 945, 308, 785, 593, 297, 393, 289, 268, 426, 663, 416, 207, 45, 361, 470, 121, 944, 140, 980, 994, 84, 720, 307, 96, 998, 991, 935, 515, 35, 948, 559, 467, 941, 9, 633, 115, 887, 553, 843, 410, 616, 460, 901, 51, 269, 257, 563, 3, 305, 986, 480, 620, 347]
Tree:
None

Fitness:
15.394553545083626