Generation:
1000

Phenotype:
+1.1E+0*KG(x[:,0], 3.1E+0,1.0E-0,None)-9.6E-2*KG(x[:,0], 9.9E-2,8.8E-1,None)

Genotype:
[25, 764, 801, 901, 278, 300, 146, 721, 138, 40, 369, 1000, 193, 670, 796, 918, 881, 665, 406, 469, 162, 431, 249, 485, 712, 196, 898, 931, 901, 515, 779, 390, 287, 390, 573, 154, 869, 369, 216, 29, 833, 378, 193, 875, 58, 333, 39, 184, 103, 667, 21, 992, 689, 825, 397, 328, 144, 533, 557, 760, 665, 999, 512, 285, 383, 900, 314, 930, 929, 611, 886, 742, 442, 570, 380, 816, 755, 723, 99, 634, 484, 150, 843, 688, 650, 955, 229, 317, 245, 664, 686, 430, 841, 349, 866, 52, 714, 155, 726, 157, 77, 415, 575, 499, 236, 964, 475, 574, 542, 26, 585, 383, 672, 317, 716, 80, 309, 77, 187, 831, 890, 656, 207, 266, 923, 103, 309, 94, 204, 257, 800, 218, 284, 248, 963]
Tree:
None

Fitness:
0.028302198521217986