Generation:
1000

Phenotype:
+9.9E-0*KS(x[:,0], 6.6E-1,4.0E-1,None)

Genotype:
[574, 850, 791, 499, 715, 140, 185, 556, 709, 1, 30, 540, 455, 651, 263, 915, 737, 689, 716, 600, 846, 762, 344, 886, 799, 7, 534, 807, 363, 457, 4, 970, 222, 866, 245, 485, 48, 965, 221, 471, 283, 561, 748, 744, 906, 672, 405, 246, 883, 165, 82, 409, 203, 994, 772, 394, 362, 282, 970, 801, 572, 176, 636, 559, 810, 27, 296, 125, 390, 161, 203, 476, 387, 410, 397, 277, 315, 920, 524, 95, 547, 200, 47, 556, 629, 78, 701, 36, 22, 239]
Tree:
None

Fitness:
18.0502401757406