Generation:
1000

Phenotype:
+9.9E-0*KS(x[:,0], 6.6E-1,4.0E-1,None)

Genotype:
[874, 70, 638, 939, 627, 580, 275, 666, 603, 341, 498, 680, 301, 101, 153, 427, 209, 194, 154, 374, 320, 798, 654, 115, 596, 137, 419, 634, 563, 651, 134, 593, 60, 810, 940, 434, 706, 614, 608, 144, 994, 520, 899, 756, 253, 210, 956, 833, 499, 48, 99, 757, 538, 863, 723, 416, 155, 693, 488, 948, 801, 712, 262, 437, 6, 420, 886, 228, 106, 742, 131, 406, 788, 581, 933, 418, 207, 935, 422, 932, 77, 380, 553, 65, 905, 66, 919, 480, 611, 858]
Tree:
None

Fitness:
18.0502401757406