Generation:
1000

Phenotype:
+9.5E+0*KS(x[:,0], 7.2E-1,7.5E-2,None)+2.4E-0*KG(x[:,0], 7.9E-3,6.0E-1,None)+4.6E-9*KS(x[:,0], 2.2E-9,6.0E+9,None)

Genotype:
[305, 34, 593, 215, 662, 270, 879, 82, 911, 291, 6, 985, 113, 402, 353, 13, 104, 775, 144, 827, 710, 852, 819, 521, 213, 599, 680, 891, 281, 322, 346, 418, 390, 656, 749, 629, 406, 932, 981, 669, 392, 430, 576, 579, 661, 358, 327, 963, 386, 252, 703, 272, 129, 107, 736, 222, 579, 728, 387, 148, 976, 834, 152, 657, 443, 426, 779, 670, 697, 186, 85, 708, 932, 424, 972, 256, 516, 320, 251, 525, 805, 448, 789, 326, 757, 34, 896, 808, 272, 539]
Tree:
None

Fitness:
12.355123668807439