Generation:
1000

Phenotype:
+3.6E-5*KS(x[:,0], 6.5E-4,9.0E-8,None)+2.3E-9*KS(x[:,0], 9.8E-5,9.5E-9,None)+1.8E-0*KS(x[:,0], 5.1E-6,5.1E+3,None)

Genotype:
[509, 736, 209, 56, 255, 685, 41, 895, 275, 294, 791, 350, 747, 308, 758, 935, 198, 748, 793, 35, 609, 260, 128, 617, 595, 539, 375, 557, 49, 670, 688, 692, 594, 378, 97, 810, 661, 811, 729, 876, 688, 341, 158, 333, 657, 594, 50, 858, 782, 578, 799, 886, 102, 792, 695, 565, 950, 550, 607, 386, 151, 273, 382, 819, 460, 808, 335, 259, 672, 922, 586, 513, 870, 247, 235, 920, 318, 276, 76, 363, 220, 765, 561, 871, 523, 46, 723, 777, 940, 837]
Tree:
None

Fitness:
72.83537632141704