Generation:
1000

Phenotype:
+1.0E+1*KS(x[:,0], 5.7E-1,5.4E-3,None)+3.7E+0*KG(x[:,0], 9.8E-2,9.9E-1,None)

Genotype:
[905, 532, 774, 680, 352, 501, 220, 987, 701, 901, 436, 104, 557, 563, 79, 984, 12, 74, 917, 970, 760, 737, 388, 741, 882, 179, 539, 835, 381, 611, 756, 781, 325, 825, 566, 200, 548, 9, 41, 600, 509, 905, 739, 138, 322, 122, 576, 203, 40, 694, 386, 643, 879, 144, 583, 263, 953, 433, 881, 72, 869, 814, 566, 918, 86, 351, 267, 654, 517, 749, 286, 212, 848, 803, 445, 105, 698, 771, 192, 573, 154, 282, 888, 201, 418, 27, 583, 903, 12, 71]
Tree:
None

Fitness:
11.887629737696605