Generation:
1000

Phenotype:
+8.3E-2*KS(x[:,0], 1.6E+7,9.6E-8,None)-5.5E-1*KS(x[:,0], 9.2E-2,7.2E-9,None)

Genotype:
[899, 222, 304, 793, 691, 762, 342, 916, 112, 957, 413, 666, 375, 18, 852, 262, 155, 823, 195, 393, 721, 503, 972, 311, 762, 33, 302, 191, 909, 932, 296, 351, 438, 661, 146, 496, 203, 508, 221, 339, 572, 455, 138, 627, 155, 510, 778, 723, 610, 862, 682, 801, 471, 416, 740, 608, 555, 237, 724, 341, 961, 755, 917, 255, 691, 923, 580, 432, 73, 811, 572, 495, 776, 860, 760, 967, 364, 973, 999, 82, 160, 220, 566, 433, 290, 645, 701, 1000, 570, 658]
Tree:
None

Fitness:
2.146752928467539