Generation:
1000

Phenotype:
+5.0E-2*KS(x[:,0], 2.9E+8,1.0E-9,None)

Genotype:
[472, 930, 607, 260, 317, 62, 217, 579, 272, 808, 261, 900, 337, 809, 934, 709, 884, 783, 935, 453, 542, 61, 621, 552, 571, 552, 560, 708, 221, 34, 739, 147, 382, 832, 882, 488, 628, 238, 670, 681, 635, 83, 358, 689, 839, 566, 477, 40, 740, 619, 260, 392, 354, 905, 3, 397, 7, 469, 986, 236, 113, 313, 634, 565, 332, 903, 354, 1, 386, 98, 96, 194, 749, 942, 591, 699, 0, 286, 14, 595, 853, 266, 886, 555, 742, 335, 161, 435, 10, 317]
Tree:
None

Fitness:
2.2868615606190237