Generation:
1000

Phenotype:
-3.3E-2*KP(x[:,0], 6.4E-4,8.2E+8,0)+5.9E-3*KS(x[:,0], 1.1E-3,7.6E-2,None)

Genotype:
[195, 259, 371, 473, 343, 792, 671, 304, 157, 994, 358, 882, 4, 918, 535, 976, 152, 544, 909, 45, 973, 495, 231, 469, 453, 789, 576, 587, 62, 478, 41, 18, 640, 311, 338, 942, 504, 721, 376, 446, 331, 457, 227, 332, 658, 963, 433, 548, 569, 984, 423, 785, 747, 374, 96, 976, 384, 190, 910, 581, 279, 841, 865, 412, 716, 669, 561, 575, 25, 443, 442, 381, 942, 893, 301, 581, 226, 351, 596, 898, 739, 435, 310, 802, 531, 963, 40, 842, 209, 423, 191, 78, 870, 943, 186, 11, 90, 85, 19, 622, 532, 471, 839, 922, 136, 718, 776, 582, 761, 392, 345, 731, 644, 974, 419, 525, 446, 176, 319, 884, 493, 120, 585, 250, 961, 54, 592, 272, 745, 136, 947, 951, 534, 786, 978]
Tree:
None

Fitness:
2.3730720803278174