Generation:
1000

Phenotype:
+1.1E-0*KG(x[:,0], 3.2E+0,9.9E-1,None)-9.5E-7*KS(x[:,0], 5.4E+6,2.3E+4,None)-8.8E-2*KP(x[:,0], 7.1E-1,1.0E-6,0)

Genotype:
[331, 692, 864, 211, 133, 360, 587, 652, 576, 110, 197, 639, 367, 81, 340, 113, 755, 251, 75, 597, 817, 103, 594, 462, 346, 793, 103, 82, 144, 958, 440, 309, 475, 8, 857, 842, 789, 611, 927, 121, 450, 870, 613, 96, 625, 277, 732, 718, 330, 265, 888, 141, 996, 504, 384, 335, 951, 660, 661, 785, 756, 85, 526, 738, 112, 193, 1]
Tree:
None

Fitness:
0.031811286751017166