Generation:
1000

Phenotype:
+9.9E-1*KG(x[:,0], 3.1E-0,9.9E-1,None)-5.8E-2*KS(x[:,0], 3.7E+1,3.1E+5,None)+7.7E-3*KS(x[:,0], 2.5E+2,1.1E-4,None)

Genotype:
[577, 38, 746, 729, 33, 391, 416, 871, 441, 180, 944, 159, 721, 631, 89, 515, 951, 409, 238, 19, 92, 281, 127, 748, 361, 155, 421, 480, 115, 87, 766, 342, 204, 227, 973, 453, 586, 865, 316, 302, 999, 881, 685, 914, 113, 511, 641, 418, 777, 699, 983, 508, 825, 284, 643, 373, 630, 277, 159, 43, 543, 445, 138, 98, 360, 667, 223]
Tree:
None

Fitness:
0.04690027638160891