Generation:
1000

Phenotype:
+9.6E-0*KS(x[:,0], 7.1E-1,7.1E-2,None)+8.0E+1*KS(x[:,0], 2.0E-9,3.0E-2,None)

Genotype:
[155, 732, 332, 476, 823, 870, 645, 91, 231, 501, 888, 151, 579, 682, 952, 814, 614, 709, 10, 88, 401, 487, 100, 421, 789, 353, 830, 667, 432, 768, 826, 80, 516, 644, 277, 966, 395, 429, 166, 148, 366, 752, 506, 173, 159, 91, 434, 496, 86, 885, 696, 134, 422, 239, 351, 283, 996, 253, 962, 21, 199, 672, 166, 268, 460, 208, 869, 561, 440, 205, 135, 272, 806, 10, 489, 805, 351, 312, 48, 190, 520, 493, 229, 404, 694, 991, 943, 529, 671, 382, 983, 987, 370, 84, 70, 543, 904, 806, 199, 192, 217, 616, 784, 287, 22, 699, 389, 281, 461, 856, 97, 872, 152, 340, 742, 47, 434, 449, 394, 176, 69, 227, 494, 386, 210, 746, 535, 811, 90, 527, 886, 403, 459, 822, 59, 950, 332, 441, 692, 918, 245, 454, 421, 125, 997, 716, 195, 789, 498, 74, 195, 481, 321, 460, 920, 329, 116]
Tree:
None

Fitness:
12.452521298306692