Generation:
1000

Phenotype:
+5.9E-1*KG(x[:,0], 3.0E+0,6.4E-1,None)-7.5E-2*KG(x[:,0], 1.5E-1,9.2E-2,None)

Genotype:
[955, 386, 454, 779, 723, 291, 830, 240, 712, 470, 518, 134, 49, 711, 592, 414, 789, 807, 915, 221, 472, 846, 955, 855, 841, 800, 332, 549, 22, 241, 818, 768, 398, 778, 231, 770, 860, 98, 105, 712, 741, 283, 260, 673, 642, 802, 133, 489, 920, 341, 524, 842, 744, 514, 441, 898, 889, 820, 193, 736, 500, 182, 545, 881, 474, 742, 857, 474, 126, 896, 910, 103, 923, 446, 375, 774, 66, 295, 449, 737, 46, 506, 960, 503, 198, 162, 793, 395, 857, 327, 284, 992, 948, 119, 557, 755, 676, 903, 66, 562, 168, 284, 827, 546, 740, 861, 417, 504, 27, 869, 358, 184]
Tree:
None

Fitness:
0.034063297566146844