Generation:
1000

Phenotype:
+2.7E+0*KG(x[:,0], 1.9E-2,8.9E-2,None)+9.7E+0*KS(x[:,0], 7.1E-1,4.3E-2,None)

Genotype:
[733, 890, 658, 117, 980, 10, 918, 99, 9, 132, 817, 399, 709, 472, 832, 448, 988, 377, 467, 306, 170, 177, 271, 515, 181, 156, 483, 555, 482, 774, 165, 594, 258, 532, 74, 952, 957, 456, 312, 912, 479, 698, 862, 254, 128, 962, 115, 243, 861, 543, 720, 682, 376, 923, 875, 542, 874, 426, 824, 187, 501, 162, 880, 357, 679, 427, 950, 110, 86, 795, 256, 852, 229, 57, 712, 820, 517, 600, 386, 377, 423, 846, 593, 923, 125, 788, 159, 51, 57, 312]
Tree:
None

Fitness:
12.229552640772955