Generation:
1000

Phenotype:
+9.8E+0*KS(x[:,0], 6.8E-1,1.4E-1,None)+2.1E-0*KG(x[:,0], 8.3E-3,8.6E-6,None)-6.9E-2*KS(x[:,0], 2.0E+3,8.4E-2,None)+4.3E-5*KS(x[:,0], 1.6E-1,1.9E+2,None)

Genotype:
[539, 756, 926, 208, 220, 600, 626, 268, 631, 711, 486, 154, 121, 221, 849, 427, 460, 532, 971, 451, 280, 817, 53, 943, 373, 7, 116, 393, 176, 434, 803, 173, 698, 409, 245, 262, 307, 260, 722, 373, 889, 964, 553, 402, 649, 904, 682, 444, 603, 779, 225, 486, 66, 897, 411, 144, 269, 262, 162, 319, 427, 854, 545, 582, 114, 95, 338, 679, 737, 766, 104, 399, 97, 599, 148, 258, 655, 950, 395, 94, 941, 667, 160, 933, 755, 582, 687, 588, 208, 380, 170, 722, 763, 434, 219, 262, 661, 770, 610, 588, 147, 535, 686, 394, 300, 242, 142, 937, 754, 524, 898, 207, 501, 884, 245, 701, 159, 298, 800, 151, 23, 329, 744, 632, 611, 867, 309, 918, 948, 939, 809, 992, 42, 387, 89]
Tree:
None

Fitness:
12.364233552278707