Generation:
1000

Phenotype:
+7.3E-0*KS(x[:,0], 4.9E-1,2.0E-1,None)-3.0E-7*KP(x[:,0], 5.0E+5,3.2E-8,0)+4.6E+0*KS(x[:,0], 8.5E-5,9.1E-1,None)

Genotype:
[287, 864, 510, 103, 177, 740, 615, 559, 925, 991, 217, 850, 447, 611, 905, 735, 269, 731, 570, 99, 957, 679, 90, 526, 695, 101, 292, 239, 98, 280, 334, 860, 939, 706, 138, 520, 691, 895, 39, 365, 386, 301, 81, 491, 866, 962, 115, 249, 682, 39, 982, 162, 6, 117, 718, 770, 401, 633, 920, 712, 2, 927, 704, 252, 980, 521, 539, 396, 80, 578, 920, 259, 742, 893, 552, 732, 716, 821, 35, 644, 178, 646, 764, 282, 455, 510, 57, 50, 677, 7, 112, 258, 335, 875, 868, 26, 808, 657, 2, 236, 766, 551, 313, 937, 590, 161, 755, 51, 88, 896, 866, 55, 861, 206, 446, 538, 612, 197, 51, 96, 564, 125, 247, 579, 570, 444, 268, 672, 141, 234, 993, 446, 292, 666, 710, 565, 223, 293, 623, 226, 73, 688, 162, 768, 336, 130, 333, 489, 946, 59, 939, 361, 328, 989, 309, 117, 11, 193, 37, 379, 11, 834, 168, 623, 267, 606, 395, 494, 532, 214, 695, 133, 616, 555, 404, 656, 313, 566, 957, 870]
Tree:
None

Fitness:
26.821907749246993