Generation:
1000

Phenotype:
+9.3E+0*KS(x[:,0], 8.0E-1,8.1E-2,None)+5.2E-2*KP(x[:,0], 5.0E-3,7.0E+0,2)

Genotype:
[137, 286, 458, 673, 8, 320, 466, 350, 831, 741, 934, 211, 151, 992, 684, 458, 364, 733, 342, 961, 412, 832, 490, 387, 83, 861, 270, 890, 630, 667, 81, 398, 410, 378, 896, 902, 144, 939, 871, 622, 451, 516, 243, 730, 757, 818, 853, 133, 716, 544, 521, 576, 616, 596, 362, 713, 48, 782, 759, 387, 923, 687, 463, 121, 125, 769, 829, 382, 10, 701, 37, 257, 236, 966, 457, 308, 466, 943, 240, 688, 329, 884, 802, 56, 72, 337, 409, 608, 124, 982, 980, 655, 651, 877, 499, 450, 696, 592, 985, 987, 226, 518, 390, 723, 877, 762, 649, 316, 436, 254, 933, 101]
Tree:
None

Fitness:
12.650714371283664