Generation:
1000

Phenotype:
-6.7E-0*KP(x[:,0], 8.5E-3,1.3E-9,1)+9.9E-2*KS(x[:,0], 6.4E-0,6.2E-9,None)+6.7E-4*KG(x[:,0], 3.0E-1,1.9E-2,None)

Genotype:
[777, 69, 356, 87, 165, 570, 277, 105, 21, 703, 207, 333, 307, 539, 911, 245, 810, 521, 659, 143, 982, 293, 474, 547, 20, 122, 512, 175, 269, 802, 120, 548, 446, 737, 401, 324, 101, 980, 415, 831, 621, 139, 17, 762, 161, 792, 752, 213, 305, 893, 125, 217, 355, 898, 715, 724, 616, 701, 509, 148, 506, 603, 383, 563, 664, 653, 417, 398, 644, 349, 734, 670, 256, 38, 863, 174, 478, 653, 703, 470, 733, 104, 713, 772, 988, 825, 957, 541, 890, 741, 195, 730, 79, 675, 720, 616, 697, 761, 889, 370, 477, 249, 717, 133, 32, 616, 586, 506, 992, 393, 751, 907]
Tree:
None

Fitness:
2.086669954172352