Generation:
1000

Phenotype:
+7.9E-2*KS(x[:,0], 6.9E+0,5.5E-7,None)-8.7E+0*KP(x[:,0], 5.0E-2,2.0E-8,2)

Genotype:
[47, 688, 420, 899, 281, 542, 401, 699, 96, 790, 724, 765, 879, 767, 674, 860, 965, 844, 617, 994, 340, 346, 700, 815, 482, 244, 330, 161, 238, 247, 21, 416, 781, 648, 149, 814, 913, 645, 42, 167, 646, 670, 764, 625, 174, 828, 362, 477, 583, 910, 762, 494, 930, 305, 777, 87, 859, 861, 121, 444, 334, 168, 733, 383, 169, 906, 893, 536, 745, 176, 423, 225, 397, 355, 452, 60, 104, 402, 160, 320, 311, 532, 266, 587, 405, 476, 279, 783, 868, 805, 347, 491, 831, 862, 47, 128, 168, 207, 950, 708, 520, 861, 982, 799, 596, 956, 165, 875, 522, 719, 119, 149, 505, 279, 73, 278, 631, 286, 265, 314, 614, 70, 742, 956, 42, 998, 841, 862, 21, 990, 319, 52, 977, 582, 746]
Tree:
None

Fitness:
2.0757779786090316