Generation:
1000

Phenotype:
+3.1E+0*KS(x[:,0], 6.9E-1,2.0E-0,None)+8.7E+0*KS(x[:,0], 7.7E-1,6.7E-4,None)-7.7E-2*KS(x[:,0], 4.3E+8,8.3E-5,None)

Genotype:
[971, 326, 56, 211, 376, 820, 392, 669, 307, 491, 451, 140, 653, 380, 925, 959, 734, 331, 357, 478, 280, 897, 307, 751, 411, 644, 517, 953, 14, 870, 688, 419, 888, 807, 133, 742, 84, 793, 800, 528, 628, 673, 769, 635, 141, 423, 297, 123, 541, 659, 462, 226, 109, 395, 805, 171, 440, 522, 198, 429, 920, 212, 491, 193, 861, 401, 61, 561, 345, 984, 708, 700, 947, 241, 857, 190, 990, 632, 265, 651, 480, 670, 577, 85, 574, 619, 886, 77, 602, 592]
Tree:
None

Fitness:
12.589378756440459