Generation:
1000

Phenotype:
+9.9E+0*KS(x[:,0], 6.5E-1,3.9E-1,None)

Genotype:
[58, 82, 242, 999, 580, 190, 167, 265, 385, 511, 353, 579, 459, 401, 421, 627, 58, 240, 592, 353, 858, 987, 714, 292, 566, 433, 971, 654, 996, 145, 567, 569, 267, 601, 31, 405, 536, 526, 481, 624, 558, 956, 762, 938, 58, 740, 792, 880, 58, 896, 667, 921, 753, 619, 850, 919, 755, 629, 245, 893, 420, 616, 66, 313, 670, 556, 923, 983, 536, 910, 377, 20, 6, 441, 533, 18, 958, 567, 789, 772, 495, 227, 371, 285, 666, 501, 723, 972, 494, 680]
Tree:
None

Fitness:
18.045831446534375