Generation:
1000

Phenotype:
+9.9E-1*KG(x[:,0], 4.1E-0,1.0E-0,None)

Genotype:
[594, 186, 287, 479, 137, 781, 516, 361, 703, 250, 522, 450, 593, 630, 772, 551, 384, 664, 860, 166, 376, 305, 777, 116, 262, 288, 558, 48, 535, 473, 975, 890, 685, 736, 277, 778, 784, 944, 231, 382, 548, 429, 811, 317, 467, 157, 320, 613, 598, 324, 456, 108, 598, 45, 689, 782, 241, 259, 441, 195, 154, 324, 543, 587, 938, 646, 881, 922, 179, 91, 555, 73, 158, 748, 843, 530, 680, 153, 982, 174, 336, 358, 704, 369, 874, 293, 915, 521, 725, 578]
Tree:
None

Fitness:
0.3238744900012613