Generation:
1000

Phenotype:
+8.7E-0*KS(x[:,0], 6.5E-1,2.1E-2,None)+9.6E-1*KS(x[:,0], 8.7E+2,6.9E+2,None)+2.5E+0*KG(x[:,0], 9.9E-3,2.0E-9,None)

Genotype:
[281, 456, 556, 857, 791, 20, 923, 615, 731, 711, 325, 171, 3, 912, 825, 35, 94, 800, 366, 369, 771, 367, 377, 526, 182, 77, 639, 52, 112, 458, 756, 778, 379, 565, 290, 500, 125, 559, 171, 483, 910, 130, 483, 779, 568, 756, 387, 420, 294, 311, 981, 690, 748, 2, 622, 576, 777, 793, 566, 415, 888, 964, 737, 630, 629, 396, 107, 686, 643, 239, 947, 686, 64, 991, 120, 303, 419, 290, 902, 245, 652, 650, 216, 712, 348, 649, 484, 214, 929, 135]
Tree:
None

Fitness:
11.409964576602718