Generation:
1000

Phenotype:
+9.7E-0*KS(x[:,0], 6.8E-1,2.0E-9,None)+4.5E-0*KG(x[:,0], 9.9E-2,1.7E-0,None)-9.7E-1*KS(x[:,0], 3.3E+1,1.3E-4,None)

Genotype:
[281, 980, 242, 837, 71, 640, 68, 308, 143, 911, 208, 700, 977, 719, 569, 817, 750, 327, 265, 941, 320, 863, 939, 475, 232, 783, 327, 911, 760, 60, 598, 349, 908, 557, 447, 311, 65, 683, 900, 981, 414, 893, 271, 524, 522, 581, 987, 402, 540, 222, 990, 195, 271, 681, 284, 547, 567, 906, 600, 305, 772, 443, 758, 430, 799, 309, 787, 760, 415, 207, 592, 305, 605, 165, 145, 662, 525, 520, 914, 296, 64, 686, 574, 290, 215, 336, 449, 285, 864, 398, 460, 979, 129, 199, 51, 872, 486, 110, 761, 316, 604, 377, 451, 698, 45, 529, 70, 588, 690, 680, 588, 360, 415, 730, 463, 306, 749, 262, 503, 779, 637, 438, 516, 232, 353, 481, 393, 371, 419, 717, 458, 981, 86, 927, 598]
Tree:
None

Fitness:
10.748348046917313