Generation:
1000

Phenotype:
-6.9E-2*KG(x[:,0], 9.6E-3,4.9E-3,None)+9.9E-1*KG(x[:,0], 2.8E-0,9.9E-1,None)-2.3E-3*KS(x[:,0], 8.8E+0,3.2E+9,None)

Genotype:
[763, 983, 509, 699, 829, 822, 827, 946, 315, 273, 435, 789, 787, 523, 696, 649, 716, 638, 89, 73, 261, 478, 838, 387, 870, 926, 279, 965, 111, 30, 496, 559, 955, 593, 57, 893, 583, 358, 526, 450, 992, 802, 724, 29, 561, 396, 461, 156, 288, 614, 961, 819, 882, 174, 0, 284, 184, 842, 882, 143, 739, 717, 655, 238, 919, 286, 104, 120, 203, 560, 263, 431, 651, 222, 538, 111, 810, 400, 682, 147, 382, 246, 357, 520, 36, 557, 569, 860, 875, 598, 910, 111, 554, 108, 753, 492, 711, 957, 701, 50, 735, 73, 536, 717, 912, 236, 771, 454, 324, 759, 339, 856]
Tree:
None

Fitness:
0.048964862137600075