Generation:
1000

Phenotype:
+9.8E+0*KS(x[:,0], 6.6E-1,9.3E-2,None)+2.3E+0*KG(x[:,0], 6.5E-3,1.2E-0,None)

Genotype:
[623, 134, 314, 588, 540, 790, 248, 666, 299, 611, 350, 593, 603, 212, 698, 120, 204, 460, 43, 140, 990, 815, 905, 765, 523, 972, 52, 45, 80, 867, 545, 702, 686, 27, 162, 404, 309, 944, 869, 899, 7, 841, 241, 96, 134, 533, 87, 390, 413, 283, 857, 607, 550, 690, 696, 678, 809, 573, 379, 880, 57, 392, 865, 726, 965, 882, 340, 540, 217, 793, 525, 934, 67, 412, 120, 83, 868, 973, 38, 847, 260, 246, 815, 677, 221, 698, 747, 58, 278, 907, 788, 960, 519, 374, 441, 958, 260, 723, 337, 905, 382, 624, 752, 736, 146, 617, 470, 394, 707, 307, 570, 395]
Tree:
None

Fitness:
12.338121581388117