Generation:
1000

Phenotype:
+9.7E-0*KS(x[:,0], 6.8E-1,1.0E-1,None)+2.3E-0*KG(x[:,0], 1.3E-2,8.7E-3,None)

Genotype:
[41, 986, 818, 647, 261, 740, 176, 978, 207, 571, 234, 850, 689, 221, 703, 66, 46, 532, 53, 247, 340, 657, 13, 491, 862, 601, 577, 325, 783, 54, 394, 110, 979, 228, 655, 674, 360, 746, 217, 356, 946, 754, 343, 125, 224, 990, 200, 130, 55, 327, 952, 817, 155, 305, 791, 904, 268, 940, 644, 406, 671, 525, 100, 614, 19, 85, 305, 839, 607, 935, 54, 878, 413, 620, 191, 761, 812, 153, 207, 433, 415, 529, 862, 0, 818, 383, 766, 798, 951, 132]
Tree:
None

Fitness:
12.310113350575428