Generation:
1000

Phenotype:
+1.1E-0*KG(x[:,0], 3.2E-0,9.9E-1,None)-8.4E-2*KP(x[:,0], 8.3E-0,3.0E+2,0)

Genotype:
[601, 616, 54, 581, 615, 790, 308, 942, 499, 490, 413, 889, 767, 871, 734, 896, 701, 700, 814, 785, 262, 340, 3, 747, 630, 164, 470, 38, 752, 910, 174, 324, 490, 586, 281, 636, 110, 663, 50, 936, 185, 997, 569, 464, 727, 110, 818, 185, 397, 351, 431, 46, 610, 612, 928, 115, 60, 902, 65, 557, 851, 922, 600, 993, 855, 868, 786, 382, 566, 522, 863, 223, 439, 543, 717, 222, 179, 882, 792, 354, 895, 282, 159, 266, 916, 152, 466, 866, 7, 719, 124, 155, 526, 14, 786, 158, 51, 101, 926, 856, 653, 612, 188, 594, 434, 774, 153, 49, 550, 389, 98, 698]
Tree:
None

Fitness:
0.03157847612081736