Generation:
1000

Phenotype:
+9.7E+0*KS(x[:,0], 6.8E-1,9.9E-2,None)+2.0E+0*KP(x[:,0], 9.6E-7,1.6E-2,0)+4.7E-1*KS(x[:,0], 2.5E-9,3.9E-1,None)

Genotype:
[83, 204, 575, 587, 802, 420, 806, 158, 829, 271, 224, 879, 391, 82, 798, 789, 982, 334, 550, 172, 240, 260, 886, 921, 7, 729, 716, 431, 622, 415, 658, 690, 192, 407, 393, 891, 748, 495, 839, 799, 164, 839, 871, 741, 981, 25, 872, 881, 962, 42, 387, 757, 812, 219, 98, 990, 797, 632, 354, 703, 500, 529, 686, 811, 433, 191, 382]
Tree:
None

Fitness:
12.422124624229738