Generation:
1000

Phenotype:
+2.5E-2*KS(x[:,0], 2.7E+9,4.2E-3,None)-6.3E-3*KP(x[:,0], 7.4E-1,6.0E-2,4)

Genotype:
[41, 278, 865, 355, 589, 322, 730, 917, 508, 219, 480, 542, 935, 993, 436, 992, 87, 140, 623, 585, 363, 627, 24, 339, 981, 203, 960, 305, 742, 324, 642, 386, 318, 134, 330, 28, 57, 353, 422, 737, 807, 791, 473, 572, 442, 847, 993, 912, 632, 803, 291, 420, 215, 688, 666, 766, 958, 464, 149, 828, 95, 949, 625, 38, 461, 272, 410, 994, 568, 20, 398, 131, 709, 392, 435, 547, 924, 533, 655, 955, 414, 241, 747, 573, 659, 103, 312, 557, 162, 183, 145, 249, 793, 642, 105, 30, 284, 920, 802, 343, 730, 552, 670, 876, 954, 655, 507, 695, 344, 626, 4, 144, 673, 13, 724, 8, 79, 280, 51, 449, 755, 72, 940, 526, 787, 519, 979, 715, 166, 508, 981, 689, 844, 820, 659]
Tree:
None

Fitness:
2.240271294639834