Generation:
1000

Phenotype:
+1.4E-3*KS(x[:,0], 1.3E+9,5.8E-6,None)-3.1E-3*KS(x[:,0], 7.8E-4,3.6E+9,None)

Genotype:
[329, 690, 576, 124, 905, 43, 639, 913, 812, 89, 454, 568, 221, 756, 592, 598, 739, 164, 671, 599, 283, 150, 338, 19, 764, 965, 986, 428, 829, 467, 644, 815, 48, 470, 365, 392, 539, 69, 724, 116, 988, 250, 34, 778, 723, 518, 346, 874, 297, 908, 365, 57, 698, 110, 95, 817, 346, 727, 508, 359, 330, 744, 402, 470, 999, 460, 941, 2, 326, 323, 492, 536, 712, 233, 638, 570, 367, 253, 741, 969, 996, 692, 658, 764, 706, 315, 394, 573, 61, 607]
Tree:
None

Fitness:
2.4285193640157092