Generation:
1000

Phenotype:
+9.9E-1*KG(x[:,0], 3.0E+0,9.9E-1,None)-4.9E-2*KG(x[:,0], 3.6E-8,7.0E-9,None)-4.6E-3*KS(x[:,0], 4.6E+2,5.0E+4,None)-7.5E-2*KG(x[:,0], 1.1E+1,3.6E-7,None)

Genotype:
[229, 634, 710, 539, 269, 331, 974, 340, 528, 780, 782, 949, 995, 21, 143, 253, 739, 336, 969, 143, 202, 200, 326, 381, 798, 204, 610, 535, 869, 724, 341, 269, 714, 506, 591, 993, 453, 586, 132, 762, 607, 870, 214, 864, 371, 990, 441, 186, 95, 553, 112, 117, 931, 196, 461, 902, 316, 871, 287, 617, 419, 891, 228, 140, 892, 291, 21, 711, 572, 432, 255, 301, 135, 422, 485, 955, 709, 180, 151, 85, 362, 188, 215, 215, 646, 358, 937, 689, 905, 916]
Tree:
None

Fitness:
0.03858973861758798