Generation:
1000

Phenotype:
+1.2E+1*KS(x[:,0], 5.0E-1,3.0E-1,None)

Genotype:
[58, 452, 675, 352, 474, 711, 823, 760, 59, 231, 632, 920, 135, 711, 533, 862, 524, 700, 959, 107, 43, 501, 616, 12, 415, 426, 679, 337, 939, 13, 869, 55, 404, 807, 690, 0, 155, 109, 909, 507, 972, 832, 864, 463, 193, 746, 13, 930, 938, 390, 938, 150, 602, 983, 520, 663, 613, 588, 975, 170, 11, 484, 769, 989, 474, 354, 37, 314, 45, 188, 840, 279, 138, 189, 990, 756, 95, 281, 250, 375, 674, 921, 730, 222, 334, 360, 924, 183, 146, 297, 798, 135, 197, 153, 525, 695, 804, 524, 414, 529, 187, 828, 151, 446, 790, 552, 608, 337, 117, 900, 516, 917]
Tree:
None

Fitness:
13.212228486581271