Generation:
1000

Phenotype:
+9.0E-2*KS(x[:,0], 5.9E+0,2.0E-3,None)-7.5E+0*KP(x[:,0], 5.4E-2,3.7E-9,2)

Genotype:
[35, 230, 638, 300, 351, 302, 625, 479, 674, 220, 604, 740, 881, 203, 225, 656, 463, 717, 695, 50, 190, 499, 284, 911, 472, 848, 717, 687, 19, 617, 62, 164, 21, 560, 481, 444, 323, 66, 784, 506, 563, 63, 301, 694, 501, 273, 843, 831, 499, 546, 348, 935, 358, 261, 155, 653, 837, 354, 159, 835, 523, 534, 185, 757, 829, 637, 996, 251, 272, 858, 921, 57, 786, 70, 226, 14, 405, 634, 588, 340, 211, 374, 713, 246, 568, 747, 936, 257, 847, 171]
Tree:
None

Fitness:
2.0668970483961977