Generation:
1000

Phenotype:
+7.2E-6*KS(x[:,0], 8.5E+8,9.7E+8,None)+4.0E-4*KS(x[:,0], 5.0E+3,7.3E-2,None)-5.7E-9*KS(x[:,0], 9.5E+9,2.9E+7,None)

Genotype:
[257, 268, 564, 882, 805, 226, 25, 585, 170, 28, 386, 267, 662, 878, 357, 557, 750, 30, 770, 57, 274, 553, 300, 622, 463, 357, 543, 603, 352, 53, 190, 783, 571, 937, 83, 529, 377, 645, 398, 809, 595, 519, 958, 777, 704, 769, 548, 251, 974, 772, 186, 552, 23, 669, 811, 648, 196, 123, 930, 303, 731, 111, 730, 466, 521, 63, 772]
Tree:
None

Fitness:
81.97266194222516