Generation:
1000

Phenotype:
-6.8E-6*KS(x[:,0], 6.4E+7,4.4E+4,None)-8.9E-1*KS(x[:,0], 1.9E-5,8.4E-2,None)+6.9E-0*KS(x[:,0], 4.7E+1,1.8E-6,None)

Genotype:
[281, 327, 5, 348, 259, 766, 779, 774, 514, 887, 399, 514, 938, 54, 563, 125, 701, 187, 19, 231, 361, 900, 929, 447, 395, 727, 904, 563, 12, 114, 760, 240, 95, 939, 233, 630, 246, 407, 96, 381, 495, 198, 443, 786, 944, 607, 207, 662, 314, 703, 205, 772, 323, 295, 54, 264, 376, 157, 913, 271, 433, 20, 206, 858, 349, 998, 435, 870, 34, 287, 684, 822, 833, 703, 69, 271, 318, 459, 878, 995, 902, 584, 161, 448, 466, 842, 827, 384, 423, 877]
Tree:
None

Fitness:
45.80142241121513