Generation:
1000

Phenotype:
-6.6E-2*KG(x[:,0], 9.7E-3,3.1E-7,None)+9.9E-1*KG(x[:,0], 2.9E-0,9.9E-1,None)

Genotype:
[487, 337, 815, 136, 171, 862, 170, 977, 353, 203, 65, 91, 655, 77, 273, 258, 286, 584, 369, 233, 251, 523, 779, 599, 880, 44, 489, 385, 351, 163, 391, 469, 318, 984, 106, 8, 373, 904, 244, 96, 727, 496, 919, 265, 180, 615, 67, 55, 965, 692, 765, 705, 261, 783, 74, 360, 451, 346, 231, 657, 189, 756, 453, 536, 943, 200, 170, 529, 360, 588, 823, 841, 805, 513, 906, 967, 858, 783, 905, 234, 706, 673, 300, 550, 474, 316, 740, 791, 205, 304, 795, 106, 542, 759, 359, 783, 444, 243, 786, 931, 875, 841, 320, 424, 774, 354, 251, 109, 460, 364, 464, 400, 656, 450, 259, 975, 823, 286, 242, 620, 173, 999, 541, 616, 830, 277, 531, 708, 963, 455, 278, 211, 732, 355, 393]
Tree:
None

Fitness:
0.04808605767006334