Generation:
1000

Phenotype:
-2.8E-5*KP(x[:,0], 5.6E+3,1.9E-5,0)+9.7E-3*KS(x[:,0], 8.3E+6,9.2E-6,None)

Genotype:
[687, 381, 442, 698, 503, 35, 472, 636, 78, 883, 27, 339, 423, 225, 790, 388, 218, 332, 817, 903, 693, 133, 573, 48, 396, 152, 802, 733, 436, 35, 907, 266, 369, 958, 15, 38, 488, 2, 594, 360, 348, 732, 723, 166, 416, 309, 249, 164, 15, 414, 504, 960, 408, 75, 3, 311, 676, 711, 17, 733, 917, 256, 136, 638, 679, 66, 951, 754, 732, 978, 675, 461, 659, 739, 745, 392, 99, 541, 158, 560, 854, 568, 620, 901, 820, 269, 870, 216, 161, 914]
Tree:
None

Fitness:
2.440605560022897