Generation:
1000

Phenotype:
-6.1E-2*KS(x[:,0], 6.3E+3,8.6E+5,None)+9.9E-1*KG(x[:,0], 3.1E-0,9.9E-1,None)

Genotype:
[857, 505, 185, 521, 227, 952, 149, 623, 394, 823, 502, 166, 870, 945, 756, 660, 716, 44, 459, 303, 401, 506, 571, 973, 900, 89, 799, 687, 311, 388, 269, 193, 779, 334, 290, 386, 88, 298, 427, 226, 50, 384, 568, 527, 600, 617, 466, 64, 858, 633, 740, 499, 847, 792, 443, 377, 637, 571, 152, 357, 28, 810, 935, 905, 767, 851, 123, 702, 162, 693, 853, 593, 158, 799, 959, 883, 423, 552, 854, 530, 160, 703, 506, 426, 480, 765, 94, 756, 265, 437]
Tree:
None

Fitness:
0.0475943661938737