Generation:
1000

Phenotype:
+2.5E+2*KS(x[:,0], 7.1E-5,2.6E-8,None)+6.0E+0*KS(x[:,0], 2.2E-3,2.4E+0,None)

Genotype:
[983, 302, 379, 465, 898, 292, 528, 281, 437, 75, 703, 206, 83, 768, 172, 124, 548, 482, 40, 688, 780, 532, 552, 481, 473, 676, 694, 620, 710, 65, 246, 586, 129, 416, 634, 968, 153, 1, 211, 626, 353, 474, 905, 948, 625, 642, 73, 786, 303, 833, 495, 333, 168, 240, 378, 999, 256, 696, 581, 864, 44, 843, 952, 605, 336, 745, 35, 399, 860, 662, 212, 997, 384, 67, 899, 632, 622, 292, 739, 110, 227, 960, 443, 793, 504, 893, 844, 959, 803, 746]
Tree:
None

Fitness:
59.92628440285849