Generation:
1000

Phenotype:
+8.9E-4*KP(x[:,0], 4.0E-9,7.9E-3,0)+4.1E-2*KS(x[:,0], 4.3E+9,1.2E-4,None)

Genotype:
[645, 868, 844, 819, 159, 104, 192, 10, 425, 469, 510, 999, 475, 63, 340, 688, 468, 732, 911, 165, 322, 372, 703, 774, 729, 189, 382, 283, 944, 134, 711, 555, 864, 30, 297, 294, 106, 715, 67, 35, 712, 510, 545, 233, 391, 35, 635, 691, 16, 746, 834, 93, 264, 556, 472, 951, 387, 608, 503, 957, 914, 892, 841, 435, 483, 414, 182, 51, 6, 118, 902, 100, 891, 66, 197, 823, 758, 643, 672, 82, 784, 878, 177, 916, 631, 372, 492, 514, 838, 94, 304, 410, 836, 669, 591, 801, 83, 17, 24, 720, 614, 501, 348, 569, 312, 757, 84, 416, 733, 211, 0, 855, 601, 157, 489, 913, 21, 531, 810, 594, 431, 551, 298, 762, 845, 412, 170, 115, 479, 45, 1000, 778, 85, 42, 437]
Tree:
None

Fitness:
2.2985004016809745