Generation:
1000

Phenotype:
+6.8E-4*KS(x[:,0], 4.0E+5,9.9E+0,None)+3.9E-3*KS(x[:,0], 5.4E+5,8.5E-6,None)

Genotype:
[347, 314, 815, 388, 257, 844, 138, 830, 294, 295, 152, 809, 436, 0, 888, 340, 498, 362, 499, 571, 413, 877, 894, 174, 455, 187, 795, 657, 646, 612, 460, 32, 37, 842, 222, 136, 336, 899, 938, 279, 150, 909, 771, 372, 822, 700, 11, 898, 479, 451, 726, 185, 783, 157, 211, 499, 712, 936, 458, 202, 574, 293, 956, 460, 164, 150, 570, 616, 113, 299, 734, 439, 992, 554, 397, 366, 489, 792, 771, 258, 853, 397, 652, 351, 513, 26, 793, 254, 920, 168, 980, 330, 61, 238, 816, 911, 443, 112, 236, 895, 410, 167, 745, 324, 967, 99, 2, 503, 212, 454, 968, 150, 117, 878, 822, 30, 595, 632, 265, 591, 126, 290, 190, 534, 565, 330, 300, 79, 431, 834, 547, 835, 736, 546, 982, 926, 500, 322, 920, 977, 684, 790, 173, 346, 565, 991, 42, 967, 859, 293, 347, 834, 678, 846, 378, 609, 275]
Tree:
None

Fitness:
2.4569429245084233