Generation:
1000

Phenotype:
+9.9E-2*KS(x[:,0], 6.5E-0,4.4E-8,None)-8.8E-0*KS(x[:,0], 6.5E-3,1.0E-9,None)

Genotype:
[11, 176, 233, 19, 383, 352, 806, 985, 945, 630, 966, 974, 941, 118, 232, 760, 663, 25, 558, 371, 850, 833, 485, 775, 793, 972, 460, 641, 289, 702, 397, 596, 343, 76, 549, 885, 0, 191, 275, 189, 476, 980, 555, 513, 395, 720, 318, 948, 86, 824, 464, 532, 124, 899, 403, 506, 52, 443, 222, 35, 924, 822, 934, 382, 334, 930, 325, 926, 781, 707, 441, 151, 698, 401, 446, 994, 462, 746, 319, 38, 998, 573, 600, 883, 97, 172, 526, 357, 346, 7, 280, 599, 204, 503, 227, 587, 251, 465, 242, 184, 160, 136, 205, 376, 121, 448, 553, 548, 755, 103, 308, 786]
Tree:
None

Fitness:
2.089017636960063