Generation:
1000

Phenotype:
+9.2E-2*KS(x[:,0], 6.2E-0,3.4E-9,None)-4.3E-6*KP(x[:,0], 7.7E+1,6.0E-9,2)+9.9E-7*KP(x[:,0], 8.5E-7,8.7E+0,2)

Genotype:
[941, 598, 449, 512, 415, 972, 887, 62, 877, 990, 938, 454, 509, 119, 26, 381, 243, 183, 193, 543, 176, 51, 787, 946, 191, 779, 30, 533, 729, 487, 992, 72, 161, 879, 505, 237, 232, 715, 359, 697, 286, 907, 692, 760, 47, 572, 395, 68, 367, 791, 938, 648, 0, 492, 471, 956, 698, 157, 370, 578, 725, 246, 703, 801, 638, 432, 65, 372, 348, 674, 743, 18, 878, 941, 755, 671, 678, 483, 547, 658, 400, 679, 800, 827, 753, 331, 913, 558, 732, 651, 926, 783, 122, 741, 78, 755, 693, 882, 53, 58, 557, 18, 442, 650, 293, 744, 678, 878, 103, 240, 41, 729, 57, 206, 592, 154, 347, 922, 2, 286, 255, 769, 134, 310, 689, 767, 841, 536, 129, 75, 750, 550, 657, 572, 820, 485, 269, 574, 29, 300, 535, 119, 667, 825, 601, 645, 315, 365, 879, 783, 464, 856, 109, 353, 636, 996, 142, 720, 792, 188, 300, 603, 609, 159, 481, 31, 120, 771, 596, 97, 754, 445, 365, 197, 944, 623, 136, 734, 87, 324]
Tree:
None

Fitness:
2.0535550073898965