Generation:
1000

Phenotype:
+9.9E-1*KG(x[:,0], 3.1E-0,9.9E-1,None)-4.5E-2*KS(x[:,0], 4.9E+3,9.4E+6,None)-2.2E-2*KG(x[:,0], 8.9E-1,1.2E-9,None)

Genotype:
[583, 466, 881, 159, 31, 251, 569, 261, 955, 840, 980, 519, 731, 61, 596, 263, 683, 120, 455, 363, 542, 210, 189, 994, 723, 791, 364, 916, 956, 246, 348, 51, 352, 682, 549, 982, 295, 439, 817, 1, 891, 672, 513, 599, 950, 842, 686, 565, 433, 720, 776, 867, 237, 78, 840, 381, 794, 683, 244, 282, 646, 37, 930, 383, 786, 900, 287, 612, 712, 221, 199, 186, 797, 267, 569, 829, 30, 7, 314, 647, 575, 723, 37, 739, 219, 457, 524, 420, 446, 835, 817, 253, 396, 419, 582, 477, 931, 862, 302, 825, 650, 849, 485, 412, 399, 35, 147, 702, 883, 217, 989, 990, 978, 111, 25, 455, 313, 69, 730, 203, 67, 565, 187, 167, 715, 252, 180, 759, 528, 826, 737, 910, 166, 142, 363]
Tree:
None

Fitness:
0.046596705672660124