Generation:
1000

Phenotype:
+2.1E+0*KS(x[:,0], 3.0E-3,9.0E+7,None)+9.7E-0*KS(x[:,0], 6.6E-1,9.9E-2,None)

Genotype:
[743, 508, 1000, 801, 188, 1000, 65, 560, 69, 383, 440, 580, 60, 417, 512, 430, 384, 998, 87, 89, 160, 410, 286, 541, 561, 926, 869, 683, 22, 176, 99, 96, 977, 56, 405, 90, 222, 735, 773, 488, 351, 373, 102, 718, 969, 718, 592, 152, 369, 953, 515, 238, 720, 751, 577, 979, 802, 517, 752, 748, 667, 235, 934, 961, 826, 715, 426, 639, 214, 891, 791, 261, 881, 763, 294, 776, 261, 316, 745, 326, 632, 261, 272, 252, 82, 940, 395, 869, 426, 536, 480, 552, 433, 472, 77, 102, 569, 486, 923, 805, 48, 286, 399, 958, 536, 933, 365, 947, 899, 713, 896, 823]
Tree:
None

Fitness:
12.467841224705072