Generation:
1000

Phenotype:
+2.1E-0*KS(x[:,0], 8.1E+4,7.4E+4,None)+1.8E-0*KS(x[:,0], 3.3E+7,2.4E-1,None)+1.5E-7*KS(x[:,0], 7.4E-5,6.0E+1,None)

Genotype:
[761, 586, 946, 121, 141, 190, 124, 171, 754, 624, 897, 284, 170, 964, 302, 977, 774, 603, 498, 739, 990, 938, 203, 110, 557, 307, 804, 605, 411, 636, 10, 196, 702, 385, 177, 407, 969, 214, 415, 165, 986, 300, 408, 621, 516, 28, 439, 847, 374, 527, 729, 281, 30, 889, 684, 187, 111, 28, 772, 243, 530, 348, 591, 236, 530, 719, 729]
Tree:
None

Fitness:
49.03378844857326