Generation:
1000

Phenotype:
+3.1E+0*KG(x[:,0], 3.1E-2,2.1E-5,None)+9.5E+0*KS(x[:,0], 8.0E-1,3.3E-8,None)

Genotype:
[361, 788, 938, 1, 58, 160, 146, 241, 957, 112, 415, 321, 157, 905, 813, 418, 282, 530, 505, 682, 120, 241, 830, 51, 451, 569, 713, 41, 768, 928, 641, 810, 311, 841, 207, 353, 964, 788, 421, 573, 318, 686, 611, 471, 928, 553, 797, 955, 990, 628, 495, 965, 633, 670, 863, 240, 983, 286, 759, 223, 182, 451, 588, 90, 939, 368, 762, 994, 51, 773, 696, 576, 264, 357, 658, 223, 57, 729, 265, 983, 621, 790, 400, 613, 978, 590, 502, 970, 71, 798, 417, 768, 376, 115, 336, 876, 360, 33, 964, 730, 16, 782, 1000, 481, 983, 897, 4, 917, 833, 150, 415, 822]
Tree:
None

Fitness:
12.499260110920055