Generation:
1000

Phenotype:
+8.5E+0*KG(x[:,0], 5.0E-1,1.7E+0,None)+5.1E-9*KP(x[:,0], 5.5E+8,2.6E-5,1)

Genotype:
[109, 344, 475, 405, 876, 250, 886, 310, 273, 861, 882, 167, 592, 620, 296, 686, 880, 679, 151, 659, 189, 346, 585, 940, 598, 541, 256, 351, 585, 606, 530, 357, 127, 864, 61, 722, 847, 136, 602, 772, 287, 395, 527, 844, 122, 372, 472, 680, 950, 907, 526, 745, 415, 330, 857, 74, 530, 348, 864, 746, 597, 874, 865, 222, 339, 663, 192, 225, 832, 107, 73, 46, 406, 839, 564, 643, 745, 545, 178, 997, 531, 764, 170, 441, 12, 645, 637, 773, 660, 336]
Tree:
None

Fitness:
10.973464029160914