Generation:
1000

Phenotype:
-8.6E-4*KP(x[:,0], 2.1E+0,9.7E-3,3)+9.9E-2*KS(x[:,0], 5.6E+0,1.3E-9,None)

Genotype:
[807, 99, 700, 296, 353, 694, 847, 701, 332, 390, 809, 617, 475, 993, 633, 634, 194, 881, 429, 145, 172, 148, 246, 152, 890, 558, 203, 57, 979, 117, 438, 401, 762, 853, 986, 499, 424, 753, 447, 559, 789, 853, 348, 459, 275, 518, 103, 132, 936, 550, 610, 258, 874, 267, 533, 104, 401, 145, 524, 545, 573, 782, 221, 440, 182, 271, 984, 63, 425, 730, 277, 935, 20, 664, 246, 937, 775, 356, 69, 409, 527, 401, 471, 687, 392, 298, 540, 17, 587, 182]
Tree:
None

Fitness:
2.0427239583089323