Generation:
1000

Phenotype:
-6.1E-2*KG(x[:,0], 2.8E-2,1.0E-9,None)+9.9E-1*KG(x[:,0], 3.1E+0,9.9E-1,None)

Genotype:
[391, 987, 860, 341, 439, 862, 451, 438, 191, 692, 189, 370, 687, 719, 608, 990, 978, 296, 729, 61, 891, 353, 421, 298, 290, 143, 699, 37, 341, 109, 351, 430, 777, 443, 183, 700, 16, 886, 934, 424, 544, 697, 130, 435, 73, 662, 767, 351, 78, 209, 917, 162, 981, 371, 40, 108, 38, 660, 88, 109, 973, 211, 908, 188, 995, 426, 221, 832, 792, 603, 893, 280, 589, 746, 125, 616, 591, 117, 562, 430, 725, 928, 279, 105, 891, 549, 795, 676, 624, 30]
Tree:
None

Fitness:
0.04753050005966039