Generation:
1000

Phenotype:
+3.4E-9*KS(x[:,0], 6.6E+1,7.2E+8,None)+8.4E-2*KS(x[:,0], 9.5E-2,6.9E+3,None)

Genotype:
[353, 20, 983, 594, 273, 669, 509, 636, 356, 251, 474, 472, 930, 668, 720, 616, 368, 61, 614, 897, 902, 782, 305, 387, 602, 329, 629, 360, 543, 261, 883, 566, 200, 262, 726, 748, 407, 87, 488, 516, 887, 786, 416, 189, 678, 137, 393, 420, 583, 314, 50, 285, 871, 335, 640, 623, 947, 640, 877, 377, 375, 721, 252, 198, 576, 858, 173, 616, 245, 288, 831, 366, 669, 363, 80, 287, 263, 842, 750, 179, 815, 542, 992, 590, 24, 849, 454, 298, 973, 699, 9, 955, 321, 529, 413, 283, 47, 739, 103, 770, 608, 650, 462, 580, 799, 374, 700, 247, 192, 9, 978, 83, 233, 782, 806, 639, 341, 762, 388, 246, 951, 252, 840, 819, 550, 549, 609, 578, 893, 49, 869, 517, 78, 117, 51, 531, 328, 472, 438, 151, 858, 530, 826, 649, 676, 489, 111, 55, 62, 261, 389, 509, 203, 431, 673, 735, 922]
Tree:
None

Fitness:
81.52144816464178