Generation:
1000

Phenotype:
+7.6E-0*KS(x[:,0], 4.2E+2,6.2E-1,None)

Genotype:
[322, 340, 834, 626, 215, 170, 786, 392, 306, 852, 626, 162, 379, 271, 544, 635, 849, 879, 217, 598, 489, 828, 784, 9, 560, 567, 216, 402, 345, 217, 893, 604, 624, 305, 362, 506, 853, 180, 520, 762, 626, 103, 221, 886, 8, 47, 790, 388, 703, 748, 173, 685, 920, 341, 136, 717, 876, 154, 776, 232, 336, 626, 848, 163, 36, 470, 699, 695, 625, 707, 745, 567, 152, 483, 537, 191, 171, 794, 108, 624, 22, 862, 787, 928, 779, 91, 904, 166, 774, 720]
Tree:
None

Fitness:
44.62576373767209