Generation:
1000

Phenotype:
+9.6E-0*KS(x[:,0], 6.7E+2,1.2E-1,None)+8.4E-4*KS(x[:,0], 3.9E-5,1.5E+7,None)+9.5E-7*KS(x[:,0], 5.7E+0,2.1E+7,None)+9.2E-1*KS(x[:,0], 6.4E-9,7.9E+3,None)

Genotype:
[815, 26, 485, 296, 541, 940, 851, 927, 900, 872, 603, 332, 563, 981, 927, 935, 952, 412, 794, 51, 814, 695, 149, 641, 515, 900, 45, 602, 727, 888, 89, 76, 530, 285, 373, 247, 337, 377, 180, 350, 514, 311, 256, 87, 575, 280, 110, 188, 922, 981, 31, 986, 134, 901, 349, 150, 809, 608, 903, 740, 220, 204, 358, 529, 500, 56, 247, 472, 798, 969, 615, 588, 798, 840, 861, 250, 191, 465, 6, 408, 294, 470, 481, 33, 873, 214, 872, 760, 575, 625, 495, 339, 887, 136, 114, 701, 98, 625, 674, 316, 791, 661, 928, 405, 450, 330, 93, 418, 731, 414, 90, 278, 233, 810, 454, 386, 315, 918, 238, 113, 613, 99, 999, 524, 913, 426, 705, 717, 806, 421, 976, 835, 627, 315, 569, 403, 333, 29, 45, 614, 540, 115, 935, 267, 630, 944, 868, 694, 404, 500, 804, 10, 503, 841, 804, 895, 67, 998, 942, 378, 113, 969, 895, 44, 413, 625, 973, 821, 418, 497, 815, 4, 287, 132, 73, 40, 194, 714, 467, 822]
Tree:
None

Fitness:
40.659472606895925