Generation:
1000

Phenotype:
+9.9E-1*KG(x[:,0], 3.1E-0,9.9E-1,None)-7.6E-7*KP(x[:,0], 1.1E-9,8.0E+4,1)

Genotype:
[823, 972, 35, 829, 399, 941, 713, 211, 305, 620, 692, 259, 41, 551, 748, 908, 887, 69, 436, 331, 297, 972, 771, 685, 579, 97, 940, 882, 544, 531, 523, 622, 373, 90, 420, 245, 471, 266, 14, 872, 698, 195, 72, 843, 37, 491, 516, 541, 640, 227, 288, 965, 390, 369, 863, 654, 412, 594, 121, 959, 896, 800, 440, 276, 994, 482, 93, 30, 61, 68, 697, 579, 892, 906, 455, 244, 981, 669, 608, 952, 343, 474, 38, 631, 138, 754, 834, 734, 81, 288, 418, 4, 366, 306, 612, 854, 917, 482, 544, 138, 939, 300, 173, 176, 644, 698, 842, 827, 3, 137, 376, 890, 949, 90, 965, 220, 535, 34, 330, 563, 153, 551, 283, 141, 621, 724, 299, 814, 516, 217, 249, 217, 842, 749, 194, 21, 738, 811, 325, 220, 476, 88, 650, 915, 692, 706, 146, 176, 427, 166, 295, 499, 704, 641, 95, 796, 67]
Tree:
None

Fitness:
0.04758948814509323