Generation:
1000

Phenotype:
+9.5E-2*KS(x[:,0], 5.8E-0,5.0E-6,None)-3.1E-8*KP(x[:,0], 8.6E+2,5.5E-0,2)

Genotype:
[203, 668, 287, 335, 83, 42, 868, 428, 755, 890, 679, 810, 391, 586, 150, 734, 767, 20, 971, 267, 218, 196, 946, 688, 172, 580, 485, 807, 530, 187, 40, 384, 661, 214, 622, 159, 6, 325, 214, 128, 690, 451, 823, 640, 120, 996, 346, 20, 361, 997, 361, 586, 643, 141, 906, 926, 181, 147, 933, 84, 378, 523, 732, 248, 426, 833, 772, 249, 404, 661, 799, 441, 194, 507, 196, 368, 400, 219, 258, 840, 737, 509, 618, 953, 394, 41, 844, 906, 743, 155]
Tree:
None

Fitness:
2.055948414002651