Generation:
1000

Phenotype:
+2.6E-0*KP(x[:,0], 3.3E-8,7.0E+8,0)+8.9E-0*KS(x[:,0], 9.0E-1,8.0E-2,None)

Genotype:
[351, 758, 649, 966, 315, 630, 560, 833, 951, 208, 456, 620, 504, 328, 850, 118, 858, 835, 819, 503, 480, 314, 400, 437, 61, 871, 990, 517, 252, 16, 808, 533, 334, 563, 292, 456, 968, 811, 349, 223, 628, 545, 411, 476, 861, 452, 814, 949, 379, 609, 99, 189, 108, 788, 561, 115, 377, 953, 523, 623, 616, 502, 348, 807, 464, 595, 432, 951, 299, 197, 642, 81, 752, 831, 873, 116, 673, 699, 907, 145, 461, 372, 29, 170, 787, 977, 516, 930, 5, 286, 315, 481, 646, 582, 742, 709, 379, 888, 429, 662, 169, 733, 777, 673, 326, 439, 393, 79, 763, 538, 937, 849, 851, 752, 622, 95, 224, 508, 522, 553, 714, 905, 959, 931, 155, 400, 49, 802, 284, 519, 228, 856, 514, 87, 31, 286, 95, 264, 91, 743, 619, 511, 988, 424, 73, 389, 249, 77, 541, 993, 902, 778, 552, 899, 454, 939, 552]
Tree:
None

Fitness:
13.264964848895445