Generation:
1000

Phenotype:
+2.9E-0*KS(x[:,0], 5.8E-9,7.7E+7,None)+3.1E-7*KS(x[:,0], 9.9E+8,8.4E+5,None)

Genotype:
[329, 832, 496, 809, 735, 490, 580, 168, 189, 599, 897, 827, 540, 927, 958, 496, 848, 542, 601, 223, 417, 332, 479, 216, 178, 619, 994, 698, 435, 27, 795, 727, 918, 553, 509, 573, 499, 654, 221, 67, 902, 955, 680, 661, 679, 510, 434, 270, 670, 120, 830, 65, 178, 961, 407, 672, 92, 253, 654, 857, 29, 48, 658, 885, 107, 597, 380, 155, 218, 191, 33, 52, 221, 470, 553, 255, 564, 935, 614, 402, 778, 4, 718, 511, 783, 773, 998, 941, 754, 908]
Tree:
None

Fitness:
67.8556607503972