Generation:
1000

Phenotype:
+5.8E-1*KG(x[:,0], 6.0E-5,4.3E+1,None)+7.4E-1*KP(x[:,0], 2.4E+0,5.2E+4,0)

Genotype:
[901, 912, 931, 168, 753, 741, 842, 460, 347, 195, 381, 763, 528, 1, 832, 32, 122, 249, 74, 699, 461, 118, 894, 178, 220, 103, 542, 278, 584, 795, 834, 2, 317, 920, 831, 944, 857, 806, 474, 260, 681, 634, 656, 568, 349, 506, 922, 614, 500, 9, 116, 570, 681, 457, 182, 736, 554, 233, 850, 905, 465, 688, 378, 810, 542, 754, 556, 800, 492, 742, 620, 314, 988, 436, 425, 875, 370, 436, 654, 443, 652, 151, 534, 236, 179, 452, 273, 817, 564, 871]
Tree:
None

Fitness:
75.40549920256494