Generation:
1000

Phenotype:
+4.6E+1*KS(x[:,0], 5.2E-2,2.0E-8,None)+6.2E+0*KS(x[:,0], 5.8E-4,7.2E-1,None)-5.4E-6*KG(x[:,0], 2.9E-4,9.1E-2,None)

Genotype:
[251, 678, 669, 616, 428, 221, 373, 292, 731, 592, 559, 0, 927, 168, 759, 989, 702, 896, 732, 188, 730, 868, 668, 441, 614, 276, 132, 579, 221, 357, 258, 805, 238, 724, 289, 826, 541, 729, 449, 664, 836, 411, 179, 222, 742, 453, 35, 436, 163, 706, 151, 986, 706, 478, 703, 315, 822, 657, 803, 759, 432, 152, 550, 184, 789, 333, 952, 325, 129, 484, 355, 500, 815, 954, 328, 540, 909, 25, 98, 478, 132, 388, 282, 23, 45, 333, 28, 290, 505, 751, 754, 225, 169, 253, 999, 596, 390, 309, 935, 190, 72, 789, 31, 707, 205, 37, 792, 692, 969, 907, 945, 823, 553, 665, 863, 535, 138, 188, 693, 147, 756, 785, 635, 528, 750, 103, 148, 709, 906, 33, 901, 551, 995, 245, 736]
Tree:
None

Fitness:
27.192048159317885