Generation:
1000

Phenotype:
+8.6E-2*KS(x[:,0], 2.0E+6,9.4E-3,None)-3.4E-3*KP(x[:,0], 1.3E-0,7.5E-3,3)-3.9E-2*KG(x[:,0], 7.8E+0,8.8E-4,None)

Genotype:
[917, 774, 736, 566, 145, 712, 577, 400, 68, 136, 674, 304, 311, 273, 946, 549, 965, 875, 564, 151, 103, 450, 63, 907, 840, 708, 795, 291, 603, 943, 270, 379, 677, 379, 739, 692, 429, 688, 132, 60, 16, 738, 263, 84, 82, 744, 545, 543, 889, 425, 241, 59, 809, 259, 402, 533, 22, 417, 900, 921, 684, 985, 236, 815, 686, 101, 616]
Tree:
None

Fitness:
2.0722565223385234