Generation:
1000

Phenotype:
+9.9E+0*KS(x[:,0], 6.9E-1,4.9E-8,None)+3.3E+0*KG(x[:,0], 5.0E-2,9.9E-2,None)

Genotype:
[287, 270, 224, 789, 632, 980, 995, 179, 707, 71, 57, 669, 29, 918, 9, 918, 274, 119, 463, 618, 500, 247, 390, 47, 522, 710, 359, 817, 352, 604, 639, 979, 743, 110, 135, 502, 479, 843, 281, 219, 148, 678, 587, 509, 44, 955, 321, 874, 368, 200, 729, 149, 334, 851, 161, 490, 528, 954, 690, 286, 967, 833, 767, 371, 649, 541, 543, 183, 514, 192, 294, 719, 554, 124, 469, 634, 442, 403, 573, 173, 740, 253, 211, 318, 987, 90, 646, 370, 992, 177]
Tree:
None

Fitness:
12.041488862043888