Generation:
1000

Phenotype:
-5.2E-2*KP(x[:,0], 6.0E+0,4.0E+2,0)+9.9E-1*KG(x[:,0], 3.2E-0,9.9E-1,None)

Genotype:
[249, 681, 787, 432, 953, 492, 716, 0, 210, 820, 912, 110, 686, 442, 930, 648, 764, 512, 269, 125, 271, 767, 612, 233, 510, 854, 409, 777, 561, 499, 766, 94, 521, 549, 477, 932, 270, 636, 439, 131, 335, 518, 993, 479, 666, 39, 304, 497, 692, 272, 411, 82, 917, 137, 711, 760, 515, 662, 446, 791, 102, 19, 446, 396, 85, 78, 448, 325, 527, 218, 317, 612, 983, 642, 641, 998, 585, 21, 647, 213, 367, 905, 220, 429, 717, 638, 166, 391, 960, 211]
Tree:
None

Fitness:
0.0477908084367217