Generation:
1000

Phenotype:
+9.9E-1*KG(x[:,0], 3.0E-0,1.0E-0,None)-6.1E-2*KG(x[:,0], 4.0E-3,7.3E-4,None)

Genotype:
[295, 452, 791, 319, 607, 311, 119, 650, 693, 560, 387, 880, 163, 850, 455, 474, 117, 32, 711, 29, 842, 471, 890, 899, 463, 771, 883, 153, 674, 645, 564, 776, 972, 633, 795, 446, 663, 85, 133, 405, 119, 963, 181, 155, 362, 330, 20, 530, 441, 570, 659, 263, 382, 681, 499, 537, 881, 784, 565, 980, 803, 682, 138, 764, 165, 209, 235, 14, 873, 355, 626, 999, 209, 571, 689, 415, 623, 337, 245, 642, 418, 408, 932, 276, 258, 231, 586, 577, 759, 687]
Tree:
None

Fitness:
0.04720981920450582