Generation:
1000

Phenotype:
-6.5E-1*KS(x[:,0], 1.0E-9,3.8E-2,None)

Genotype:
[298, 949, 491, 25, 703, 311, 378, 770, 729, 919, 947, 668, 647, 972, 206, 507, 924, 204, 329, 0, 126, 813, 395, 753, 7, 717, 562, 57, 192, 80, 409, 956, 462, 29, 139, 576, 39, 206, 444, 719, 253, 108, 262, 416, 774, 941, 250, 406, 970, 783, 278, 102, 786, 132, 977, 447, 887, 775, 776, 903, 291, 919, 854, 699, 398, 794, 664, 727, 392, 341, 56, 889, 894, 243, 977, 231, 600, 148, 86, 631, 355, 327, 885, 294, 632, 293, 586, 586, 390, 312]
Tree:
None

Fitness:
2.347094698963702