Generation:
1000

Phenotype:
+9.9E-0*KS(x[:,0], 7.6E-1,3.1E-1,None)-1.6E-8*KS(x[:,0], 6.0E-5,5.9E-9,None)+1.4E+0*KG(x[:,0], 7.9E-5,2.1E+0,None)

Genotype:
[185, 378, 197, 19, 569, 390, 978, 206, 47, 341, 776, 11, 929, 201, 103, 881, 935, 198, 526, 39, 328, 140, 550, 841, 465, 922, 149, 247, 609, 674, 348, 982, 990, 104, 728, 600, 771, 229, 105, 995, 901, 871, 548, 640, 206, 320, 240, 31, 476, 481, 107, 66, 640, 882, 254, 432, 586, 258, 677, 341, 493, 252, 558, 138, 293, 310, 399, 556, 258, 127, 300, 958, 935, 564, 785, 758, 869, 507, 346, 142, 517, 154, 855, 356, 277, 191, 258, 456, 870, 220]
Tree:
None

Fitness:
13.706814758413852