Generation:
1000

Phenotype:
+1.2E+1*KS(x[:,0], 4.2E-1,2.3E-1,None)+6.6E-0*KG(x[:,0], 2.6E+0,2.0E-0,None)

Genotype:
[731, 238, 414, 452, 238, 771, 795, 852, 933, 71, 370, 353, 677, 481, 711, 306, 550, 50, 626, 1, 770, 712, 246, 928, 630, 703, 970, 215, 340, 375, 223, 380, 941, 288, 490, 610, 582, 871, 88, 835, 241, 629, 124, 750, 178, 890, 631, 499, 222, 390, 481, 673, 680, 200, 379, 789, 116, 630, 70, 73, 420, 755, 127, 943, 497, 540, 104, 351, 619, 537, 251, 234, 446, 220, 251, 19, 517, 459, 837, 117, 761, 414, 844, 730, 49, 720, 104, 310, 335, 303]
Tree:
None

Fitness:
3.839799842709934