Generation:
1000

Phenotype:
+9.9E-1*KG(x[:,0], 3.0E+0,1.0E-0,None)-6.6E-2*KS(x[:,0], 3.0E+0,3.1E-0,None)

Genotype:
[229, 688, 854, 209, 661, 771, 767, 660, 340, 430, 918, 630, 57, 620, 71, 202, 533, 401, 136, 721, 212, 452, 290, 656, 620, 434, 731, 379, 570, 321, 683, 220, 43, 291, 380, 21, 895, 332, 703, 44, 823, 18, 973, 332, 400, 882, 714, 600, 515, 607, 45, 734, 727, 853, 306, 180, 997, 80, 516, 493, 68, 91, 682, 337, 151, 246, 718, 485, 611, 900, 75, 119, 493, 659, 902, 761, 151, 548, 997, 152, 376, 117, 33, 88, 741, 272, 874, 716, 556, 35, 831, 649, 121, 931, 651, 771, 697, 737, 841, 92, 595, 941, 826, 876, 325, 541, 801, 777, 568, 539, 934, 743, 529, 403, 157, 100, 240, 806, 614, 251, 869, 513, 207, 276, 969, 216, 791, 205, 583, 31, 473, 733, 729, 348, 514, 270, 509, 796, 263, 69, 419, 339, 440, 42, 962, 307, 889, 721, 892, 593, 837, 316, 330, 923, 476, 571, 814]
Tree:
None

Fitness:
0.044954846938174586