Generation:
1000

Phenotype:
+9.8E-0*KS(x[:,0], 6.8E-1,3.4E-2,None)+2.6E+0*KG(x[:,0], 9.9E-3,1.0E-9,None)

Genotype:
[593, 522, 665, 968, 415, 880, 185, 468, 601, 321, 902, 514, 647, 102, 171, 642, 218, 568, 746, 900, 50, 692, 969, 247, 613, 45, 190, 649, 269, 705, 874, 411, 415, 277, 990, 753, 855, 682, 516, 924, 610, 995, 767, 38, 8, 174, 426, 119, 74, 248, 995, 625, 442, 620, 245, 723, 968, 687, 371, 151, 208, 442, 686, 605, 391, 277, 500, 745, 148, 720, 564, 461, 631, 43, 177, 852, 446, 263, 781, 476, 212, 228, 161, 641, 782, 50, 414, 717, 341, 774, 405, 114, 53, 514, 616, 637, 93, 496, 667, 410, 263, 881, 314, 588, 568, 913, 993, 315, 352, 318, 334, 569, 681, 827, 245, 781, 134, 748, 991, 420, 72, 2, 633, 940, 329, 786, 438, 952, 80, 9, 514, 0, 607, 569, 724, 127, 764, 833, 80, 988, 447, 748, 807, 335, 650, 822, 706, 764, 412, 598, 424, 277, 500, 414, 724, 402, 944]
Tree:
None

Fitness:
12.354801622001911