Generation:
1000

Phenotype:
+7.3E-0*KG(x[:,0], 4.4E-6,4.5E-5,None)-6.6E-9*KS(x[:,0], 2.5E-8,3.4E+2,None)

Genotype:
[559, 54, 879, 453, 431, 700, 912, 544, 969, 886, 750, 815, 131, 945, 984, 574, 495, 914, 806, 499, 359, 667, 25, 187, 48, 20, 234, 530, 972, 973, 673, 889, 532, 714, 772, 896, 254, 188, 876, 853, 205, 478, 716, 953, 452, 639, 373, 54, 142, 813, 515, 425, 483, 948, 500, 403, 263, 615, 754, 478, 297, 467, 247, 873, 4, 987, 198, 393, 711, 204, 292, 731, 428, 21, 345, 483, 25, 262, 196, 232, 975, 92, 911, 268, 805, 174, 495, 653, 796, 213]
Tree:
None

Fitness:
59.81212206065315