Generation:
1000

Phenotype:
+1.3E+1*KS(x[:,0], 5.4E-1,3.0E-1,None)-9.4E-5*KS(x[:,0], 6.3E-9,5.6E+1,None)-9.1E-1*KS(x[:,0], 8.2E-0,6.1E-6,None)

Genotype:
[635, 4, 342, 403, 660, 331, 211, 354, 969, 861, 425, 740, 789, 111, 488, 947, 977, 89, 314, 461, 405, 680, 283, 871, 639, 31, 286, 774, 961, 426, 886, 5, 575, 381, 113, 761, 574, 142, 687, 490, 617, 751, 905, 656, 637, 314, 748, 12, 927, 222, 152, 352, 682, 259, 261, 479, 213, 618, 6, 441, 884, 627, 153, 642, 286, 505, 460]
Tree:
None

Fitness:
12.601217238778432