Generation:
1000

Phenotype:
+9.9E-1*KG(x[:,0], 3.1E-0,9.9E-1,None)-6.1E-2*KP(x[:,0], 6.3E-8,2.4E-2,0)

Genotype:
[61, 480, 548, 269, 249, 791, 254, 871, 459, 210, 512, 639, 853, 61, 463, 212, 721, 725, 911, 729, 772, 320, 893, 515, 378, 748, 24, 267, 922, 970, 989, 247, 340, 344, 132, 343, 306, 27, 256, 865, 889, 358, 133, 370, 249, 63, 879, 948, 320, 191, 361, 624, 498, 885, 628, 452, 486, 287, 676, 2, 309, 313, 781, 712, 994, 891, 678, 571, 623, 211, 746, 13, 777, 996, 716, 660, 433, 56, 700, 414, 862, 427, 594, 170, 110, 821, 862, 834, 887, 691]
Tree:
None

Fitness:
0.0475943661938737