Generation:
1000

Phenotype:
+9.6E-0*KS(x[:,0], 7.2E-1,5.2E-2,None)+2.6E-0*KG(x[:,0], 9.9E-3,3.4E-9,None)

Genotype:
[665, 602, 35, 326, 215, 480, 141, 852, 187, 101, 598, 762, 235, 92, 49, 18, 364, 208, 576, 863, 610, 26, 809, 339, 993, 56, 564, 199, 469, 566, 339, 181, 467, 283, 59, 573, 711, 511, 350, 467, 627, 402, 6, 499, 460, 407, 190, 172, 241, 753, 512, 976, 963, 868, 174, 689, 91, 759, 743, 866, 132, 493, 525, 345, 92, 658, 321, 863, 28, 748, 964, 159, 833, 605, 645, 457, 172, 668, 229, 583, 789, 971, 711, 116, 48, 355, 937, 838, 499, 676, 920, 426, 748, 877, 603, 517, 117, 447, 633, 960, 438, 844, 675, 962, 464, 324, 61, 764, 906, 538, 353, 622, 583, 379, 923, 264, 848, 954, 673, 806, 390, 761, 347, 58, 328, 179, 724, 187, 913, 918, 632, 818, 499, 104, 8, 824, 436, 619, 793, 48, 516, 924, 16, 984, 227, 135, 617, 428, 705, 58, 128, 926, 105, 718, 272, 126, 404, 81, 848, 85, 381, 323, 228, 631, 434, 633, 406, 624, 198, 792, 467, 667, 105, 168, 804, 274, 782, 555, 918, 571]
Tree:
None

Fitness:
12.350876162636263