Generation:
1000

Phenotype:
+6.4E+0*KS(x[:,0], 1.5E+7,9.1E-0,None)+5.7E+3*KS(x[:,0], 7.2E-6,2.9E-4,None)

Genotype:
[527, 810, 302, 704, 340, 410, 837, 425, 236, 277, 683, 631, 351, 620, 664, 286, 642, 976, 167, 612, 813, 915, 512, 869, 246, 1, 399, 477, 294, 480, 652, 988, 348, 312, 430, 590, 509, 810, 194, 473, 420, 522, 227, 525, 586, 827, 733, 256, 606, 496, 558, 538, 359, 354, 6, 559, 976, 702, 74, 840, 53, 96, 777, 163, 337, 164, 768, 276, 487, 233, 235, 201, 695, 112, 900, 967, 796, 847, 301, 474, 910, 864, 542, 267, 143, 811, 256, 878, 448, 765, 421, 332, 750, 479, 808, 477, 110, 988, 886, 222, 59, 477, 952, 644, 505, 588, 666, 595, 226, 954, 291, 345, 761, 808, 478, 623, 966, 894, 723, 776, 839, 899, 847, 473, 968, 453, 499, 952, 719, 512, 715, 993, 198, 873, 850, 186, 247, 69, 833, 525, 338, 127, 484, 520, 243, 614, 219, 29, 992, 840, 117, 619, 277, 762, 83, 953, 870, 273, 533, 529, 877, 35, 485, 88, 954, 414, 847, 269, 274, 104, 314, 293, 875, 64, 179, 73, 859, 999, 108, 808]
Tree:
None

Fitness:
35.487035529189924