Generation:
1000

Phenotype:
+1.1E-0*KG(x[:,0], 3.2E-0,9.9E-1,None)-8.9E-2*KG(x[:,0], 8.0E-2,6.5E-9,None)

Genotype:
[661, 538, 783, 521, 693, 930, 956, 122, 477, 1000, 782, 889, 955, 491, 768, 90, 489, 448, 619, 505, 192, 853, 40, 211, 62, 896, 435, 167, 749, 487, 975, 48, 653, 130, 32, 73, 857, 736, 830, 630, 237, 922, 556, 243, 590, 842, 542, 38, 728, 434, 785, 709, 901, 880, 647, 93, 527, 737, 50, 33, 554, 589, 594, 797, 37, 989, 310, 559, 119, 348, 523, 245, 686, 222, 506, 138, 862, 703, 579, 934, 456, 308, 266, 890, 584, 746, 466, 551, 769, 668]
Tree:
None

Fitness:
0.030985860297396212