Generation:
1000

Phenotype:
+5.0E+3*KP(x[:,0], 7.4E-7,1.4E-2,3)+2.1E-2*KP(x[:,0], 3.4E-5,7.9E+3,0)

Genotype:
[357, 142, 580, 290, 848, 943, 573, 604, 529, 267, 297, 904, 435, 672, 153, 782, 510, 289, 351, 91, 592, 488, 14, 879, 735, 843, 169, 294, 883, 240, 79, 23, 672, 86, 334, 47, 116, 897, 551, 35, 245, 526, 326, 85, 384, 444, 745, 906, 774, 48, 277, 193, 242, 785, 435, 881, 385, 46, 629, 807, 497, 454, 70, 232, 493, 544, 653, 57, 482, 366, 740, 636, 786, 13, 817, 764, 556, 618, 801, 355, 124, 407, 129, 285, 61, 474, 648, 842, 997, 885, 566, 167, 39, 601, 932, 958, 332, 569, 144, 130, 629, 758, 182, 599, 681, 363, 833, 498, 657, 961, 493, 183, 130, 164, 793, 273, 652, 259, 384, 129, 249, 3, 695, 955, 21, 668, 391, 977, 882, 277, 859, 770, 454, 244, 184, 530, 510, 242, 886, 854, 572, 734, 805, 725, 169, 850, 598, 62, 269, 256, 472, 745, 308, 803, 348, 61, 114, 810, 834, 918, 565, 999, 573, 84, 52, 652, 379, 102, 517, 870, 69, 297, 682, 139, 736, 906, 15, 977, 413, 746]
Tree:
None

Fitness:
81.78800966309254