Generation:
1000

Phenotype:
+5.3E-8*KS(x[:,0], 8.3E+3,1.6E+7,None)+7.1E-3*KS(x[:,0], 5.9E+8,9.6E-6,None)

Genotype:
[119, 72, 733, 213, 669, 178, 358, 433, 78, 423, 999, 886, 926, 897, 518, 658, 656, 555, 991, 861, 273, 166, 759, 466, 608, 908, 436, 677, 576, 721, 942, 22, 251, 138, 165, 583, 542, 894, 642, 712, 176, 543, 584, 28, 570, 67, 876, 546, 113, 281, 980, 813, 357, 508, 124, 665, 389, 879, 419, 22, 77, 784, 32, 885, 456, 883, 956, 903, 751, 600, 813, 711, 126, 169, 961, 726, 642, 594, 69, 521, 902, 76, 145, 434, 6, 139, 197, 496, 733, 21, 95, 669, 856, 414, 36, 232, 416, 970, 158, 468, 881, 876, 916, 527, 557, 115, 475, 877, 381, 911, 903, 633, 96, 1000, 853, 27, 365, 91, 58, 155, 196, 901, 574, 172, 490, 786, 684, 935, 635, 164, 237, 957, 399, 643, 229]
Tree:
None

Fitness:
81.92000526218933