Generation:
1000

Phenotype:
-5.0E+4*KS(x[:,0], 2.2E-7,4.1E-9,None)+9.7E-2*KS(x[:,0], 8.4E+1,8.3E-3,None)+6.4E-8*KG(x[:,0], 6.1E-2,2.4E+0,None)

Genotype:
[407, 129, 886, 390, 648, 644, 748, 202, 71, 47, 210, 611, 119, 859, 791, 851, 758, 548, 427, 827, 432, 817, 584, 818, 101, 70, 103, 617, 913, 591, 210, 382, 338, 774, 697, 428, 167, 321, 267, 422, 136, 364, 908, 990, 159, 153, 734, 128, 397, 144, 891, 63, 891, 168, 964, 729, 822, 333, 811, 870, 985, 60, 480, 849, 658, 348, 422, 14, 886, 27, 412, 31, 441, 947, 63, 831, 407, 245, 364, 699, 594, 520, 772, 532, 830, 573, 665, 303, 751, 331]
Tree:
None

Fitness:
2.319514714039118