Generation:
1000

Phenotype:
-5.1E+1*KP(x[:,0], 8.7E-2,3.0E-9,4)+8.9E-2*KS(x[:,0], 5.9E+0,2.4E-8,None)

Genotype:
[129, 409, 769, 121, 924, 961, 169, 507, 553, 22, 2, 560, 87, 659, 994, 988, 16, 511, 289, 749, 852, 580, 659, 270, 340, 802, 624, 221, 608, 252, 133, 378, 562, 843, 235, 449, 127, 198, 900, 909, 425, 899, 309, 958, 523, 666, 519, 981, 406, 674, 791, 162, 137, 554, 241, 344, 878, 974, 894, 699, 599, 822, 751, 40, 505, 366, 791, 465, 42, 635, 950, 958, 340, 651, 718, 43, 398, 219, 820, 151, 99, 547, 199, 670, 375, 671, 232, 995, 607, 948, 778, 719, 859, 310, 872, 32, 433, 211, 403, 256, 391, 320, 397, 921, 3, 924, 37, 249, 875, 476, 404, 795]
Tree:
None

Fitness:
2.0924657485663953