Generation:
1000

Phenotype:
+3.2E+2*KS(x[:,0], 9.4E-3,3.6E-4,None)+9.8E+0*KG(x[:,0], 1.3E-0,1.9E-0,None)

Genotype:
[527, 260, 623, 972, 650, 842, 953, 934, 797, 143, 398, 66, 669, 804, 527, 834, 74, 98, 528, 536, 380, 180, 463, 417, 410, 198, 129, 187, 660, 664, 197, 831, 861, 970, 766, 380, 257, 234, 511, 41, 568, 673, 418, 885, 226, 270, 659, 127, 439, 186, 752, 823, 932, 838, 843, 36, 751, 743, 689, 46, 459, 842, 902, 892, 507, 678, 561, 472, 698, 721, 587, 392, 409, 343, 938, 412, 517, 379, 222, 944, 31, 825, 391, 591, 477, 333, 529, 145, 479, 817]
Tree:
None

Fitness:
9.555960913529544