Generation:
1000

Phenotype:
+7.0E-9*KG(x[:,0], 2.4E-9,5.6E+1,None)+4.7E-2*KS(x[:,0], 7.7E+6,2.7E+1,None)

Genotype:
[751, 440, 546, 690, 683, 439, 64, 774, 189, 109, 913, 746, 0, 631, 463, 34, 208, 246, 277, 573, 792, 150, 707, 492, 496, 712, 77, 290, 521, 798, 296, 807, 302, 268, 38, 996, 317, 569, 332, 272, 80, 418, 162, 835, 691, 614, 104, 122, 679, 452, 753, 416, 879, 913, 564, 573, 137, 484, 120, 515, 753, 360, 169, 223, 143, 910, 460, 35, 938, 466, 855, 147, 400, 629, 478, 19, 907, 883, 371, 775, 197, 763, 781, 926, 512, 350, 973, 597, 815, 954]
Tree:
None

Fitness:
2.3238780766147835