Generation:
1000

Phenotype:
+9.9E-1*KG(x[:,0], 3.1E-0,9.9E-1,None)-5.9E-2*KG(x[:,0], 8.9E-5,2.4E+0,None)

Genotype:
[607, 944, 377, 689, 623, 891, 128, 771, 999, 730, 467, 529, 903, 931, 580, 768, 585, 985, 69, 439, 472, 196, 359, 303, 765, 964, 154, 942, 250, 503, 985, 540, 990, 523, 427, 876, 81, 933, 546, 552, 779, 905, 222, 40, 355, 700, 667, 341, 569, 609, 777, 358, 322, 962, 763, 744, 403, 666, 968, 682, 752, 354, 825, 358, 784, 272, 455, 873, 272, 17, 743, 499, 270, 814, 918, 418, 407, 178, 159, 152, 979, 980, 463, 388, 752, 768, 627, 598, 866, 748]
Tree:
None

Fitness:
0.04762770505820394