Generation:
1000

Phenotype:
-7.2E-3*KP(x[:,0], 8.4E-8,7.4E-1,4)

Genotype:
[74, 527, 897, 992, 873, 803, 43, 564, 537, 888, 15, 274, 163, 841, 629, 72, 725, 508, 556, 835, 360, 91, 508, 946, 853, 554, 272, 783, 841, 953, 711, 688, 62, 206, 698, 26, 268, 933, 201, 606, 85, 673, 39, 652, 58, 576, 950, 461, 914, 910, 515, 333, 390, 6, 277, 270, 616, 842, 697, 628, 566, 198, 546, 784, 349, 736, 710, 489, 839, 896, 965, 528, 198, 318, 780, 122, 847, 341, 476, 921, 339, 715, 756, 458, 107, 506, 414, 171, 575, 397, 149, 347, 725, 790, 911, 640, 212, 329, 644, 413, 882, 287, 889, 130, 751, 160, 653, 988, 283, 241, 168, 627, 308, 526, 484, 921, 691, 828, 463, 791, 971, 356, 724, 509, 573, 718, 752, 423, 892, 521, 212, 900, 929, 758, 561]
Tree:
None

Fitness:
2.4319088406340392