Generation:
1000

Phenotype:
+9.8E+0*KS(x[:,0], 6.0E-1,2.7E-4,None)+3.7E+0*KG(x[:,0], 8.8E-2,9.8E-1,None)

Genotype:
[971, 18, 818, 458, 206, 110, 572, 440, 865, 911, 901, 147, 825, 954, 556, 138, 512, 947, 507, 404, 150, 277, 488, 911, 522, 836, 958, 363, 161, 554, 508, 297, 836, 685, 340, 28, 428, 850, 681, 3, 908, 815, 598, 765, 625, 140, 645, 57, 278, 627, 478, 350, 33, 185, 978, 968, 335, 681, 558, 780, 763, 30, 885, 935, 45, 139, 336, 68, 823, 754, 992, 984, 104, 683, 912, 266, 202, 274, 175, 308, 42, 139, 732, 354, 3, 852, 214, 865, 939, 412, 311, 946, 70, 349, 65, 216, 875, 450, 58, 76, 37, 629, 55, 830, 319, 917, 769, 303, 62, 530, 955, 329, 661, 550, 780, 995, 11, 423, 107, 8, 623, 409, 180, 733, 720, 43, 293, 297, 104, 947, 220, 781, 582, 141, 579, 981, 710, 892, 542, 101, 888, 515, 529, 551, 543, 894, 4, 363, 896, 790, 794, 658, 244, 271, 195, 753, 298]
Tree:
None

Fitness:
11.88329226074202