Generation:
1000

Phenotype:
+9.9E-1*KG(x[:,0], 3.9E+0,9.9E-1,None)-3.7E+6*KP(x[:,0], 4.4E-3,8.2E-5,4)

Genotype:
[613, 20, 953, 189, 765, 631, 416, 9, 920, 290, 350, 569, 635, 751, 83, 458, 383, 920, 667, 412, 736, 30, 414, 601, 933, 439, 432, 121, 905, 719, 863, 512, 934, 790, 820, 655, 116, 562, 625, 309, 900, 631, 723, 8, 513, 794, 970, 410, 719, 527, 101, 966, 205, 812, 163, 349, 811, 325, 917, 487, 846, 528, 154, 123, 301, 405, 593, 744, 387, 582, 392, 665, 237, 681, 499, 608, 239, 47, 474, 590, 186, 506, 282, 352, 71, 457, 437, 23, 513, 964, 282, 71, 103, 874, 671, 275, 115, 418, 802, 629, 407, 964, 985, 150, 660, 888, 573, 119, 722, 182, 846, 325, 512, 63, 398, 142, 150, 964, 107, 509, 340, 339, 926, 34, 785, 609, 841, 469, 645, 680, 809, 496, 952, 584, 725]
Tree:
None

Fitness:
0.21304787405331954