Generation:
1000

Phenotype:
+8.9E-0*KS(x[:,0], 8.4E-1,9.8E-2,None)+5.7E+2*KS(x[:,0], 9.4E-5,5.6E-3,None)-2.5E-4*KS(x[:,0], 1.4E+8,8.1E+9,None)-7.3E-1*KS(x[:,0], 2.6E-8,1.0E+2,None)

Genotype:
[251, 768, 259, 919, 415, 880, 988, 584, 971, 791, 665, 908, 47, 692, 886, 347, 822, 58, 847, 434, 502, 908, 224, 713, 95, 625, 186, 497, 743, 13, 611, 851, 721, 475, 591, 434, 207, 894, 626, 638, 385, 541, 320, 319, 720, 520, 585, 51, 253, 527, 131, 847, 696, 803, 888, 990, 610, 276, 482, 843, 147, 368, 705, 884, 590, 824, 38, 606, 607, 512, 190, 626, 727, 823, 946, 912, 629, 702, 209, 265, 81, 785, 823, 451, 397, 700, 457, 921, 280, 168]
Tree:
None

Fitness:
12.87778790974347