Generation:
1000

Phenotype:
+9.9E-1*KG(x[:,0], 3.1E-0,9.9E-1,None)-6.5E-2*KS(x[:,0], 5.9E-0,6.1E-0,None)

Genotype:
[385, 462, 503, 329, 151, 581, 686, 531, 555, 230, 431, 749, 269, 781, 129, 712, 535, 986, 245, 859, 742, 949, 69, 383, 910, 986, 881, 363, 360, 794, 445, 307, 606, 617, 222, 467, 810, 753, 366, 937, 817, 124, 798, 727, 832, 868, 482, 940, 825, 982, 62, 12, 652, 166, 464, 997, 674, 104, 713, 990, 651, 232, 719, 983, 305, 316, 598, 218, 59, 49, 915, 44, 658, 530, 981, 154, 736, 344, 495, 387, 127, 399, 850, 902, 894, 216, 257, 475, 383, 82, 516, 746, 513, 923, 448, 588, 783, 718, 751, 35, 278, 344, 362, 694, 694, 324, 592, 957, 389, 718, 90, 304]
Tree:
None

Fitness:
0.0458910496877443