Generation:
1000

Phenotype:
+9.9E-1*KG(x[:,0], 2.9E-0,9.9E-1,None)-9.7E-2*KS(x[:,0], 4.7E+2,1.0E+8,None)+3.1E-2*KS(x[:,0], 8.3E-3,3.2E+4,None)

Genotype:
[625, 236, 287, 359, 879, 211, 523, 729, 857, 580, 242, 159, 335, 911, 788, 521, 81, 773, 287, 763, 222, 741, 647, 432, 792, 171, 500, 8, 418, 69, 502, 438, 722, 451, 577, 102, 655, 83, 183, 3, 704, 42, 674, 264, 858, 302, 702, 127, 329, 118, 309, 244, 689, 893, 990, 731, 984, 144, 605, 134, 586, 929, 732, 893, 82, 359, 518]
Tree:
None

Fitness:
0.04811672061836388