Generation:
1000

Phenotype:
+9.9E-1*KG(x[:,0], 3.1E-0,9.9E-1,None)-6.6E-2*KS(x[:,0], 4.1E-0,4.3E+0,None)

Genotype:
[709, 482, 746, 609, 853, 501, 407, 111, 385, 990, 395, 679, 785, 941, 713, 388, 129, 734, 916, 739, 972, 102, 391, 789, 170, 930, 223, 96, 980, 604, 445, 826, 827, 80, 408, 739, 37, 588, 610, 704, 577, 356, 393, 670, 194, 226, 429, 76, 644, 357, 476, 54, 106, 455, 644, 888, 519, 453, 529, 886, 879, 561, 218, 737, 218, 608, 465, 888, 466, 157, 671, 538, 781, 903, 966, 490, 419, 414, 417, 46, 227, 595, 962, 444, 91, 395, 662, 771, 934, 294]
Tree:
None

Fitness:
0.04552958165464578