Generation:
1000

Phenotype:
-3.1E-4*KP(x[:,0], 6.2E-2,5.6E-0,3)+6.9E-3*KS(x[:,0], 8.3E+8,5.2E-2,None)+9.9E-1*KG(x[:,0], 3.1E+0,9.9E-1,None)

Genotype:
[297, 965, 578, 311, 635, 114, 113, 32, 959, 562, 778, 186, 911, 540, 568, 593, 276, 986, 869, 817, 643, 52, 223, 102, 808, 580, 822, 911, 432, 979, 210, 644, 197, 149, 929, 891, 326, 701, 562, 1000, 125, 429, 91, 591, 418, 10, 925, 440, 197, 249, 78, 845, 64, 463, 710, 929, 890, 796, 255, 480, 69, 351, 870, 947, 39, 690, 225, 160, 935, 828, 206, 728, 489, 912, 841, 290, 364, 807, 276, 234, 457, 993, 480, 197, 614, 623, 381, 837, 314, 337]
Tree:
None

Fitness:
0.047083600299356265