Generation:
1000

Phenotype:
+9.9E+0*KS(x[:,0], 6.7E-1,1.6E-1,None)+9.7E-1*KS(x[:,0], 1.0E-3,8.5E-0,None)+8.9E-1*KG(x[:,0], 2.2E-7,6.0E-5,None)

Genotype:
[893, 850, 881, 189, 760, 500, 473, 757, 101, 571, 315, 396, 437, 331, 701, 653, 476, 296, 417, 949, 801, 396, 640, 521, 633, 439, 775, 339, 900, 698, 996, 786, 34, 889, 81, 971, 586, 402, 265, 717, 284, 580, 821, 395, 778, 671, 803, 412, 480, 151, 378, 90, 50, 313, 670, 123, 638, 205, 709, 776, 778, 914, 823, 290, 883, 606, 253]
Tree:
None

Fitness:
12.497540379984434