Generation:
1000

Phenotype:
+4.9E-0*KG(x[:,0], 4.6E-5,7.5E-8,None)+1.0E-0*KS(x[:,0], 9.1E-0,7.7E-6,None)

Genotype:
[757, 184, 660, 829, 313, 310, 174, 376, 405, 535, 78, 575, 497, 448, 542, 436, 578, 801, 40, 355, 510, 719, 31, 549, 770, 132, 117, 515, 86, 724, 263, 835, 828, 353, 437, 218, 555, 15, 959, 612, 673, 89, 872, 634, 254, 98, 874, 443, 733, 601, 491, 412, 816, 645, 782, 39, 430, 39, 639, 712, 465, 312, 146, 64, 62, 918, 747, 866, 506, 423, 647, 802, 276, 324, 989, 716, 102, 796, 448, 804, 948, 8, 468, 475, 146, 641, 33, 880, 476, 943, 499, 683, 270, 398, 243, 156, 525, 155, 497, 214, 681, 869, 341, 557, 161, 292, 691, 609, 161, 52, 720, 962]
Tree:
None

Fitness:
53.503891025083156