Generation:
1000

Phenotype:
+9.9E+0*KS(x[:,0], 6.5E-1,3.9E-1,None)

Genotype:
[952, 492, 368, 549, 976, 840, 239, 45, 125, 311, 659, 929, 89, 341, 592, 909, 853, 492, 73, 253, 54, 351, 643, 170, 857, 736, 325, 50, 287, 331, 249, 271, 356, 648, 715, 243, 684, 469, 213, 659, 907, 963, 771, 245, 897, 603, 906, 566, 232, 668, 898, 89, 825, 191, 308, 222, 105, 297, 874, 297, 23, 957, 681, 792, 122, 679, 410, 832, 462, 983, 537, 240, 295, 836, 889, 988, 389, 739, 76, 976, 276, 306, 923, 606, 309, 47, 566, 843, 967, 913, 584, 525, 888, 603, 56, 907, 39, 661, 1, 734, 643, 549, 6, 224, 578, 678, 713, 91, 524, 595, 516, 556, 157, 135, 405, 689, 573, 779, 11, 879, 395, 890, 548, 647, 984, 485, 283, 261, 127, 341, 41, 683, 12, 77, 608, 899, 860, 465, 424, 150, 701, 637, 706, 254, 234, 852, 333, 905, 477, 95, 666, 46, 868, 644, 863, 100, 595, 349, 305, 526, 117, 928, 654, 1000, 641, 644, 23, 820, 35, 199, 351, 583, 224, 437, 1, 53, 878, 552, 668, 523]
Tree:
None

Fitness:
18.045831446534375