Generation:
1000

Phenotype:
+1.5E-2*KS(x[:,0], 5.3E-4,8.3E-6,None)+9.3E-3*KS(x[:,0], 4.6E+6,9.7E-0,None)+4.0E-5*KS(x[:,0], 7.8E-6,8.0E+3,None)

Genotype:
[593, 940, 765, 95, 339, 362, 958, 813, 171, 914, 412, 203, 751, 56, 913, 851, 494, 530, 953, 145, 233, 840, 206, 734, 726, 962, 517, 107, 730, 965, 808, 952, 246, 550, 745, 295, 780, 518, 493, 746, 403, 650, 206, 683, 784, 219, 466, 227, 562, 104, 619, 826, 455, 941, 752, 269, 832, 135, 728, 706, 211, 103, 802, 527, 104, 555, 522, 540, 906, 712, 821, 20, 946, 401, 352, 357, 983, 46, 157, 615, 185, 885, 625, 486, 475, 134, 827, 814, 358, 62, 957, 855, 856, 786, 45, 462, 361, 164, 422, 528, 887, 742, 261, 807, 450, 310, 410, 506, 572, 144, 338, 511]
Tree:
None

Fitness:
2.4653995222307534