Generation:
1000

Phenotype:
+9.9E-1*KG(x[:,0], 3.0E+0,9.9E-1,None)-6.0E-2*KG(x[:,0], 8.9E-6,6.9E-5,None)-8.4E-3*KS(x[:,0], 2.9E+8,1.9E+8,None)+1.9E-7*KG(x[:,0], 3.5E-8,7.8E-8,None)

Genotype:
[277, 284, 746, 149, 973, 1, 308, 940, 128, 360, 251, 39, 387, 871, 80, 925, 181, 149, 220, 137, 782, 520, 819, 657, 646, 536, 169, 743, 245, 934, 371, 311, 538, 994, 907, 623, 109, 59, 980, 498, 540, 829, 898, 638, 508, 744, 920, 369, 359, 633, 47, 452, 65, 123, 738, 546, 118, 133, 998, 177, 20, 677, 323, 278, 588, 177, 374, 773, 119, 49, 620, 392, 398, 245, 2, 918, 710, 976, 859, 99, 545, 444, 400, 800, 811, 689, 942, 460, 520, 199, 567, 497, 384, 758, 535, 679, 124, 792, 761, 776, 358, 432, 915, 626, 834, 541, 686, 18, 600, 417, 286, 317, 868, 62, 146, 106, 297, 466, 213, 366, 265, 585, 789, 901, 172, 35, 2, 841, 558, 314, 944, 800, 5, 666, 246]
Tree:
None

Fitness:
0.046273345854412194