Generation:
1000

Phenotype:
+9.9E-2*KS(x[:,0], 3.5E+0,8.0E-7,None)-9.6E+2*KS(x[:,0], 8.7E-5,4.4E-7,None)+9.9E-2*KS(x[:,0], 2.4E+0,2.4E-9,None)

Genotype:
[641, 880, 908, 609, 163, 242, 533, 535, 900, 640, 889, 320, 683, 537, 180, 995, 283, 818, 336, 506, 972, 709, 57, 997, 595, 921, 824, 177, 607, 895, 304, 256, 449, 109, 731, 792, 1, 554, 228, 660, 622, 994, 275, 769, 695, 148, 591, 715, 572, 593, 932, 139, 153, 431, 537, 552, 456, 810, 280, 954, 47, 36, 342, 695, 250, 639, 278, 180, 643, 904, 556, 488, 79, 899, 178, 92, 293, 330, 117, 835, 920, 539, 339, 984, 698, 697, 299, 702, 113, 503, 289, 543, 694, 580, 946, 625, 234, 669, 279, 346, 219, 674, 717, 843, 706, 650, 462, 173, 765, 984, 911, 806, 272, 670, 903, 864, 235, 314, 436, 11, 768, 205, 509, 229, 693, 789, 135, 458, 798, 34, 133, 924, 640, 904, 133]
Tree:
None

Fitness:
1.9814645581943837