Generation:
1000

Phenotype:
-6.5E-1*KS(x[:,0], 5.3E-3,9.5E+7,None)+1.0E+1*KS(x[:,0], 4.7E-9,4.8E-0,None)

Genotype:
[605, 615, 725, 755, 785, 981, 490, 33, 123, 773, 71, 65, 384, 397, 937, 58, 842, 63, 420, 532, 311, 705, 7, 81, 299, 273, 838, 121, 80, 752, 670, 548, 445, 86, 324, 859, 900, 794, 247, 39, 187, 761, 398, 227, 81, 968, 690, 512, 715, 275, 342, 638, 609, 182, 631, 10, 10, 359, 855, 716, 383, 239, 656, 65, 467, 337, 928, 762, 531, 397, 509, 304, 510, 384, 396, 910, 833, 146, 499, 291, 370, 725, 16, 713, 80, 907, 824, 58, 987, 304, 811, 203, 694, 269, 304, 593, 344, 356, 939, 935, 99, 239, 984, 647, 844, 993, 834, 141, 381, 394, 200, 464, 374, 603, 281, 801, 917, 41, 640, 578, 384, 325, 731, 22, 486, 581, 903, 14, 565, 355, 65, 538, 482, 778, 719]
Tree:
None

Fitness:
60.897822533621266