Generation:
1000

Phenotype:
+9.9E+0*KS(x[:,0], 6.7E-1,2.1E-2,None)+2.9E-0*KG(x[:,0], 3.4E-2,3.9E-1,None)-9.7E-2*KS(x[:,0], 8.3E+3,4.2E-3,None)

Genotype:
[875, 394, 350, 479, 252, 600, 275, 547, 219, 941, 316, 881, 827, 402, 487, 577, 462, 469, 849, 135, 300, 974, 754, 191, 542, 164, 729, 859, 641, 106, 970, 765, 314, 657, 441, 272, 313, 913, 610, 283, 210, 892, 569, 63, 241, 8, 91, 379, 122, 410, 485, 51, 292, 563, 414, 431, 929, 394, 657, 175, 912, 44, 782, 841, 763, 138, 916]
Tree:
None

Fitness:
11.973583743438144