Generation:
1000

Phenotype:
+9.9E+0*KS(x[:,0], 7.1E-1,8.3E-6,None)+3.6E+0*KG(x[:,0], 5.3E-2,1.4E-4,None)

Genotype:
[935, 440, 8, 649, 462, 860, 879, 101, 99, 421, 133, 183, 163, 546, 350, 534, 172, 812, 366, 700, 800, 859, 603, 605, 412, 459, 184, 783, 744, 563, 206, 593, 16, 28, 448, 740, 486, 126, 685, 821, 585, 722, 752, 87, 101, 908, 313, 529, 402, 876, 754, 659, 207, 349, 603, 982, 164, 457, 748, 339, 950, 590, 959, 660, 942, 677, 573, 441, 193, 702, 480, 27, 904, 622, 213, 185, 294, 386, 691, 264, 27, 946, 125, 306, 16, 554, 378, 332, 204, 742]
Tree:
None

Fitness:
12.366100737791562