Generation:
1000

Phenotype:
+9.9E-1*KG(x[:,0], 3.0E+0,9.9E-1,None)-5.7E-2*KS(x[:,0], 4.4E+0,6.8E+1,None)+4.2E-3*KS(x[:,0], 3.7E-0,6.9E-6,None)

Genotype:
[703, 414, 746, 609, 485, 411, 875, 260, 268, 760, 665, 39, 941, 981, 680, 281, 87, 733, 997, 507, 442, 309, 634, 22, 740, 977, 148, 696, 971, 178, 202, 552, 57, 292, 235, 503, 479, 967, 569, 530, 419, 549, 109, 806, 200, 5, 702, 219, 651, 670, 532, 99, 578, 594, 13, 638, 188, 492, 919, 247, 147, 902, 163, 932, 411, 544, 241, 900, 903, 29, 569, 942, 252, 975, 526, 786, 186, 386, 228, 348, 174, 89, 905, 341, 327, 390, 904, 504, 884, 49, 185, 946, 288, 625, 275, 679, 109, 678, 473, 819, 73, 96, 635, 797, 945, 882, 247, 265, 512, 72, 800, 983]
Tree:
None

Fitness:
0.047543179377948275