Generation:
1000

Phenotype:
+1.0E+0*KG(x[:,0], 4.1E-0,9.9E-1,None)

Genotype:
[558, 818, 207, 280, 996, 850, 264, 771, 235, 1000, 89, 219, 449, 291, 917, 190, 658, 203, 47, 19, 793, 710, 836, 350, 589, 340, 745, 766, 427, 542, 149, 381, 48, 379, 676, 436, 752, 991, 855, 380, 59, 631, 196, 937, 375, 698, 491, 864, 964, 954, 744, 677, 738, 859, 714, 234, 137, 785, 212, 929, 314, 519, 505, 549, 53, 459, 145, 15, 38, 921, 887, 850, 967, 881, 404, 768, 566, 478, 283, 498, 458, 164, 813, 830, 630, 505, 795, 988, 849, 705, 981, 391, 192, 742, 120, 449, 166, 774, 847, 275, 873, 702, 610, 873, 712, 819, 980, 277, 599, 611, 218, 122]
Tree:
None

Fitness:
0.322259425194843