Generation:
1000

Phenotype:
+1.1E+0*KG(x[:,0], 3.3E-0,9.9E-1,None)-8.4E-2*KG(x[:,0], 7.2E-6,4.7E-9,None)

Genotype:
[727, 680, 576, 71, 838, 660, 461, 903, 203, 480, 278, 599, 741, 701, 903, 936, 309, 790, 244, 33, 292, 285, 882, 737, 306, 219, 537, 843, 149, 628, 749, 42, 640, 43, 697, 494, 256, 306, 399, 647, 37, 791, 205, 982, 498, 430, 214, 823, 751, 625, 729, 249, 698, 715, 445, 244, 709, 985, 37, 450, 820, 874, 24, 734, 438, 444, 49, 720, 121, 802, 32, 353, 149, 526, 642, 185, 416, 813, 865, 19, 326, 929, 871, 414, 761, 758, 938, 652, 190, 37, 899, 53, 1, 950, 816, 4, 534, 8, 963, 568, 282, 50, 647, 875, 598, 467, 817, 89, 110, 427, 951, 805, 128, 39, 610, 372, 892, 577, 182, 555, 580, 637, 309, 979, 550, 809, 715, 33, 874, 379, 684, 277, 321, 655, 497, 819, 155, 643, 493, 992, 796, 59, 512, 492, 655, 990, 763, 649, 732, 863, 712, 69, 68, 634, 396, 964, 738]
Tree:
None

Fitness:
0.032339902542150314