Generation:
1000

Phenotype:
+1.2E+1*KS(x[:,0], 5.0E-1,3.0E-1,None)

Genotype:
[148, 964, 801, 42, 360, 371, 886, 900, 699, 341, 965, 300, 267, 301, 850, 516, 228, 854, 207, 237, 637, 260, 480, 272, 682, 148, 201, 781, 717, 796, 149, 590, 377, 667, 721, 108, 543, 347, 558, 354, 464, 77, 238, 80, 694, 507, 990, 860, 878, 470, 863, 557, 319, 808, 901, 416, 727, 407, 454, 59, 461, 460, 778, 596, 832, 841, 55, 646, 432, 880, 729, 263, 23, 63, 188, 993, 843, 430, 365, 591, 164, 607, 623, 719, 585, 602, 836, 733, 726, 679]
Tree:
None

Fitness:
13.212228486581271