Generation:
1000

Phenotype:
+5.0E-2*KS(x[:,0], 1.0E+5,1.0E-9,None)

Genotype:
[736, 214, 787, 10, 653, 52, 837, 920, 78, 185, 639, 500, 121, 49, 641, 710, 841, 773, 21, 618, 315, 719, 931, 515, 524, 651, 331, 314, 959, 680, 641, 696, 908, 330, 734, 224, 24, 556, 259, 374, 684, 842, 262, 62, 570, 957, 393, 316, 495, 986, 327, 924, 478, 639, 440, 321, 344, 272, 524, 598, 275, 983, 269, 206, 848, 931, 444, 561, 836, 185, 901, 871, 132, 656, 214, 684, 192, 938, 38, 950, 594, 18, 862, 565, 636, 961, 606, 543, 376, 410, 415, 442, 83, 627, 782, 293, 877, 503, 859, 408, 998, 210, 593, 954, 661, 964, 351, 826, 608, 425, 294, 108, 215, 49, 209, 351, 574, 675, 791, 68, 465, 434, 196, 999, 984, 647, 160, 445, 770, 33, 197, 264, 236, 231, 584, 847, 620, 943, 378, 40, 621, 273, 522, 893, 159, 239, 471, 469, 832, 235, 322, 483, 521, 454, 934, 140, 342]
Tree:
None

Fitness:
2.2868615606190237