Generation:
1000

Phenotype:
+9.9E-1*KG(x[:,0], 3.1E+0,9.9E-1,None)-6.5E-2*KS(x[:,0], 9.9E-1,1.7E-0,None)

Genotype:
[241, 164, 818, 589, 353, 361, 389, 791, 522, 280, 800, 429, 627, 661, 480, 394, 839, 527, 625, 365, 82, 260, 819, 207, 831, 198, 707, 621, 660, 534, 653, 328, 812, 682, 383, 572, 365, 843, 117, 704, 101, 647, 426, 898, 677, 521, 685, 522, 546, 930, 49, 581, 275, 277, 732, 482, 346, 886, 949, 434, 798, 401, 323, 385, 403, 804, 702, 101, 842, 353, 79, 608, 393, 335, 511, 305, 804, 834, 380, 99, 76, 884, 714, 373, 740, 214, 815, 4, 645, 471, 507, 556, 836, 839, 902, 708, 733, 634, 137, 684, 674, 834, 282, 179, 684, 542, 66, 99, 876, 204, 781, 696, 915, 938, 759, 853, 417, 930, 616, 256, 375, 714, 567, 794, 633, 347, 175, 834, 978, 300, 841, 844, 845, 571, 995, 236, 118, 124, 984, 384, 963, 573, 558, 988, 721, 61, 77, 375, 80, 374, 462, 924, 321, 643, 673, 995, 770, 415, 47, 701, 514, 7, 874, 410, 296, 380, 844, 254, 935, 385, 158, 853, 865, 22, 611, 320, 861, 85, 354, 483]
Tree:
None

Fitness:
0.04706491911939258