Generation:
1000

Phenotype:
+1.2E+1*KS(x[:,0], 4.2E-1,2.3E-1,None)+6.6E-0*KG(x[:,0], 2.6E+0,2.0E+0,None)

Genotype:
[515, 318, 45, 732, 752, 421, 948, 952, 295, 111, 658, 573, 633, 531, 228, 948, 986, 968, 126, 349, 50, 721, 906, 234, 240, 208, 140, 596, 270, 35, 780, 655, 447, 752, 411, 877, 732, 989, 420, 295, 302, 694, 869, 374, 80, 914, 331, 689, 439, 342, 89, 692, 703, 760, 99, 151, 618, 589, 540, 694, 111, 859, 434, 186, 814, 790, 864, 525, 152, 747, 201, 960, 906, 630, 306, 950, 569, 259, 377, 234, 34, 181, 124, 843, 89, 966, 534, 613, 690, 838, 530, 812, 391, 442, 978, 983, 226, 532, 815, 338, 739, 174, 437, 351, 838, 293, 576, 308, 955, 1, 334, 100, 506, 347, 27, 169, 313, 794, 713, 431, 155, 619, 306, 640, 953, 649, 412, 91, 26, 194, 420, 595, 218, 185, 647, 916, 563, 17, 12, 594, 948, 412, 995, 194, 408, 780, 216, 944, 928, 656, 178, 341, 852, 202, 94, 551, 483]
Tree:
None

Fitness:
3.839799842709934