Generation:
1000

Phenotype:
+7.5E+3*KS(x[:,0], 5.3E-4,3.8E-4,None)

Genotype:
[112, 608, 105, 825, 416, 63, 247, 303, 867, 574, 290, 718, 417, 254, 219, 632, 773, 250, 800, 958, 328, 924, 460, 890, 539, 130, 798, 801, 164, 190, 916, 837, 911, 21, 392, 405, 67, 808, 253, 484, 14, 578, 493, 73, 180, 915, 228, 173, 411, 3, 541, 153, 47, 480, 303, 170, 505, 259, 585, 281, 770, 843, 271, 452, 423, 866, 828, 156, 174, 441, 561, 470, 903, 144, 397, 9, 942, 840, 349, 970, 719, 71, 260, 806, 485, 953, 7, 745, 494, 492]
Tree:
None

Fitness:
24.106421072809557