Generation:
1000

Phenotype:
+9.9E+0*KS(x[:,0], 5.7E-1,8.2E-2,None)+5.9E-0*KG(x[:,0], 4.2E+0,1.9E-0,None)+1.7E-0*KG(x[:,0], 5.0E-4,7.8E-3,None)

Genotype:
[83, 662, 908, 729, 516, 460, 445, 157, 785, 51, 142, 172, 745, 872, 719, 331, 36, 787, 199, 987, 60, 417, 632, 462, 740, 711, 209, 191, 230, 921, 84, 100, 711, 897, 627, 560, 364, 800, 835, 804, 780, 618, 799, 153, 246, 693, 907, 709, 85, 846, 535, 564, 514, 181, 686, 795, 365, 629, 242, 244, 532, 287, 341, 335, 411, 54, 334, 860, 6, 368, 516, 573, 153, 75, 142, 984, 904, 975, 599, 490, 94, 225, 229, 394, 799, 54, 623, 506, 778, 828]
Tree:
None

Fitness:
5.997560519028262