Generation:
1000

Phenotype:
-2.5E+1*KS(x[:,0], 1.0E-9,9.9E-4,None)

Genotype:
[250, 167, 856, 835, 974, 251, 495, 710, 883, 909, 521, 239, 267, 434, 874, 470, 916, 398, 4, 594, 188, 834, 763, 185, 994, 360, 266, 651, 973, 129, 662, 189, 810, 494, 265, 44, 717, 386, 796, 514, 149, 29, 251, 688, 92, 283, 851, 411, 30, 746, 948, 31, 739, 565, 757, 164, 110, 903, 870, 492, 114, 957, 763, 397, 61, 490, 208, 592, 144, 496, 422, 690, 529, 588, 510, 129, 289, 370, 609, 63, 871, 829, 144, 416, 513, 636, 501, 113, 549, 412, 115, 764, 569, 696, 847, 993, 637, 778, 885, 751, 535, 812, 155, 47, 604, 563, 95, 586, 804, 834, 56, 510, 16, 652, 220, 4, 901, 327, 857, 232, 431, 795, 233, 952, 281, 47, 38, 36, 305, 518, 724, 151, 726, 608, 356]
Tree:
None

Fitness:
2.347293981409341