Generation:
1000

Phenotype:
+9.8E-1*KG(x[:,0], 3.6E+0,9.6E-1,None)

Genotype:
[330, 250, 539, 418, 651, 901, 578, 136, 538, 460, 413, 386, 305, 431, 855, 886, 839, 117, 424, 247, 402, 412, 854, 176, 235, 877, 562, 875, 455, 803, 750, 833, 911, 344, 470, 858, 307, 927, 37, 73, 236, 734, 491, 886, 231, 470, 707, 357, 858, 283, 955, 146, 273, 207, 979, 385, 411, 657, 432, 833, 534, 651, 131, 918, 280, 833, 425, 876, 252, 737, 349, 833, 51, 802, 11, 278, 751, 516, 72, 560, 527, 322, 355, 438, 425, 60, 560, 155, 733, 496, 128, 915, 475, 506, 283, 53, 30, 103, 440, 325, 445, 298, 623, 939, 249, 133, 687, 909, 399, 146, 550, 103, 131, 63, 275, 408, 902, 559, 597, 597, 95, 388, 847, 478, 510, 810, 889, 460, 127, 399, 649, 411, 646, 886, 92, 359, 711, 549, 267, 989, 194, 488, 724, 566, 325, 873, 800, 503, 170, 96, 764, 110, 109, 511, 170, 959, 835]
Tree:
None

Fitness:
0.41130824251708326