Generation:
1000

Phenotype:
+1.0E-0*KG(x[:,0], 4.1E-0,1.0E+0,None)

Genotype:
[108, 896, 891, 510, 5, 530, 462, 351, 733, 240, 594, 390, 68, 370, 218, 184, 791, 20, 799, 97, 760, 393, 124, 741, 400, 850, 253, 922, 384, 135, 251, 173, 957, 751, 573, 88, 261, 341, 286, 410, 889, 303, 171, 802, 565, 470, 527, 361, 261, 68, 97, 329, 805, 887, 838, 537, 490, 8, 455, 662, 366, 376, 238, 942, 575, 47, 214, 969, 107, 733, 330, 470, 270, 208, 478, 847, 806, 616, 271, 737, 522, 923, 457, 828, 319, 836, 499, 66, 641, 609]
Tree:
None

Fitness:
0.32199374490136784