Generation:
1000

Phenotype:
+9.9E-1*KG(x[:,0], 3.0E-0,1.0E-0,None)-6.6E-2*KS(x[:,0], 2.9E+0,3.1E+0,None)

Genotype:
[511, 344, 818, 469, 615, 871, 866, 230, 53, 400, 414, 80, 421, 750, 609, 136, 873, 797, 816, 563, 242, 721, 189, 698, 600, 569, 241, 418, 470, 7, 608, 584, 331, 687, 490, 568, 593, 223, 40, 930, 401, 85, 103, 535, 885, 512, 566, 354, 35, 463, 109, 439, 932, 645, 537, 69, 412, 354, 425, 381, 533, 579, 32, 424, 292, 853, 0, 150, 551, 213, 136, 81, 27, 977, 863, 428, 590, 515, 935, 739, 254, 123, 976, 673, 498, 653, 27, 402, 5, 355]
Tree:
None

Fitness:
0.044970133662350045