Generation:
1000

Phenotype:
+9.9E+0*KS(x[:,0], 7.0E-1,3.1E-1,None)+9.8E-1*KP(x[:,0], 8.1E-4,1.6E-7,0)

Genotype:
[551, 590, 665, 839, 276, 910, 906, 520, 171, 911, 587, 511, 13, 51, 223, 692, 204, 980, 998, 761, 101, 628, 341, 369, 324, 549, 196, 13, 697, 370, 402, 99, 111, 832, 451, 898, 479, 996, 944, 837, 805, 442, 778, 556, 247, 313, 319, 835, 899, 460, 785, 975, 853, 989, 789, 568, 531, 19, 815, 940, 839, 630, 965, 370, 133, 977, 817, 988, 587, 363, 267, 70, 375, 96, 971, 573, 131, 76, 290, 320, 766, 187, 203, 899, 908, 817, 980, 131, 270, 460, 622, 140, 638, 294, 855, 450, 902, 975, 444, 382, 68, 338, 130, 264, 13, 123, 15, 8, 664, 989, 97, 54]
Tree:
None

Fitness:
14.330068149064966