Generation:
1000

Phenotype:
+9.2E-2*KS(x[:,0], 6.2E+0,9.3E-9,None)-8.5E-5*KP(x[:,0], 4.2E-0,6.4E-1,3)

Genotype:
[803, 436, 215, 602, 321, 242, 509, 412, 278, 590, 953, 793, 213, 149, 449, 536, 483, 196, 205, 781, 845, 759, 342, 95, 980, 392, 104, 575, 561, 198, 517, 458, 979, 51, 578, 679, 79, 337, 789, 763, 176, 828, 562, 656, 784, 663, 165, 884, 731, 326, 369, 388, 660, 52, 56, 895, 160, 933, 219, 796, 864, 729, 187, 749, 260, 870, 625, 154, 145, 618, 486, 612, 658, 444, 594, 121, 857, 942, 954, 451, 108, 876, 987, 247, 577, 225, 558, 935, 404, 518, 904, 459, 53, 927, 664, 44, 868, 736, 963, 580, 665, 896, 735, 852, 544, 992, 856, 861, 829, 65, 345, 165]
Tree:
None

Fitness:
2.0633149818691434