Generation:
1000

Phenotype:
+9.9E+0*KS(x[:,0], 8.5E-1,9.8E-2,None)+4.6E-8*KP(x[:,0], 9.8E-0,5.3E+7,1)-7.9E-1*KS(x[:,0], 8.9E+0,2.1E-9,None)

Genotype:
[761, 994, 980, 449, 460, 470, 403, 325, 759, 931, 557, 998, 641, 492, 512, 99, 336, 732, 706, 861, 868, 494, 648, 849, 400, 769, 803, 912, 167, 76, 478, 851, 645, 639, 603, 901, 160, 209, 170, 540, 109, 91, 707, 199, 827, 255, 727, 980, 976, 386, 808, 97, 431, 800, 431, 970, 849, 263, 430, 96, 332, 882, 452, 18, 459, 485, 24, 767, 228, 289, 796, 436, 247, 543, 562, 953, 158, 4, 791, 199, 955, 660, 918, 642, 467, 176, 941, 441, 719, 388]
Tree:
None

Fitness:
11.848973538506174