Generation:
1000

Phenotype:
+9.8E+0*KS(x[:,0], 6.0E-1,5.0E-4,None)+3.6E-0*KG(x[:,0], 7.8E-2,9.8E-1,None)

Genotype:
[581, 222, 494, 128, 132, 170, 896, 720, 127, 421, 931, 520, 151, 404, 388, 384, 736, 245, 866, 957, 830, 51, 358, 537, 432, 683, 368, 289, 291, 454, 98, 414, 188, 308, 535, 843, 378, 775, 79, 873, 781, 526, 570, 206, 634, 13, 585, 353, 874, 689, 179, 869, 241, 649, 225, 731, 214, 449, 15, 125, 742, 232, 534, 403, 583, 306, 336, 462, 790, 358, 104, 347, 447, 171, 325, 343, 43, 218, 310, 69, 894, 614, 611, 499, 676, 229, 845, 452, 189, 802]
Tree:
None

Fitness:
11.909660614195223