Generation:
1000

Phenotype:
+4.0E-0*KS(x[:,0], 9.6E+6,6.5E-8,None)+6.8E+0*KP(x[:,0], 8.6E+6,6.5E+9,0)

Genotype:
[989, 644, 363, 960, 987, 350, 179, 906, 54, 376, 59, 335, 897, 268, 16, 938, 932, 230, 268, 816, 710, 988, 456, 254, 316, 590, 495, 786, 139, 795, 18, 696, 750, 977, 515, 500, 506, 716, 356, 45, 56, 766, 923, 919, 186, 80, 852, 936, 683, 189, 179, 797, 334, 462, 307, 252, 51, 351, 677, 155, 557, 646, 353, 576, 48, 900, 321, 825, 479, 810, 402, 808, 35, 334, 373, 146, 722, 226, 974, 465, 561, 16, 633, 704, 764, 562, 641, 701, 451, 616]
Tree:
None

Fitness:
36.026410337374784