Generation:
1000

Phenotype:
-6.5E-2*KG(x[:,0], 5.5E+0,2.5E-0,None)-2.3E-2*KG(x[:,0], 8.0E-8,3.0E+0,None)

Genotype:
[703, 459, 392, 975, 51, 222, 445, 865, 812, 200, 901, 185, 37, 700, 922, 120, 397, 370, 473, 943, 582, 871, 630, 675, 568, 704, 660, 720, 160, 704, 963, 881, 528, 643, 371, 624, 405, 381, 706, 215, 750, 526, 743, 529, 898, 931, 26, 591, 269, 106, 745, 603, 760, 947, 699, 200, 109, 670, 617, 864, 564, 575, 465, 336, 272, 989, 511, 352, 62, 712, 216, 689, 635, 776, 141, 414, 847, 264, 399, 569, 41, 745, 729, 261, 793, 473, 907, 224, 359, 551, 667, 902, 91, 252, 6, 333, 230, 656, 434, 7, 402, 247, 917, 314, 686, 716, 638, 596, 867, 936, 650, 203, 680, 617, 862, 301, 700, 656, 70, 59, 874, 489, 957, 449, 738, 585, 229, 493, 97, 917, 389, 961, 506, 499, 249, 777, 293, 254, 700, 893, 224, 679, 468, 944, 345, 105, 398, 6, 123, 982, 490, 900, 121, 547, 270, 789, 479]
Tree:
None

Fitness:
2.359140355679777