Generation:
1000

Phenotype:
-4.0E-2*KP(x[:,0], 5.9E-5,3.1E-0,0)+9.8E-1*KG(x[:,0], 4.9E+0,9.3E-1,None)+4.0E-1*KG(x[:,0], 2.0E+1,1.4E+0,None)

Genotype:
[471, 881, 732, 370, 825, 542, 463, 729, 365, 575, 668, 991, 797, 230, 345, 253, 628, 620, 278, 775, 571, 147, 709, 66, 70, 323, 833, 899, 201, 530, 498, 138, 408, 770, 353, 521, 532, 770, 564, 31, 729, 654, 244, 250, 590, 137, 476, 740, 392, 277, 147, 753, 499, 306, 357, 988, 509, 546, 858, 416, 971, 50, 197, 196, 475, 71, 100]
Tree:
None

Fitness:
0.04654800643367165