Generation:
1000

Phenotype:
+9.9E-1*KG(x[:,0], 3.1E+0,9.9E-1,None)-6.1E-2*KG(x[:,0], 9.9E-3,5.0E-9,None)

Genotype:
[73, 552, 809, 659, 325, 621, 245, 51, 166, 830, 188, 549, 597, 591, 400, 306, 649, 311, 111, 227, 642, 206, 469, 143, 333, 85, 440, 97, 389, 342, 392, 448, 144, 350, 412, 376, 491, 150, 55, 740, 29, 58, 920, 752, 691, 298, 710, 53, 816, 358, 308, 534, 263, 307, 673, 740, 13, 89, 907, 298, 650, 312, 806, 697, 501, 496, 948, 952, 101, 909, 150, 338, 460, 338, 473, 859, 783, 451, 601, 898, 124, 651, 388, 256, 696, 301, 282, 651, 257, 144]
Tree:
None

Fitness:
0.04756582270235895