Generation:
1000

Phenotype:
-9.9E-2*KG(x[:,0], 1.3E-1,5.7E-1,None)+1.1E-0*KG(x[:,0], 3.1E-0,9.9E-1,None)

Genotype:
[103, 371, 17, 29, 273, 52, 99, 863, 737, 61, 769, 47, 229, 171, 766, 726, 216, 666, 751, 47, 1000, 137, 601, 553, 770, 422, 469, 285, 81, 187, 987, 284, 65, 709, 707, 859, 70, 154, 682, 752, 881, 529, 833, 445, 459, 393, 986, 524, 801, 728, 483, 138, 9, 879, 768, 524, 843, 971, 521, 332, 531, 520, 840, 236, 45, 860, 234, 618, 688, 601, 990, 231, 478, 243, 884, 518, 117, 941, 886, 783, 65, 926, 34, 912, 599, 886, 131, 366, 354, 508]
Tree:
None

Fitness:
0.028726606302656593