Generation:
1000

Phenotype:
-1.9E-3*KP(x[:,0], 5.6E-5,7.7E-4,2)

Genotype:
[812, 997, 468, 19, 799, 993, 670, 976, 213, 685, 150, 47, 529, 334, 142, 717, 243, 81, 454, 88, 512, 744, 928, 764, 395, 659, 795, 581, 912, 672, 546, 926, 80, 46, 893, 22, 943, 989, 914, 913, 53, 227, 332, 700, 803, 387, 48, 264, 490, 569, 734, 505, 167, 41, 584, 504, 922, 296, 770, 829, 481, 703, 283, 748, 112, 231, 804, 703, 866, 294, 507, 503, 522, 198, 26, 219, 582, 701, 207, 39, 25, 287, 516, 634, 875, 247, 380, 916, 751, 449]
Tree:
None

Fitness:
2.472430881806849