Generation:
1000

Phenotype:
+1.3E+1*KS(x[:,0], 5.3E-1,3.0E-1,None)-9.1E-1*KS(x[:,0], 1.1E+6,8.0E-6,None)-1.6E-5*KS(x[:,0], 6.5E+1,5.5E+3,None)

Genotype:
[605, 974, 783, 653, 196, 381, 22, 173, 273, 631, 281, 610, 273, 691, 974, 761, 929, 755, 651, 49, 381, 477, 21, 644, 746, 421, 860, 547, 206, 367, 958, 113, 171, 756, 583, 715, 635, 105, 102, 441, 697, 415, 400, 613, 818, 138, 45, 351, 985, 318, 523, 359, 580, 898, 596, 485, 139, 894, 913, 795, 23, 106, 183, 113, 242, 133, 67]
Tree:
None

Fitness:
12.752741390177347