Generation:
1000

Phenotype:
-1.9E-4*KP(x[:,0], 9.6E-0,4.8E-0,2)+9.8E-2*KS(x[:,0], 6.6E+0,3.0E-9,None)+7.9E+8*KP(x[:,0], 9.9E-9,7.8E-8,2)

Genotype:
[927, 353, 126, 379, 861, 294, 890, 446, 963, 390, 318, 418, 873, 650, 407, 335, 326, 35, 798, 299, 862, 662, 6, 698, 150, 227, 880, 721, 739, 965, 152, 740, 222, 919, 810, 798, 971, 969, 853, 149, 753, 778, 411, 408, 377, 152, 781, 785, 105, 136, 966, 97, 304, 279, 913, 689, 368, 961, 369, 356, 838, 64, 202, 700, 358, 703, 510]
Tree:
None

Fitness:
2.0469941099905236