Generation:
1000

Phenotype:
-9.8E+3*KS(x[:,0], 9.9E-6,6.8E-7,None)+1.9E-1*KS(x[:,0], 3.7E+0,9.9E-5,None)

Genotype:
[647, 929, 998, 998, 610, 883, 188, 599, 267, 436, 698, 728, 963, 527, 541, 10, 868, 630, 429, 567, 991, 218, 7, 562, 740, 908, 789, 523, 5, 461, 886, 875, 333, 760, 686, 789, 46, 320, 216, 985, 728, 269, 175, 180, 406, 765, 359, 685, 830, 340, 26, 463, 569, 627, 403, 538, 960, 378, 659, 71, 65, 391, 208, 585, 978, 677, 914, 489, 750, 697, 91, 324, 497, 733, 941, 75, 280, 333, 618, 170, 13, 820, 181, 876, 121, 164, 940, 597, 170, 254]
Tree:
None

Fitness:
1.9607621932159982