Generation:
1000

Phenotype:
+8.7E-6*KS(x[:,0], 6.2E+5,3.7E+7,None)-7.4E-8*KP(x[:,0], 4.1E+9,1.8E-9,0)-2.7E-2*KS(x[:,0], 2.3E+6,8.6E+9,None)

Genotype:
[311, 110, 601, 777, 955, 196, 266, 122, 304, 405, 227, 547, 320, 387, 556, 549, 357, 222, 224, 9, 888, 408, 651, 2, 39, 180, 428, 245, 869, 930, 520, 733, 73, 267, 345, 382, 181, 323, 148, 656, 214, 176, 208, 729, 140, 643, 350, 987, 309, 185, 466, 350, 992, 977, 298, 565, 975, 868, 901, 125, 365, 500, 605, 298, 419, 238, 30, 742, 103, 134, 973, 349, 270, 746, 200, 973, 566, 319, 675, 845, 495, 436, 389, 629, 807, 417, 12, 420, 459, 897]
Tree:
None

Fitness:
2.3546469488048865