Generation:
1000

Phenotype:
+1.1E-0*KG(x[:,0], 3.2E+0,9.9E-1,None)-9.8E-2*KS(x[:,0], 1.4E+0,1.5E-0,None)

Genotype:
[523, 210, 990, 221, 45, 920, 101, 972, 726, 490, 845, 309, 93, 811, 467, 712, 91, 269, 838, 405, 162, 567, 174, 564, 270, 756, 555, 433, 390, 917, 992, 709, 918, 980, 355, 924, 436, 641, 852, 192, 255, 545, 820, 785, 575, 315, 248, 235, 51, 549, 794, 884, 459, 183, 939, 140, 157, 204, 650, 989, 781, 354, 170, 605, 760, 175, 386, 332, 11, 228, 711, 961, 983, 743, 930, 624, 355, 843, 970, 627, 907, 64, 695, 643, 654, 883, 785, 811, 966, 759]
Tree:
None

Fitness:
0.028873679194134166