Generation:
1000

Phenotype:
+8.9E-2*KS(x[:,0], 5.7E-0,1.4E-4,None)-7.7E-4*KP(x[:,0], 5.7E+0,2.0E-7,2)

Genotype:
[251, 596, 718, 119, 197, 502, 652, 397, 857, 570, 81, 194, 477, 484, 143, 542, 951, 240, 47, 799, 214, 580, 647, 122, 400, 523, 920, 257, 77, 327, 730, 297, 587, 628, 784, 757, 217, 139, 756, 230, 221, 756, 866, 455, 7, 828, 834, 6, 278, 722, 797, 956, 921, 450, 481, 943, 887, 167, 113, 303, 713, 381, 993, 669, 872, 617, 729, 701, 277, 163, 795, 83, 137, 307, 138, 229, 684, 45, 47, 673, 259, 647, 823, 153, 935, 22, 48, 568, 744, 815]
Tree:
None

Fitness:
2.0615847740781343