Generation:
1000

Phenotype:
+9.9E-2*KS(x[:,0], 7.4E-0,1.0E-9,None)-6.0E+6*KS(x[:,0], 9.0E-9,1.0E-9,None)

Genotype:
[959, 426, 881, 469, 719, 702, 501, 324, 209, 1000, 729, 140, 31, 549, 69, 682, 963, 131, 230, 650, 96, 719, 960, 129, 169, 9, 50, 373, 159, 336, 470, 456, 284, 999, 721, 594, 229, 803, 236, 881, 769, 661, 547, 804, 68, 150, 522, 986, 391, 686, 154, 536, 377, 113, 535, 288, 901, 277, 227, 968, 884, 603, 728, 221, 36, 750, 370, 21, 782, 764, 476, 732, 541, 171, 822, 81, 206, 866, 211, 109, 193, 519, 61, 664, 424, 191, 676, 650, 0, 671, 858, 29, 765, 922, 921, 329, 755, 15, 70, 729, 242, 606, 229, 572, 801, 164, 387, 404, 81, 872, 61, 185]
Tree:
None

Fitness:
2.097546019328481