Generation:
1000

Phenotype:
+9.6E+0*KS(x[:,0], 7.0E-1,8.0E-2,None)+2.4E-0*KG(x[:,0], 1.4E-2,9.8E-4,None)

Genotype:
[341, 672, 683, 116, 936, 830, 789, 930, 917, 901, 970, 530, 697, 982, 233, 858, 302, 811, 884, 711, 970, 27, 564, 527, 562, 521, 398, 357, 474, 33, 59, 19, 819, 761, 514, 877, 585, 747, 435, 223, 914, 957, 886, 663, 886, 531, 300, 764, 729, 890, 613, 368, 610, 347, 249, 118, 301, 197, 641, 442, 758, 446, 264, 100, 139, 472, 431, 362, 812, 840, 975, 732, 619, 413, 399, 461, 553, 364, 465, 910, 459, 969, 407, 158, 656, 161, 553, 351, 217, 442, 111, 153, 891, 110, 531, 793, 205, 690, 815, 960, 149, 323, 955, 562, 961, 929, 923, 968, 42, 156, 31, 129, 346, 635, 984, 836, 973, 463, 193, 278, 923, 817, 816, 474, 370, 227, 953, 462, 137, 488, 809, 709, 645, 726, 591, 409, 398, 813, 902, 757, 223, 788, 933, 178, 462, 162, 204, 340, 510, 655, 774, 22, 61, 713, 38, 199, 151]
Tree:
None

Fitness:
12.324015720770474