Generation:
1000

Phenotype:
+7.7E-5*KG(x[:,0], 5.2E-5,5.1E-5,None)-3.0E-7*KG(x[:,0], 8.0E-4,5.5E-8,None)

Genotype:
[949, 914, 402, 537, 273, 785, 670, 722, 885, 305, 481, 761, 395, 435, 90, 726, 257, 137, 720, 101, 947, 394, 400, 889, 414, 895, 145, 237, 688, 532, 943, 916, 704, 409, 380, 939, 209, 769, 748, 195, 552, 266, 758, 731, 423, 6, 969, 202, 92, 176, 781, 255, 177, 564, 465, 377, 193, 451, 630, 129, 446, 626, 282, 813, 604, 764, 470, 674, 415, 943, 880, 49, 955, 210, 775, 272, 344, 699, 463, 202, 140, 466, 737, 773, 486, 641, 702, 463, 852, 88, 398, 305, 57, 997, 331, 0, 716, 5, 596, 320, 828, 179, 484, 747, 585, 603, 632, 153, 441, 283, 592, 414, 1, 114, 958, 292, 585, 717, 888, 602, 395, 756, 206, 612, 722, 917, 343, 717, 173, 355, 993, 894, 304, 556, 437, 39, 404, 668, 230, 16, 98, 491, 709, 410, 829, 656, 634, 147, 693, 975, 291, 568, 669, 95, 591, 106, 981]
Tree:
None

Fitness:
2.472326111603695