Generation:
1000

Phenotype:
+7.3E-2*KS(x[:,0], 1.8E-7,9.3E-5,None)+6.2E+1*KS(x[:,0], 5.1E-2,5.3E-2,None)

Genotype:
[983, 444, 915, 313, 205, 122, 414, 368, 745, 187, 863, 533, 31, 155, 287, 250, 320, 203, 142, 684, 341, 391, 491, 411, 622, 283, 393, 423, 252, 417, 54, 857, 185, 843, 653, 663, 746, 424, 72, 141, 973, 265, 88, 960, 506, 420, 193, 880, 440, 421, 685, 411, 10, 753, 604, 197, 845, 560, 485, 505, 704, 770, 93, 898, 224, 21, 253, 535, 311, 304, 706, 949, 44, 923, 935, 215, 302, 960, 338, 984, 280, 384, 322, 130, 485, 694, 615, 418, 395, 346, 764, 430, 979, 432, 711, 489, 300, 192, 557, 721, 454, 312, 486, 893, 359, 776, 649, 9, 679, 958, 154, 564, 542, 246, 589, 778, 283, 652, 274, 205, 735, 104, 830, 849, 845, 894, 200, 308, 249, 587, 579, 237, 933, 988, 264, 981, 842, 337, 260, 842, 634, 775, 106, 469, 364, 328, 672, 137, 974, 552, 615, 752, 375, 659, 691, 736, 82, 985, 623, 735, 911, 463, 967, 622, 819, 584, 31, 703, 763, 412, 107, 768, 744, 824, 216, 766, 841, 789, 705, 61]
Tree:
None

Fitness:
24.74680726731616