Generation:
1000

Phenotype:
+9.9E-2*KS(x[:,0], 5.6E-0,3.0E-8,None)-1.3E+2*KP(x[:,0], 3.9E-2,9.9E-4,3)

Genotype:
[959, 280, 404, 509, 567, 62, 436, 316, 517, 970, 11, 410, 29, 208, 121, 974, 513, 252, 383, 438, 232, 218, 899, 43, 712, 737, 379, 569, 74, 583, 491, 469, 889, 658, 856, 890, 242, 606, 706, 792, 764, 984, 581, 552, 0, 466, 404, 23, 24, 979, 993, 529, 660, 562, 520, 137, 449, 403, 4, 328, 66, 205, 269, 135, 858, 946, 534, 552, 810, 174, 769, 67, 323, 385, 355, 95, 661, 199, 365, 725, 213, 202, 179, 644, 998, 489, 47, 618, 240, 466]
Tree:
None

Fitness:
2.043574093515429