Generation:
1000

Phenotype:
-9.9E-2*KG(x[:,0], 2.2E-0,7.2E-7,None)+9.9E-1*KG(x[:,0], 3.2E-0,9.9E-1,None)-8.4E-2*KG(x[:,0], 2.7E+0,2.2E-0,None)

Genotype:
[355, 805, 917, 229, 813, 952, 532, 862, 461, 870, 492, 542, 617, 967, 102, 229, 304, 791, 209, 211, 571, 398, 712, 559, 320, 251, 209, 977, 131, 303, 240, 689, 727, 454, 911, 602, 244, 47, 940, 360, 334, 652, 647, 580, 435, 757, 501, 621, 421, 683, 955, 7, 296, 160, 317, 882, 207, 768, 829, 111, 246, 756, 707, 460, 332, 794, 834, 298, 775, 904, 758, 32, 898, 825, 953, 408, 580, 550, 178, 189, 30, 277, 788, 779, 706, 100, 76, 283, 124, 808, 741, 488, 271, 194, 662, 537, 37, 134, 178, 556, 18, 478, 560, 242, 979, 122, 583, 734, 264, 691, 759, 560]
Tree:
None

Fitness:
0.026971558034023117