Generation:
1000

Phenotype:
+9.7E-0*KS(x[:,0], 6.9E-1,1.3E-1,None)+3.2E-0*KG(x[:,0], 6.6E-7,7.8E+2,None)

Genotype:
[167, 264, 323, 547, 993, 510, 581, 679, 573, 741, 702, 13, 447, 91, 760, 606, 768, 146, 782, 893, 540, 806, 936, 325, 457, 969, 848, 428, 632, 214, 307, 715, 527, 205, 655, 265, 637, 681, 79, 187, 239, 886, 319, 205, 382, 954, 1, 247, 291, 156, 504, 95, 584, 744, 650, 556, 115, 714, 814, 896, 61, 239, 763, 802, 330, 243, 43, 644, 853, 598, 980, 36, 972, 981, 624, 582, 141, 363, 853, 323, 511, 848, 782, 819, 809, 206, 146, 137, 921, 627, 611, 627, 523, 817, 650, 328, 740, 58, 255, 132, 758, 599, 299, 23, 119, 51, 768, 386, 751, 92, 564, 520, 439, 609, 180, 579, 37, 114, 972, 413, 799, 967, 381, 521, 498, 2, 29, 632, 912, 383, 526, 967, 397, 44, 299, 326, 939, 636, 177, 393, 825, 998, 131, 389, 312, 351, 6, 898, 413, 925, 399, 739, 709, 647, 304, 283, 499]
Tree:
None

Fitness:
12.394461383064499