Generation:
1000

Phenotype:
+9.9E+0*KS(x[:,0], 6.7E-1,3.4E-3,None)+2.5E-9*KP(x[:,0], 6.2E-4,5.9E-2,4)+3.2E+0*KG(x[:,0], 4.4E-2,1.4E-1,None)

Genotype:
[563, 362, 530, 279, 536, 800, 284, 627, 99, 221, 668, 804, 623, 943, 468, 63, 104, 757, 675, 535, 349, 896, 142, 415, 394, 598, 429, 895, 642, 4, 642, 116, 866, 152, 700, 950, 210, 904, 269, 132, 711, 874, 811, 151, 977, 897, 362, 534, 873, 998, 15, 140, 831, 680, 854, 950, 484, 352, 143, 366, 40, 318, 574, 256, 177, 485, 619]
Tree:
None

Fitness:
12.087314180927034