Generation:
1000

Phenotype:
+9.5E+0*KS(x[:,0], 8.4E+6,4.5E+4,None)+4.5E-3*KG(x[:,0], 1.2E-0,3.6E-0,None)+3.6E-0*KS(x[:,0], 9.6E-4,6.5E+6,None)

Genotype:
[413, 428, 683, 815, 300, 860, 736, 364, 772, 436, 120, 855, 846, 334, 171, 115, 814, 921, 725, 843, 503, 900, 92, 565, 840, 632, 16, 447, 290, 716, 166, 168, 632, 326, 91, 100, 62, 56, 71, 674, 158, 905, 732, 306, 248, 562, 810, 472, 777, 968, 860, 189, 638, 362, 921, 308, 263, 678, 275, 937, 525, 747, 271, 767, 723, 844, 500]
Tree:
None

Fitness:
35.9253613215495