Generation:
1000

Phenotype:
+9.0E-0*KS(x[:,0], 6.5E-1,4.0E-1,None)+2.7E-3*KS(x[:,0], 8.3E-1,5.0E+2,None)+5.3E+0*KG(x[:,0], 7.4E-1,2.2E+0,None)

Genotype:
[941, 88, 53, 520, 343, 280, 968, 355, 623, 201, 354, 0, 919, 691, 197, 77, 642, 244, 207, 631, 453, 745, 983, 395, 811, 139, 180, 622, 422, 788, 924, 736, 355, 343, 830, 760, 321, 434, 297, 891, 46, 12, 384, 90, 717, 213, 264, 654, 118, 365, 362, 968, 775, 197, 684, 589, 862, 510, 982, 453, 976, 503, 302, 252, 167, 790, 122]
Tree:
None

Fitness:
9.752957969226728