Generation:
1000

Phenotype:
+3.9E-8*KS(x[:,0], 7.7E+0,5.6E-2,None)-4.9E-6*KP(x[:,0], 3.9E-5,7.6E+1,2)

Genotype:
[983, 886, 578, 899, 543, 298, 285, 807, 598, 260, 112, 246, 443, 122, 559, 992, 635, 219, 869, 515, 146, 488, 39, 845, 925, 996, 926, 932, 971, 817, 986, 401, 910, 154, 556, 420, 316, 316, 921, 818, 838, 562, 215, 490, 10, 858, 415, 440, 463, 115, 29, 626, 936, 286, 403, 275, 723, 442, 488, 261, 289, 840, 441, 105, 471, 213, 553, 452, 750, 530, 690, 947, 815, 519, 699, 185, 257, 237, 677, 384, 244, 179, 112, 885, 486, 341, 514, 718, 229, 244]
Tree:
None

Fitness:
2.358995673117124