Generation:
1000

Phenotype:
+9.9E-1*KG(x[:,0], 3.3E+0,1.0E-0,None)-5.2E-2*KS(x[:,0], 8.1E+4,1.5E+6,None)

Genotype:
[211, 556, 746, 729, 857, 931, 596, 913, 410, 170, 216, 170, 179, 600, 395, 40, 139, 247, 262, 795, 732, 268, 111, 86, 494, 999, 75, 364, 566, 935, 513, 951, 14, 464, 431, 170, 413, 799, 827, 404, 512, 817, 300, 736, 491, 791, 568, 486, 188, 621, 135, 714, 791, 795, 617, 721, 329, 617, 440, 142, 30, 99, 263, 780, 91, 15, 663, 616, 935, 946, 753, 606, 350, 506, 764, 184, 743, 0, 274, 690, 354, 822, 149, 621, 212, 852, 231, 186, 911, 522, 913, 265, 578, 720, 6, 912, 147, 268, 928, 858, 651, 606, 921, 725, 813, 0, 133, 718, 157, 856, 388, 201]
Tree:
None

Fitness:
0.0482406190735824