Generation:
1000

Phenotype:
+1.1E+0*KG(x[:,0], 3.2E-0,9.9E-1,None)-9.4E-2*KG(x[:,0], 7.4E-0,7.9E-7,None)-6.5E-2*KS(x[:,0], 8.4E-1,1.1E+0,None)

Genotype:
[49, 334, 792, 91, 410, 860, 551, 722, 35, 640, 152, 939, 589, 741, 697, 361, 529, 197, 834, 105, 512, 357, 174, 941, 210, 132, 569, 517, 637, 497, 118, 513, 131, 345, 821, 862, 574, 274, 777, 411, 99, 731, 418, 10, 1, 235, 465, 161, 120, 270, 12, 559, 57, 781, 526, 729, 813, 608, 457, 859, 866, 344, 634, 633, 208, 250, 523]
Tree:
None

Fitness:
0.02459541479078571