Generation:
1000

Phenotype:
+9.9E+0*KS(x[:,0], 7.9E-1,9.8E-2,None)+7.8E-1*KP(x[:,0], 8.7E-2,3.0E-0,1)-7.6E-1*KS(x[:,0], 3.9E+9,1.4E-8,None)

Genotype:
[341, 16, 80, 19, 660, 550, 753, 689, 425, 571, 8, 288, 671, 932, 261, 783, 452, 645, 948, 979, 421, 898, 297, 377, 542, 506, 570, 783, 150, 151, 904, 231, 321, 116, 951, 591, 434, 79, 972, 819, 369, 524, 137, 28, 292, 362, 963, 409, 270, 369, 584, 58, 931, 840, 557, 302, 74, 430, 344, 521, 799, 598, 936, 355, 628, 932, 350, 574, 14, 744, 360, 253, 840, 837, 733, 310, 702, 923, 120, 308, 543, 959, 301, 550, 523, 300, 247, 92, 57, 552, 134, 482, 829, 293, 419, 674, 768, 157, 686, 451, 758, 934, 40, 222, 436, 550, 619, 304, 294, 799, 961, 791, 334, 837, 446, 211, 868, 285, 553, 569, 664, 680, 890, 190, 864, 786, 981, 393, 115, 136, 317, 668, 627, 753, 840, 422, 848, 558, 179, 305, 361, 187, 934, 372, 389, 370, 945, 439, 558, 173, 733, 84, 207, 272, 762, 76, 136]
Tree:
None

Fitness:
11.76951435933518