Generation:
1000

Phenotype:
+1.1E+0*KG(x[:,0], 3.1E-0,9.9E-1,None)-9.9E-2*KS(x[:,0], 1.8E-0,1.9E-0,None)+4.9E-1*KP(x[:,0], 4.5E-2,7.2E-2,2)

Genotype:
[85, 862, 324, 661, 474, 310, 965, 251, 635, 120, 863, 679, 709, 471, 693, 761, 811, 188, 99, 117, 682, 450, 558, 951, 260, 702, 509, 403, 870, 624, 410, 334, 813, 619, 457, 531, 255, 905, 255, 372, 501, 492, 75, 892, 752, 531, 71, 281, 601, 517, 574, 691, 344, 771, 599, 922, 698, 121, 365, 581, 26, 739, 716, 243, 541, 939, 827, 68, 562, 270, 575, 997, 422, 987, 531, 375, 510, 830, 44, 174, 608, 546, 718, 100, 221, 569, 4, 156, 284, 18, 225, 753, 114, 373, 591, 468, 597, 216, 477, 380, 521, 149, 787, 990, 664, 963, 378, 61, 854, 836, 610, 883, 503, 548, 668, 288, 979, 348, 996, 114, 774, 159, 85, 347, 257, 707, 202, 197, 463, 435, 463, 260, 455, 380, 576, 979, 648, 414, 255, 676, 77, 130, 512, 539, 264, 913, 60, 152, 831, 722, 275, 950, 968, 446, 758, 429, 449]
Tree:
None

Fitness:
0.025699614388137105