Generation:
1000

Phenotype:
+9.9E-1*KG(x[:,0], 3.8E-0,9.9E-1,None)-9.9E-3*KG(x[:,0], 5.3E-9,1.3E-5,None)

Genotype:
[19, 968, 863, 769, 177, 501, 848, 168, 665, 60, 503, 539, 457, 211, 943, 192, 727, 332, 19, 545, 663, 76, 873, 837, 659, 279, 653, 573, 695, 971, 961, 565, 854, 404, 430, 660, 376, 959, 812, 894, 880, 254, 804, 690, 793, 276, 279, 554, 68, 824, 212, 110, 158, 704, 25, 433, 937, 380, 771, 260, 80, 935, 392, 437, 58, 531, 579, 974, 206, 595, 134, 915, 306, 401, 976, 917, 330, 996, 857, 123, 692, 374, 676, 36, 147, 448, 283, 802, 79, 345]
Tree:
None

Fitness:
0.2601804029185819