Generation:
1000

Phenotype:
+9.9E-0*KS(x[:,0], 5.9E-1,3.5E-1,None)+4.4E+1*KS(x[:,0], 1.0E-2,7.7E-3,None)

Genotype:
[881, 554, 395, 639, 607, 880, 373, 89, 301, 741, 983, 635, 877, 51, 837, 166, 48, 354, 424, 564, 891, 144, 70, 903, 852, 438, 307, 549, 413, 953, 197, 877, 773, 206, 98, 880, 151, 387, 947, 119, 202, 581, 528, 542, 617, 111, 960, 228, 642, 45, 267, 969, 670, 678, 129, 522, 160, 412, 405, 872, 488, 830, 31, 741, 417, 876, 913, 163, 258, 868, 72, 488, 554, 108, 727, 795, 341, 345, 58, 791, 987, 84, 728, 96, 165, 489, 21, 906, 294, 644]
Tree:
None

Fitness:
13.52628050024306