Generation:
1000

Phenotype:
+4.8E-5*KP(x[:,0], 8.8E+9,3.9E-7,0)+2.7E-2*KS(x[:,0], 4.3E+7,2.6E+3,None)

Genotype:
[771, 620, 147, 758, 501, 615, 844, 338, 914, 569, 191, 549, 943, 957, 390, 262, 440, 928, 727, 835, 392, 723, 3, 198, 357, 766, 876, 754, 533, 570, 139, 343, 103, 781, 233, 567, 719, 708, 749, 379, 843, 807, 442, 722, 348, 382, 359, 900, 949, 887, 89, 698, 69, 898, 216, 538, 216, 525, 1, 2, 10, 194, 572, 729, 387, 883, 328, 534, 728, 135, 461, 679, 614, 589, 8, 568, 958, 948, 405, 409, 736, 723, 788, 79, 341, 934, 183, 392, 866, 482, 974, 514, 424, 700, 393, 415, 101, 25, 384, 699, 681, 642, 60, 450, 550, 737, 780, 403, 712, 227, 935, 837, 714, 653, 988, 3, 949, 205, 516, 748, 331, 312, 637, 575, 275, 33, 372, 286, 955, 597, 289, 944, 193, 182, 258, 122, 236, 338, 40, 62, 150, 572, 928, 914, 542, 323, 328, 863, 741, 769, 398, 996, 779, 222, 205, 34, 985, 94, 882, 555, 138, 944, 237, 870, 862, 97, 836, 520, 366, 681, 471, 675, 224, 430, 330, 498, 75, 689, 893, 549]
Tree:
None

Fitness:
2.3762868509168116