Generation:
1000

Phenotype:
+6.8E+0*KG(x[:,0], 3.5E-1,1.5E-0,None)+8.8E-3*KP(x[:,0], 3.2E+2,7.8E-6,1)

Genotype:
[733, 180, 5, 178, 432, 260, 434, 505, 247, 591, 999, 515, 307, 480, 866, 884, 892, 475, 538, 881, 63, 245, 962, 242, 762, 456, 268, 189, 206, 531, 598, 68, 950, 607, 883, 748, 587, 691, 452, 79, 450, 706, 187, 40, 488, 860, 590, 521, 630, 166, 748, 362, 66, 242, 233, 527, 743, 483, 547, 929, 914, 202, 493, 485, 58, 874, 424, 269, 764, 588, 703, 103, 337, 289, 144, 656, 232, 365, 259, 74, 481, 205, 477, 674, 875, 859, 653, 460, 192, 156]
Tree:
None

Fitness:
12.247737215802712