Generation:
1000

Phenotype:
+9.6E-0*KS(x[:,0], 6.1E-1,5.7E-2,None)+2.0E-0*KG(x[:,0], 8.6E-4,8.9E+0,None)+5.9E-0*KG(x[:,0], 3.1E-0,2.0E+0,None)-9.5E-3*KS(x[:,0], 8.9E+4,6.4E+5,None)

Genotype:
[773, 494, 494, 996, 969, 480, 77, 811, 339, 191, 40, 377, 423, 172, 902, 505, 674, 1000, 250, 91, 310, 322, 996, 343, 614, 736, 219, 382, 150, 485, 451, 814, 238, 939, 991, 890, 173, 191, 279, 880, 820, 120, 118, 590, 527, 898, 537, 413, 205, 345, 403, 637, 869, 110, 114, 680, 274, 874, 825, 202, 271, 39, 922, 525, 268, 580, 177, 983, 894, 41, 250, 34, 659, 105, 459, 108, 44, 613, 284, 829, 319, 308, 327, 61, 585, 388, 405, 645, 350, 667, 932, 195, 38, 891, 735, 248, 787, 918, 691, 412, 939, 601, 538, 553, 669, 497, 931, 488, 42, 678, 674, 938, 610, 624, 704, 384, 107, 66, 262, 542, 0, 508, 202, 4, 63, 518, 938, 306, 306, 444, 770, 530, 605, 731, 409, 409, 863, 24, 609, 942, 138, 802, 642, 498, 920, 180, 121, 868, 285, 21, 196, 349, 187, 142, 673, 725, 849]
Tree:
None

Fitness:
4.523497110984643