Generation:
1000

Phenotype:
+9.9E-1*KG(x[:,0], 3.0E-0,9.9E-1,None)-4.6E-2*KP(x[:,0], 7.4E-6,8.7E-1,0)-8.9E-2*KG(x[:,0], 7.4E-0,9.6E-9,None)

Genotype:
[385, 110, 917, 29, 877, 471, 344, 350, 823, 130, 971, 149, 235, 211, 686, 957, 583, 939, 596, 261, 132, 924, 754, 951, 686, 475, 87, 139, 481, 25, 606, 533, 259, 939, 649, 962, 834, 984, 133, 820, 161, 686, 651, 779, 699, 833, 648, 238, 53, 10, 814, 179, 161, 994, 901, 261, 67, 22, 981, 949, 204, 965, 547, 816, 302, 668, 582, 863, 334, 695, 432, 408, 842, 229, 454, 228, 577, 967, 923, 328, 403, 866, 371, 711, 626, 712, 103, 680, 908, 496]
Tree:
None

Fitness:
0.03576379165693799