Generation:
1000

Phenotype:
-8.5E-3*KS(x[:,0], 3.4E+7,3.4E+8,None)+6.6E-8*KS(x[:,0], 7.2E+5,3.6E-9,None)

Genotype:
[509, 605, 358, 285, 211, 403, 164, 544, 964, 187, 569, 364, 476, 768, 482, 10, 808, 752, 306, 221, 238, 186, 82, 626, 775, 425, 556, 773, 779, 139, 290, 729, 581, 18, 113, 259, 660, 90, 77, 983, 404, 501, 11, 447, 984, 131, 715, 34, 455, 311, 619, 877, 145, 139, 473, 116, 626, 431, 483, 382, 79, 400, 933, 563, 565, 754, 557, 138, 300, 514, 315, 482, 134, 943, 911, 513, 671, 756, 4, 658, 296, 717, 892, 988, 572, 628, 991, 16, 882, 526, 95, 623, 121, 877, 740, 536, 390, 661, 566, 108, 620, 505, 439, 541, 542, 257, 525, 401, 813, 501, 8, 441, 293, 795, 584, 884, 747, 290, 480, 177, 224, 33, 660, 444, 204, 852, 421, 218, 977, 656, 490, 895, 876, 963, 220]
Tree:
None

Fitness:
2.4433532703054657