Generation:
1000

Phenotype:
+9.9E-0*KS(x[:,0], 6.6E-1,4.0E-1,None)

Genotype:
[718, 640, 206, 849, 491, 840, 428, 976, 245, 101, 111, 280, 41, 821, 724, 566, 334, 253, 615, 801, 350, 392, 317, 785, 472, 433, 23, 400, 624, 304, 539, 498, 226, 145, 294, 787, 438, 804, 978, 768, 52, 438, 523, 30, 187, 757, 630, 492, 358, 929, 969, 742, 574, 709, 940, 170, 3, 294, 58, 15, 544, 316, 267, 604, 968, 872, 829, 496, 418, 379, 404, 966, 728, 75, 190, 423, 175, 111, 537, 564, 869, 893, 779, 508, 702, 310, 557, 435, 88, 66]
Tree:
None

Fitness:
18.0502401757406