Generation:
1000

Phenotype:
+9.2E+4*KP(x[:,0], 6.6E-5,2.9E-6,3)-9.6E-1*KP(x[:,0], 4.1E-2,3.2E-5,4)-5.6E-8*KS(x[:,0], 6.1E-9,5.4E-8,None)

Genotype:
[891, 900, 296, 452, 686, 124, 140, 196, 233, 445, 91, 619, 41, 296, 343, 675, 497, 755, 596, 65, 851, 930, 381, 323, 312, 515, 942, 983, 915, 364, 826, 703, 814, 826, 507, 108, 176, 771, 619, 129, 409, 924, 765, 858, 465, 483, 970, 204, 877, 905, 19, 961, 251, 392, 22, 564, 678, 249, 561, 506, 637, 115, 138, 468, 327, 204, 794]
Tree:
None

Fitness:
2.4723592228244606