Generation:
1000

Phenotype:
+5.3E-1*KP(x[:,0], 8.4E-0,5.5E-0,1)-9.0E+0*KG(x[:,0], 1.2E-0,3.6E+0,None)+9.9E-1*KS(x[:,0], 8.4E+8,5.5E+8,None)

Genotype:
[783, 718, 283, 923, 37, 971, 394, 894, 349, 410, 229, 35, 497, 330, 421, 313, 961, 26, 310, 110, 340, 135, 212, 377, 600, 956, 96, 88, 330, 419, 46, 678, 908, 839, 451, 841, 889, 274, 298, 358, 787, 265, 218, 798, 188, 915, 31, 410, 398, 910, 311, 126, 297, 169, 170, 486, 354, 842, 179, 136, 618, 182, 885, 809, 749, 452, 172]
Tree:
None

Fitness:
9.254518551541597