Generation:
1000

Phenotype:
+7.1E-0*KS(x[:,0], 4.0E+8,8.2E-8,None)+8.0E-2*KP(x[:,0], 9.1E-6,5.7E+1,1)

Genotype:
[131, 270, 348, 441, 175, 120, 975, 720, 32, 208, 502, 592, 201, 778, 395, 500, 896, 61, 530, 803, 672, 593, 511, 937, 506, 310, 327, 638, 831, 31, 646, 364, 746, 426, 199, 90, 834, 65, 57, 623, 449, 787, 962, 462, 193, 899, 839, 239, 658, 844, 90, 388, 171, 108, 291, 254, 683, 549, 374, 956, 906, 114, 888, 651, 596, 529, 396, 822, 369, 796, 2, 552, 920, 831, 404, 603, 224, 333, 741, 674, 971, 643, 659, 300, 734, 738, 158, 145, 690, 929]
Tree:
None

Fitness:
28.07290644364601