Generation:
1000

Phenotype:
+4.3E-2*KP(x[:,0], 6.9E+1,1.0E-8,1)+8.9E-0*KG(x[:,0], 9.9E-1,1.9E+0,None)+3.7E+0*KG(x[:,0], 2.0E+0,2.0E-3,None)

Genotype:
[717, 666, 813, 823, 971, 302, 617, 19, 200, 251, 225, 340, 371, 38, 331, 847, 462, 160, 199, 705, 760, 602, 29, 119, 71, 36, 309, 900, 260, 551, 402, 588, 884, 717, 26, 520, 271, 160, 32, 230, 370, 930, 169, 193, 654, 19, 385, 585, 996, 68, 429, 368, 689, 818, 904, 328, 691, 155, 771, 37, 479, 466, 305, 435, 340, 859, 570, 925, 711, 668, 80, 119, 360, 483, 938, 524, 51, 143, 353, 718, 428, 819, 269, 474, 20, 468, 829, 328, 827, 597, 838, 726, 454, 830, 834, 646, 77, 779, 840, 891, 125, 764, 487, 974, 856, 57, 459, 361, 324, 671, 634, 290, 408, 460, 753, 692, 983, 422, 16, 73, 356, 381, 3, 621, 504, 789, 952, 446, 507, 624, 955, 823, 284, 301, 187]
Tree:
None

Fitness:
3.799426862156958