Generation:
1000

Phenotype:
+9.9E-0*KS(x[:,0], 5.6E-1,9.4E-3,None)+5.8E+0*KG(x[:,0], 3.9E+0,1.9E+0,None)+2.0E+0*KS(x[:,0], 8.2E-3,4.3E+1,None)

Genotype:
[53, 614, 485, 719, 311, 50, 805, 506, 177, 321, 134, 544, 103, 843, 824, 505, 980, 256, 448, 766, 170, 101, 9, 890, 180, 972, 579, 56, 570, 893, 484, 464, 955, 610, 868, 650, 736, 142, 365, 143, 75, 863, 732, 401, 686, 727, 837, 887, 624, 693, 544, 235, 46, 291, 517, 281, 290, 941, 30, 130, 235, 201, 776, 56, 763, 972, 755, 581, 902, 105, 912, 64, 161, 462, 416, 869, 243, 194, 821, 734, 650, 637, 616, 39, 305, 109, 227, 450, 807, 137, 466, 382, 887, 910, 127, 331, 999, 418, 508, 163, 487, 451, 919, 586, 164, 835, 624, 991, 860, 510, 882, 845, 436, 386, 988, 256, 175, 985, 19, 669, 576, 771, 695, 799, 509, 81, 798, 589, 692, 453, 961, 340, 817, 715, 613, 836, 664, 475, 196, 514, 317, 66, 478, 620, 696, 294, 607, 90, 109, 234, 192, 230, 810, 233, 738, 443, 306]
Tree:
None

Fitness:
6.2363746799629105