Generation:
1000

Phenotype:
+9.9E+0*KS(x[:,0], 6.6E-1,4.0E-1,None)

Genotype:
[742, 664, 647, 449, 372, 930, 95, 226, 693, 131, 588, 830, 803, 761, 226, 267, 390, 923, 172, 100, 190, 780, 857, 316, 459, 916, 754, 247, 120, 167, 193, 552, 121, 23, 437, 985, 362, 376, 626, 741, 612, 487, 581, 917, 69, 274, 130, 486, 110, 78, 251, 248, 136, 573, 304, 269, 399, 413, 857, 612, 862, 846, 918, 98, 16, 8, 485, 676, 355, 425, 752, 996, 168, 32, 221, 753, 126, 641, 168, 234, 869, 501, 914, 367, 281, 463, 240, 509, 803, 291, 746, 346, 267, 179, 341, 631, 586, 899, 40, 315, 15, 109, 84, 755, 510, 816, 760, 250, 849, 657, 753, 255, 964, 523, 358, 423, 860, 256, 443, 560, 205, 341, 655, 929, 17, 958, 445, 187, 306, 320, 852, 637, 198, 68, 990, 113, 582, 591, 866, 385, 144, 373, 415, 139, 905, 77, 693, 992, 840, 639, 366, 399, 253, 817, 996, 616, 367]
Tree:
None

Fitness:
18.0502401757406