Generation:
1000

Phenotype:
+7.6E-2*KS(x[:,0], 1.3E+1,2.3E-6,None)-5.8E+1*KS(x[:,0], 7.1E-4,2.2E-4,None)

Genotype:
[395, 746, 447, 676, 483, 492, 126, 593, 536, 911, 640, 523, 889, 796, 205, 370, 897, 247, 878, 496, 381, 582, 581, 411, 284, 244, 942, 125, 204, 484, 322, 191, 784, 839, 913, 795, 734, 266, 167, 60, 521, 503, 687, 515, 901, 458, 397, 528, 827, 485, 214, 939, 916, 148, 497, 714, 674, 717, 551, 119, 146, 9, 63, 182, 720, 34, 720, 552, 435, 809, 108, 190, 478, 520, 709, 70, 603, 269, 917, 466, 579, 755, 66, 868, 516, 924, 936, 345, 938, 548, 978, 234, 297, 264, 563, 492, 373, 812, 524, 748, 483, 695, 692, 772, 411, 899, 890, 634, 707, 509, 631, 700, 109, 663, 956, 461, 357, 420, 550, 117, 434, 598, 964, 484, 946, 114, 996, 1000, 845, 948, 966, 112, 519, 445, 329]
Tree:
None

Fitness:
2.1522589230947577