Generation:
1000

Phenotype:
+9.6E+0*KS(x[:,0], 7.1E-1,9.4E-3,None)+3.3E-0*KG(x[:,0], 4.4E-2,6.0E-1,None)

Genotype:
[707, 404, 26, 436, 446, 130, 942, 691, 419, 181, 530, 894, 801, 823, 791, 912, 98, 668, 843, 3, 290, 480, 414, 473, 272, 608, 700, 651, 141, 436, 493, 194, 247, 593, 374, 318, 93, 262, 902, 606, 605, 202, 150, 362, 724, 137, 490, 16, 755, 394, 969, 768, 68, 677, 871, 714, 120, 281, 12, 669, 396, 816, 456, 65, 472, 212, 927, 946, 543, 463, 454, 712, 31, 713, 198, 741, 1000, 457, 50, 0, 75, 583, 623, 489, 950, 844, 216, 523, 860, 505]
Tree:
None

Fitness:
12.070300440706434