Generation:
1000

Phenotype:
-7.9E-2*KS(x[:,0], 2.9E-0,3.0E-0,None)+8.9E+4*KP(x[:,0], 8.9E-3,1.7E-5,4)+9.9E-1*KG(x[:,0], 3.0E-0,1.0E-0,None)

Genotype:
[827, 125, 762, 649, 791, 292, 388, 629, 469, 0, 344, 670, 363, 830, 623, 27, 138, 448, 859, 208, 714, 538, 699, 925, 663, 558, 807, 679, 525, 734, 852, 260, 863, 579, 729, 971, 551, 340, 995, 50, 648, 690, 573, 370, 328, 787, 768, 644, 765, 984, 908, 297, 978, 16, 730, 543, 938, 36, 406, 274, 644, 760, 101, 718, 41, 230, 950]
Tree:
None

Fitness:
0.043931504479583224