Generation:
1000

Phenotype:
+7.5E-6*KS(x[:,0], 3.9E-2,5.6E-1,None)

Genotype:
[136, 488, 942, 825, 757, 656, 749, 169, 365, 542, 13, 916, 909, 531, 62, 953, 169, 920, 372, 921, 864, 851, 408, 542, 928, 130, 438, 857, 321, 751, 126, 434, 78, 644, 712, 174, 773, 169, 393, 885, 407, 21, 782, 628, 639, 309, 730, 784, 113, 604, 307, 204, 588, 735, 975, 350, 406, 8, 441, 330, 805, 375, 553, 938, 350, 529, 257, 255, 750, 460, 427, 588, 142, 797, 201, 228, 29, 791, 654, 246, 353, 134, 529, 868, 794, 867, 961, 776, 809, 919]
Tree:
None

Fitness:
2.472425371275637