Generation:
1000

Phenotype:
+4.2E-1*KS(x[:,0], 8.1E-9,1.1E+1,None)+1.3E-1*KP(x[:,0], 3.2E+1,3.9E-3,1)+4.7E-3*KS(x[:,0], 3.4E-3,6.5E-1,None)

Genotype:
[701, 92, 381, 632, 141, 741, 754, 891, 13, 859, 261, 171, 762, 1, 606, 51, 466, 675, 673, 509, 361, 182, 812, 28, 991, 200, 219, 343, 283, 831, 466, 966, 750, 467, 941, 533, 767, 414, 457, 933, 275, 945, 997, 621, 94, 973, 90, 80, 180, 480, 205, 869, 275, 967, 634, 119, 944, 360, 922, 607, 190, 766, 373, 653, 153, 203, 488, 368, 940, 433, 393, 620, 839, 916, 850, 163, 267, 727, 923, 894, 32, 231, 485, 653, 192, 361, 961, 671, 570, 97]
Tree:
None

Fitness:
30.869725333263755