Generation:
1000

Phenotype:
-5.0E-2*KG(x[:,0], 9.2E-9,9.5E-2,None)+9.9E-1*KG(x[:,0], 3.2E-0,9.9E-1,None)

Genotype:
[547, 215, 229, 930, 971, 162, 377, 572, 309, 799, 512, 65, 335, 602, 435, 558, 736, 962, 159, 769, 671, 812, 212, 877, 70, 278, 609, 177, 891, 651, 425, 696, 148, 265, 950, 402, 776, 762, 763, 188, 237, 506, 104, 965, 989, 612, 125, 411, 921, 847, 556, 385, 601, 350, 546, 235, 69, 183, 540, 799, 225, 838, 211, 652, 880, 484, 895, 967, 328, 910, 46, 572, 374, 110, 725, 648, 807, 177, 228, 333, 799, 195, 103, 260, 846, 416, 273, 406, 957, 158]
Tree:
None

Fitness:
0.04774202792626433