Generation:
1000

Phenotype:
+4.2E-7*KP(x[:,0], 7.8E+6,6.1E+6,1)+9.9E-1*KS(x[:,0], 7.9E-0,5.1E-0,None)

Genotype:
[105, 188, 597, 602, 517, 277, 402, 158, 56, 226, 41, 431, 18, 456, 211, 832, 278, 422, 389, 883, 801, 177, 789, 127, 360, 193, 871, 625, 490, 534, 38, 754, 582, 942, 903, 572, 523, 154, 610, 971, 819, 713, 936, 256, 468, 92, 837, 696, 150, 859, 522, 183, 823, 167, 6, 142, 722, 349, 744, 487, 28, 898, 899, 34, 736, 243, 760, 997, 171, 466, 279, 924, 876, 94, 455, 235, 419, 158, 910, 498, 60, 438, 581, 7, 397, 778, 713, 555, 520, 461, 415, 111, 862, 538, 824, 27, 910, 628, 198, 369, 282, 948, 216, 387, 838, 366, 603, 836, 653, 660, 269, 779, 753, 949, 104, 457, 942, 756, 47, 929, 520, 880, 32, 756, 65, 797, 548, 685, 385, 178, 958, 516, 549, 64, 852, 476, 960, 563, 75, 575, 937, 854, 560, 318, 105, 160, 505, 538, 876, 848, 532, 889, 511, 476, 702, 290, 60, 794, 954, 489, 13, 653, 749, 999, 858, 93, 599, 525, 626, 613, 141, 906, 33, 44, 935, 387, 802, 873, 504, 503]
Tree:
None

Fitness:
20.29860548605887