Generation:
1000

Phenotype:
+9.8E-2*KS(x[:,0], 5.9E-0,7.7E-8,None)-6.9E-1*KS(x[:,0], 8.5E-2,8.6E-7,None)+1.3E-9*KS(x[:,0], 3.5E-2,1.5E+1,None)

Genotype:
[875, 658, 296, 578, 977, 822, 679, 739, 21, 600, 60, 847, 227, 328, 428, 311, 289, 986, 959, 613, 701, 736, 495, 329, 962, 646, 856, 41, 707, 293, 628, 44, 324, 743, 925, 549, 704, 365, 477, 872, 333, 775, 222, 891, 340, 620, 228, 813, 398, 724, 554, 107, 197, 723, 803, 798, 293, 775, 169, 604, 591, 90, 303, 186, 250, 408, 516, 280, 595, 576, 950, 454, 646, 256, 198, 629, 227, 994, 651, 522, 140, 754, 587, 290, 848, 895, 499, 313, 195, 618, 193, 861, 511, 626, 819, 24, 889, 481, 818, 774, 361, 863, 319, 358, 501, 284, 337, 29, 71, 902, 380, 770, 231, 911, 662, 572, 251, 256, 632, 319, 814, 3, 395, 598, 485, 29, 859, 626, 563, 722, 698, 991, 950, 365, 728]
Tree:
None

Fitness:
2.096912564561056