Generation:
1000

Phenotype:
+1.1E-0*KG(x[:,0], 3.4E-0,1.0E+0,None)-6.6E-2*KS(x[:,0], 5.1E+0,4.9E+0,None)

Genotype:
[133, 14, 171, 401, 685, 900, 884, 194, 379, 230, 324, 350, 640, 50, 341, 244, 21, 5, 406, 61, 792, 823, 261, 676, 20, 147, 9, 994, 200, 451, 235, 426, 897, 46, 213, 179, 717, 38, 532, 546, 331, 393, 624, 694, 503, 682, 956, 358, 91, 419, 980, 188, 159, 610, 132, 717, 79, 202, 588, 998, 771, 299, 551, 564, 805, 153, 458, 212, 246, 138, 966, 797, 342, 688, 838, 852, 330, 900, 338, 870, 819, 117, 673, 95, 340, 681, 281, 88, 641, 58]
Tree:
None

Fitness:
0.03123340088149835