Generation:
1000

Phenotype:
+9.9E-1*KG(x[:,0], 3.0E+0,1.0E+0,None)-9.9E-2*KG(x[:,0], 6.6E-0,2.1E-0,None)-4.7E-2*KS(x[:,0], 2.9E-6,3.4E-0,None)

Genotype:
[271, 628, 368, 559, 505, 861, 317, 560, 504, 620, 252, 840, 732, 80, 512, 679, 609, 242, 849, 883, 992, 293, 736, 971, 630, 892, 31, 629, 970, 43, 928, 795, 399, 297, 83, 602, 127, 969, 93, 706, 317, 74, 877, 460, 616, 945, 0, 272, 727, 685, 797, 479, 59, 938, 144, 948, 751, 230, 116, 182, 264, 528, 263, 893, 313, 129, 465, 703, 970, 655, 579, 118, 301, 940, 878, 798, 250, 343, 981, 687, 14, 777, 175, 668, 918, 314, 362, 37, 437, 6, 644, 849, 528, 729, 703, 242, 570, 76, 135, 453, 737, 519, 818, 741, 688, 802, 66, 191, 587, 247, 857, 990, 870, 829, 690, 838, 982, 712, 199, 260, 774, 260, 885, 572, 53, 74, 221, 698, 304, 235, 828, 404, 479, 188, 940]
Tree:
None

Fitness:
0.03351643143404389