Generation:
1000

Phenotype:
+1.1E-0*KG(x[:,0], 3.1E+0,1.0E-0,None)-8.7E-2*KG(x[:,0], 7.9E-8,3.4E+2,None)

Genotype:
[511, 720, 774, 231, 867, 150, 668, 921, 998, 260, 72, 670, 501, 280, 969, 648, 17, 538, 167, 345, 882, 510, 149, 489, 928, 47, 674, 112, 152, 881, 418, 781, 315, 273, 302, 921, 505, 231, 719, 127, 42, 904, 329, 453, 811, 766, 385, 734, 574, 908, 695, 672, 410, 184, 578, 820, 312, 492, 934, 676, 987, 88, 600, 943, 92, 975, 640, 42, 273, 690, 151, 731, 274, 694, 15, 695, 664, 21, 592, 316, 551, 765, 3, 339, 310, 763, 539, 464, 766, 561]
Tree:
None

Fitness:
0.03063236572256295