Generation:
1000

Phenotype:
+7.7E-2*KS(x[:,0], 6.6E+0,5.1E-5,None)-1.5E-7*KP(x[:,0], 3.3E+2,1.2E+2,2)

Genotype:
[329, 242, 861, 247, 301, 782, 653, 526, 238, 270, 877, 441, 999, 425, 414, 134, 817, 513, 315, 519, 177, 173, 793, 392, 992, 81, 762, 608, 822, 332, 311, 173, 284, 264, 168, 915, 32, 957, 37, 895, 492, 698, 19, 526, 642, 500, 504, 681, 583, 690, 418, 883, 788, 185, 378, 787, 267, 637, 392, 996, 684, 1, 241, 383, 965, 822, 571, 162, 626, 556, 314, 952, 177, 918, 562, 642, 363, 907, 199, 994, 6, 195, 815, 490, 172, 655, 105, 213, 656, 648, 794, 186, 158, 834, 343, 115, 62, 811, 41, 208, 968, 561, 929, 414, 835, 127, 903, 496, 182, 287, 529, 125, 761, 235, 670, 496, 118, 943, 7, 667, 606, 497, 659, 304, 789, 159, 398, 789, 100, 574, 56, 101, 794, 238, 56, 617, 750, 895, 75, 416, 669, 954, 862, 397, 438, 752, 650, 799, 142, 266, 760, 178, 746, 453, 657, 903, 815]
Tree:
None

Fitness:
2.0841669756623333