Generation:
1000

Phenotype:
+5.0E-2*KS(x[:,0], 9.4E+8,1.0E-9,None)

Genotype:
[958, 646, 949, 740, 345, 992, 764, 374, 842, 28, 720, 350, 655, 799, 508, 489, 607, 409, 862, 826, 531, 991, 46, 435, 349, 926, 719, 340, 354, 675, 159, 57, 17, 277, 251, 386, 205, 479, 683, 770, 270, 498, 62, 252, 490, 380, 70, 197, 64, 67, 278, 487, 800, 917, 109, 988, 815, 893, 203, 447, 948, 115, 724, 636, 156, 656, 666, 408, 597, 994, 572, 981, 263, 387, 828, 183, 851, 24, 184, 558, 899, 821, 703, 578, 676, 202, 103, 762, 434, 641, 721, 190, 928, 598, 124, 842, 355, 777, 441, 256, 342, 697, 362, 599, 124, 117, 98, 719, 454, 284, 974, 632, 939, 699, 205, 951, 915, 588, 354, 457, 931, 578, 765, 429, 132, 490, 436, 547, 653, 288, 385, 876, 519, 949, 928, 422, 900, 40, 775, 664, 679, 494, 87, 96, 108, 281, 694, 961, 755, 452, 452, 233, 378, 547, 531, 152, 472]
Tree:
None

Fitness:
2.2868615606190237