Generation:
1000

Phenotype:
+1.1E+0*KG(x[:,0], 3.0E+0,1.0E+0,None)-9.9E-2*KS(x[:,0], 3.1E+0,3.0E-0,None)+2.9E-3*KP(x[:,0], 7.5E-1,9.7E-9,4)

Genotype:
[403, 986, 477, 541, 196, 440, 506, 920, 30, 760, 234, 190, 238, 870, 464, 245, 773, 368, 639, 679, 892, 479, 211, 312, 80, 686, 520, 727, 920, 714, 590, 40, 433, 769, 213, 463, 915, 885, 311, 901, 134, 787, 981, 239, 789, 107, 544, 919, 281, 802, 365, 466, 597, 591, 301, 783, 495, 340, 395, 670, 211, 389, 360, 319, 533, 572, 12, 314, 80, 233, 609, 19, 381, 74, 634, 449, 493, 812, 266, 763, 743, 760, 914, 617, 76, 552, 421, 498, 594, 721, 403, 888, 954, 181, 146, 346, 113, 235, 984, 799, 77, 483, 88, 379, 819, 485, 254, 670, 209, 620, 790, 257, 251, 535, 554, 826, 393, 617, 853, 888, 95, 415, 106, 465, 187, 811, 861, 46, 678, 163, 60, 30, 187, 385, 842]
Tree:
None

Fitness:
0.022804748985631174