Generation:
1000

Phenotype:
+3.7E-2*KS(x[:,0], 6.3E+9,4.3E-4,None)-3.4E-8*KP(x[:,0], 8.7E-1,3.0E-5,3)+1.3E-4*KG(x[:,0], 1.0E-2,6.9E-7,None)+5.5E-9*KS(x[:,0], 2.9E+6,5.2E+9,None)

Genotype:
[377, 818, 317, 247, 797, 102, 293, 943, 386, 419, 273, 43, 271, 984, 315, 129, 817, 596, 244, 285, 918, 520, 417, 633, 941, 659, 570, 447, 935, 93, 91, 164, 360, 373, 631, 154, 783, 700, 875, 92, 752, 29, 31, 987, 564, 148, 280, 886, 285, 835, 119, 712, 789, 790, 286, 589, 92, 746, 199, 255, 628, 770, 122, 796, 46, 310, 609, 420, 659, 237, 840, 89, 445, 504, 364, 67, 145, 792, 638, 795, 701, 571, 887, 330, 162, 853, 463, 266, 286, 862]
Tree:
None

Fitness:
2.3493425398178314