Generation:
1000

Phenotype:
+8.8E+0*KS(x[:,0], 5.5E+8,2.7E+4,None)+2.9E-0*KG(x[:,0], 6.2E-7,8.1E-9,None)

Genotype:
[989, 140, 511, 938, 24, 290, 202, 815, 970, 348, 775, 527, 152, 794, 326, 654, 192, 154, 459, 695, 790, 383, 752, 537, 67, 826, 211, 885, 139, 606, 791, 915, 279, 303, 49, 617, 976, 318, 529, 746, 558, 352, 485, 93, 667, 799, 335, 346, 693, 885, 184, 986, 58, 409, 90, 230, 945, 228, 587, 668, 280, 852, 436, 372, 786, 757, 583, 509, 848, 527, 809, 361, 369, 626, 450, 399, 702, 846, 651, 648, 904, 995, 725, 964, 792, 375, 965, 497, 668, 352, 907, 228, 324, 666, 884, 488, 627, 725, 357, 459, 262, 938, 626, 31, 779, 507, 644, 321, 983, 269, 622, 671]
Tree:
None

Fitness:
31.981617637544424