Generation:
1000

Phenotype:
+9.9E-0*KS(x[:,0], 7.4E-1,1.0E-1,None)+2.4E-0*KG(x[:,0], 9.6E-3,8.0E-1,None)-4.7E-1*KS(x[:,0], 7.0E+2,2.9E-8,None)

Genotype:
[527, 166, 233, 499, 1, 640, 663, 304, 743, 821, 675, 940, 875, 371, 41, 349, 548, 730, 874, 145, 70, 305, 326, 699, 863, 565, 240, 843, 211, 393, 658, 603, 750, 967, 121, 681, 564, 0, 988, 592, 694, 179, 401, 448, 289, 636, 710, 489, 271, 692, 806, 311, 561, 471, 193, 883, 587, 306, 545, 236, 561, 948, 597, 222, 969, 398, 621, 452, 47, 683, 74, 185, 612, 128, 392, 952, 747, 71, 306, 296, 578, 187, 70, 757, 365, 500, 152, 73, 825, 712, 351, 269, 437, 308, 642, 252, 780, 721, 147, 162, 874, 500, 690, 72, 885, 406, 724, 774, 728, 5, 868, 14, 181, 124, 692, 217, 364, 456, 425, 673, 294, 758, 553, 915, 893, 689, 332, 591, 417, 212, 92, 9, 418, 434, 541, 759, 77, 394, 57, 606, 530, 250, 286, 348, 539, 645, 300, 301, 577, 630, 831, 96, 113, 714, 406, 443, 455]
Tree:
None

Fitness:
11.884997653582914