Generation:
1000

Phenotype:
+9.8E-0*KS(x[:,0], 6.9E-1,7.5E-2,None)+2.3E-0*KS(x[:,0], 8.8E+0,7.7E+7,None)-3.5E-3*KP(x[:,0], 2.4E-0,6.2E-3,2)-1.5E-1*KS(x[:,0], 7.2E-0,2.8E-4,None)

Genotype:
[497, 484, 728, 918, 479, 470, 509, 499, 169, 51, 798, 695, 127, 312, 221, 125, 74, 613, 153, 913, 540, 385, 458, 522, 60, 627, 627, 674, 107, 661, 603, 279, 452, 365, 305, 13, 973, 54, 73, 540, 293, 852, 561, 583, 47, 940, 831, 927, 325, 715, 951, 708, 432, 807, 120, 649, 958, 819, 574, 228, 67, 586, 311, 712, 992, 136, 212, 430, 67, 82, 130, 779, 447, 655, 502, 664, 799, 584, 436, 672, 724, 894, 117, 978, 8, 741, 176, 586, 213, 26, 385, 585, 228, 778, 120, 195, 91, 678, 745, 634, 888, 287, 508, 765, 434, 593, 746, 22, 720, 635, 55, 949, 971, 918, 555, 253, 760, 327, 936, 401, 92, 984, 860, 653, 780, 731, 690, 623, 707, 166, 237, 310, 630, 150, 297]
Tree:
None

Fitness:
12.255731310084908