Generation:
1000

Phenotype:
+9.7E-0*KS(x[:,0], 7.2E-1,9.4E-2,None)+2.4E+0*KS(x[:,0], 1.5E+2,2.1E+3,None)-1.9E+0*KG(x[:,0], 6.0E+0,7.8E-1,None)

Genotype:
[335, 156, 62, 117, 609, 900, 6, 622, 601, 611, 539, 894, 617, 542, 191, 731, 994, 379, 364, 396, 880, 909, 985, 310, 492, 415, 931, 372, 313, 477, 342, 199, 594, 59, 62, 620, 203, 1000, 2, 480, 663, 928, 409, 891, 819, 208, 307, 898, 538, 819, 231, 269, 238, 788, 488, 934, 684, 295, 779, 674, 245, 186, 558, 662, 735, 405, 2]
Tree:
None

Fitness:
10.435326355998894