Generation:
1000

Phenotype:
+8.5E-0*KS(x[:,0], 8.2E-1,5.3E-3,None)+3.0E+4*KS(x[:,0], 9.9E-6,8.4E-5,None)

Genotype:
[737, 880, 421, 915, 533, 420, 277, 12, 467, 781, 526, 643, 979, 543, 839, 16, 170, 578, 900, 890, 764, 863, 379, 813, 356, 502, 154, 897, 585, 296, 640, 30, 672, 681, 133, 563, 293, 332, 776, 567, 959, 410, 306, 80, 494, 391, 934, 613, 243, 259, 510, 221, 115, 170, 105, 322, 109, 489, 732, 135, 735, 251, 827, 583, 415, 585, 119, 471, 655, 491, 701, 909, 501, 273, 430, 597, 974, 210, 704, 383, 544, 657, 675, 274, 671, 612, 990, 6, 385, 808, 3, 404, 748, 93, 889, 229, 346, 473, 670, 193, 656, 285, 717, 707, 82, 273, 118, 259, 634, 423, 913, 61, 693, 97, 261, 851, 143, 89, 907, 336, 936, 307, 545, 543, 970, 665, 474, 23, 40, 434, 586, 996, 845, 10, 213, 910, 334, 340, 326, 356, 535, 396, 803, 178, 895, 431, 653, 928, 738, 618, 100, 22, 9, 665, 331, 404, 303]
Tree:
None

Fitness:
13.474951061497773