Generation:
1000

Phenotype:
+1.3E-3*KS(x[:,0], 4.5E-9,2.4E-0,None)+4.4E-2*KS(x[:,0], 9.4E+5,1.9E-2,None)

Genotype:
[701, 822, 936, 553, 625, 623, 525, 545, 505, 889, 685, 524, 57, 310, 588, 532, 84, 102, 794, 819, 72, 926, 424, 348, 805, 414, 189, 133, 332, 535, 891, 664, 584, 597, 199, 803, 742, 26, 351, 190, 33, 646, 922, 832, 504, 538, 901, 904, 796, 42, 826, 756, 192, 268, 363, 736, 749, 890, 15, 404, 5, 811, 254, 859, 518, 941, 176, 588, 301, 172, 190, 499, 135, 625, 143, 176, 799, 970, 930, 435, 864, 592, 252, 983, 286, 678, 604, 269, 762, 409, 833, 68, 170, 840, 820, 983, 438, 170, 105, 889, 153, 956, 845, 725, 660, 473, 444, 587, 900, 3, 865, 611]
Tree:
None

Fitness:
2.2938121307294916