Generation:
1000

Phenotype:
+9.7E-0*KS(x[:,0], 6.2E-1,6.1E-9,None)+3.4E-0*KG(x[:,0], 6.6E-2,9.6E-1,None)

Genotype:
[311, 488, 701, 117, 707, 540, 347, 862, 457, 691, 806, 731, 825, 799, 36, 366, 44, 380, 714, 793, 370, 896, 146, 201, 962, 215, 946, 621, 451, 33, 913, 262, 124, 470, 319, 712, 996, 370, 850, 546, 40, 22, 933, 608, 615, 469, 353, 792, 676, 805, 941, 62, 307, 521, 324, 315, 165, 345, 348, 860, 304, 729, 255, 712, 111, 364, 442, 906, 16, 275, 415, 392, 70, 715, 559, 857, 310, 958, 957, 382, 588, 744, 785, 474, 950, 561, 935, 319, 449, 272, 950, 284, 750, 165, 647, 690, 504, 555, 978, 378, 832, 145, 127, 10, 268, 931, 504, 379, 116, 563, 127, 102]
Tree:
None

Fitness:
11.923267802604974