Generation:
1000

Phenotype:
+9.9E-2*KS(x[:,0], 5.4E+0,8.0E-7,None)+9.9E+1*KS(x[:,0], 3.9E-5,9.7E-6,None)-8.9E-2*KP(x[:,0], 4.5E-1,9.5E-3,3)

Genotype:
[701, 996, 269, 519, 231, 722, 589, 444, 732, 730, 178, 900, 279, 537, 959, 647, 128, 350, 339, 898, 121, 560, 419, 505, 785, 854, 537, 255, 366, 186, 14, 793, 124, 639, 117, 152, 237, 445, 709, 91, 665, 785, 783, 613, 638, 524, 509, 869, 620, 918, 937, 398, 208, 966, 608, 452, 412, 65, 20, 681, 633, 500, 690, 877, 438, 708, 245, 763, 143, 780, 93, 497, 325, 678, 968, 294, 281, 737, 837, 892, 67, 638, 684, 262, 205, 863, 565, 616, 836, 463]
Tree:
None

Fitness:
2.035954889944209