Generation:
1000

Phenotype:
+9.9E-1*KG(x[:,0], 3.1E+0,9.9E-1,None)-6.2E-2*KG(x[:,0], 2.3E-2,9.9E-1,None)+8.8E-3*KS(x[:,0], 1.3E+6,2.0E-8,None)

Genotype:
[955, 780, 143, 699, 569, 821, 254, 441, 580, 650, 926, 909, 503, 931, 788, 91, 597, 887, 332, 335, 412, 613, 153, 133, 462, 314, 819, 973, 41, 745, 772, 472, 835, 788, 205, 993, 486, 173, 892, 656, 28, 440, 103, 58, 787, 398, 924, 364, 327, 288, 147, 425, 850, 306, 510, 394, 570, 604, 344, 459, 605, 96, 839, 690, 898, 194, 620, 139, 92, 154, 250, 794, 409, 908, 41, 171, 324, 590, 564, 58, 309, 527, 934, 743, 383, 986, 427, 714, 523, 950, 233, 320, 86, 542, 532, 32, 432, 561, 996, 64, 882, 26, 935, 896, 211, 762, 457, 675, 22, 715, 102, 184, 431, 690, 834, 718, 562, 94, 554, 183, 715, 262, 415, 510, 448, 270, 464, 556, 615, 307, 122, 422, 895, 808, 813, 466, 123, 400, 841, 625, 283, 119, 747, 320, 743, 629, 609, 561, 0, 64, 210, 940, 549, 677, 168, 751, 790, 816, 867, 595, 674, 341, 83, 277, 590, 24, 603, 836, 872, 777, 890, 966, 128, 850, 310, 648, 606, 874, 932, 368]
Tree:
None

Fitness:
0.04678887355259265