Generation:
1000

Phenotype:
+9.9E-1*KG(x[:,0], 3.0E+0,9.9E-1,None)-6.5E-0*KP(x[:,0], 1.0E-9,7.0E-3,1)-2.7E-2*KS(x[:,0], 8.0E+7,6.4E+7,None)

Genotype:
[301, 704, 539, 759, 743, 141, 182, 950, 744, 0, 980, 779, 227, 41, 503, 423, 455, 464, 85, 523, 410, 639, 40, 813, 129, 663, 60, 661, 123, 906, 244, 805, 973, 897, 801, 862, 250, 820, 752, 177, 590, 354, 762, 947, 989, 142, 98, 793, 411, 2, 850, 336, 545, 750, 574, 591, 203, 600, 541, 628, 50, 148, 169, 223, 107, 759, 865, 998, 228, 281, 54, 196, 857, 434, 149, 757, 128, 699, 755, 196, 892, 752, 991, 832, 692, 132, 319, 835, 630, 938]
Tree:
None

Fitness:
0.04526675116505442