Generation:
1000

Phenotype:
+9.9E-2*KS(x[:,0], 5.9E-0,1.0E-9,None)-9.7E+8*KP(x[:,0], 4.9E-6,8.1E-7,2)

Genotype:
[569, 162, 341, 239, 299, 572, 733, 159, 43, 720, 81, 900, 845, 489, 602, 200, 907, 350, 477, 12, 858, 552, 349, 97, 726, 790, 971, 961, 167, 432, 15, 309, 539, 117, 548, 884, 974, 66, 7, 855, 310, 196, 972, 24, 466, 290, 893, 203, 0, 16, 453, 393, 639, 701, 693, 901, 461, 808, 488, 599, 125, 355, 720, 601, 135, 390, 14, 748, 457, 498, 935, 844, 780, 917, 473, 901, 108, 366, 931, 814, 32, 915, 73, 11, 438, 375, 203, 627, 330, 795]
Tree:
None

Fitness:
2.049195555792457