Generation:
1000

Phenotype:
+6.9E+0*KS(x[:,0], 3.6E+2,7.0E-3,None)+3.6E+0*KS(x[:,0], 9.8E-1,8.9E+8,None)

Genotype:
[269, 122, 374, 769, 362, 280, 650, 796, 320, 302, 141, 400, 459, 443, 355, 412, 176, 668, 326, 448, 130, 530, 878, 513, 221, 538, 809, 488, 38, 494, 26, 942, 641, 145, 780, 98, 99, 322, 986, 678, 452, 878, 95, 782, 425, 386, 240, 664, 922, 959, 647, 339, 899, 198, 85, 422, 217, 455, 832, 757, 693, 334, 995, 504, 409, 597, 105, 17, 153, 748, 872, 653, 285, 993, 957, 910, 822, 370, 56, 893, 122, 402, 129, 845, 436, 607, 232, 791, 302, 6]
Tree:
None

Fitness:
28.402528312935225