Generation:
1000

Phenotype:
+9.8E-1*KG(x[:,0], 4.8E-0,8.9E-1,None)-9.8E-3*KS(x[:,0], 8.3E-0,7.5E+1,None)

Genotype:
[163, 880, 224, 118, 593, 571, 75, 8, 523, 890, 898, 19, 111, 861, 941, 1000, 365, 440, 298, 223, 503, 169, 83, 321, 670, 528, 95, 940, 631, 628, 386, 365, 825, 101, 402, 186, 379, 782, 372, 15, 613, 253, 201, 765, 600, 847, 141, 59, 917, 102, 105, 906, 595, 804, 699, 507, 0, 18, 836, 697, 706, 390, 316, 76, 571, 433, 273, 997, 779, 450, 376, 546, 396, 679, 540, 92, 690, 267, 102, 654, 268, 405, 526, 20, 545, 813, 596, 965, 472, 723]
Tree:
None

Fitness:
0.6388228220847076