Generation:
1000

Phenotype:
-5.2E-2*KS(x[:,0], 2.3E-7,9.4E-1,None)-1.6E-2*KS(x[:,0], 4.3E-8,6.4E+3,None)

Genotype:
[467, 151, 409, 642, 157, 592, 406, 373, 823, 417, 998, 844, 103, 291, 809, 472, 53, 324, 576, 245, 132, 615, 323, 541, 878, 905, 124, 704, 803, 804, 494, 425, 40, 355, 759, 723, 205, 87, 618, 633, 856, 169, 774, 694, 529, 469, 337, 352, 285, 281, 985, 946, 625, 211, 615, 328, 515, 590, 376, 130, 200, 671, 460, 992, 230, 993, 492, 161, 605, 261, 930, 98, 948, 928, 701, 76, 794, 427, 654, 780, 789, 440, 142, 819, 884, 373, 162, 534, 613, 905, 243, 27, 87, 783, 716, 728, 315, 6, 444, 202, 202, 969, 322, 942, 135, 997, 284, 94, 624, 628, 67, 416, 150, 950, 620, 446, 520, 368, 294, 905, 416, 910, 365, 485, 806, 768, 936, 983, 447, 208, 51, 568, 413, 786, 640, 950, 361, 555, 778, 403, 980, 645, 494, 682, 698, 889, 786, 496, 492, 284, 256, 511, 292, 919, 819, 604, 138, 339, 97, 921, 210, 387, 901, 311, 709, 633, 162, 175, 921, 25, 603, 712, 87, 838, 907, 633, 686, 254, 660, 188]
Tree:
None

Fitness:
2.4477499125447952