Generation:
1000

Phenotype:
+9.8E-0*KS(x[:,0], 6.1E-1,8.9E-9,None)+3.3E+0*KG(x[:,0], 6.9E-2,8.9E-1,None)

Genotype:
[185, 554, 386, 338, 927, 760, 725, 71, 185, 231, 709, 379, 273, 829, 590, 732, 148, 668, 993, 754, 730, 149, 249, 681, 572, 718, 9, 531, 11, 821, 96, 857, 503, 583, 735, 546, 945, 820, 177, 45, 738, 520, 422, 766, 374, 871, 397, 24, 205, 829, 629, 732, 24, 603, 210, 333, 961, 578, 345, 791, 672, 357, 69, 293, 700, 595, 191, 35, 712, 8, 963, 854, 203, 569, 815, 805, 132, 668, 33, 560, 8, 455, 455, 132, 379, 223, 378, 633, 834, 374]
Tree:
None

Fitness:
11.959689801642881