Generation:
1000

Phenotype:
+9.9E-0*KS(x[:,0], 6.6E-1,4.0E-1,None)

Genotype:
[286, 16, 836, 89, 647, 520, 473, 406, 545, 491, 138, 550, 81, 101, 663, 463, 407, 763, 795, 55, 741, 913, 150, 843, 593, 692, 0, 229, 42, 139, 215, 711, 944, 679, 15, 149, 90, 616, 204, 398, 489, 728, 184, 950, 971, 341, 751, 436, 987, 14, 997, 861, 239, 726, 47, 326, 773, 625, 557, 359, 500, 450, 877, 120, 246, 738, 813, 940, 46, 269, 335, 8, 329, 42, 487, 483, 575, 606, 332, 891, 565, 312, 44, 579, 804, 645, 527, 907, 694, 948]
Tree:
None

Fitness:
18.0502401757406