Generation:
1000

Phenotype:
+9.9E-0*KS(x[:,0], 6.6E-1,4.0E-1,None)

Genotype:
[226, 38, 278, 769, 675, 50, 779, 916, 957, 421, 687, 910, 75, 511, 316, 429, 193, 142, 188, 175, 421, 724, 158, 961, 228, 549, 584, 780, 830, 371, 458, 92, 23, 903, 344, 127, 289, 586, 959, 386, 586, 358, 913, 280, 770, 829, 189, 604, 651, 477, 156, 84, 570, 345, 707, 738, 670, 606, 308, 777, 978, 47, 713, 786, 922, 857, 360, 891, 91, 489, 698, 834, 321, 651, 248, 263, 884, 12, 520, 219, 755, 304, 243, 183, 636, 507, 342, 792, 78, 517]
Tree:
None

Fitness:
18.0502401757406