Generation:
1000

Phenotype:
+9.1E-2*KS(x[:,0], 5.3E+0,1.2E-8,None)-6.9E-7*KP(x[:,0], 5.9E-0,5.8E-0,4)+7.6E-3*KS(x[:,0], 7.9E+1,2.7E-5,None)

Genotype:
[431, 126, 359, 1, 253, 212, 121, 263, 72, 130, 549, 442, 899, 588, 842, 825, 369, 59, 959, 665, 747, 247, 589, 17, 650, 499, 28, 967, 300, 169, 412, 896, 636, 66, 597, 433, 276, 249, 968, 731, 307, 67, 393, 475, 21, 343, 838, 865, 144, 583, 491, 99, 235, 416, 397, 901, 727, 7, 976, 97, 794, 77, 667, 826, 826, 870, 45, 502, 461, 561, 158, 677, 500, 0, 887, 313, 8, 985, 259, 893, 918, 518, 614, 32, 194, 657, 134, 986, 161, 738, 337, 751, 164, 138, 466, 784, 631, 721, 994, 618, 593, 929, 299, 460, 862, 597, 113, 761, 396, 445, 487, 528]
Tree:
None

Fitness:
2.056624135414974