Generation:
1000

Phenotype:
+9.9E-0*KS(x[:,0], 6.5E-1,3.9E-1,None)

Genotype:
[280, 602, 710, 899, 719, 960, 725, 75, 577, 331, 83, 519, 291, 71, 165, 225, 453, 449, 145, 946, 714, 563, 498, 704, 979, 514, 965, 708, 813, 631, 27, 622, 382, 647, 287, 375, 629, 280, 477, 30, 922, 270, 489, 779, 926, 762, 209, 542, 436, 572, 228, 150, 197, 839, 626, 819, 215, 13, 46, 915, 677, 353, 219, 212, 543, 329, 563, 757, 271, 485, 116, 781, 400, 152, 149, 97, 147, 243, 1, 411, 267, 581, 951, 54, 410, 379, 337, 562, 341, 468]
Tree:
None

Fitness:
18.045831446534375