Generation:
1000

Phenotype:
+9.6E+0*KS(x[:,0], 7.1E-1,8.7E-2,None)+2.3E-0*KS(x[:,0], 2.9E+7,7.7E+9,None)

Genotype:
[659, 78, 44, 26, 230, 360, 681, 631, 439, 101, 367, 427, 651, 372, 687, 124, 542, 280, 283, 357, 640, 352, 859, 570, 287, 807, 627, 412, 59, 688, 364, 701, 717, 710, 45, 752, 269, 592, 612, 548, 36, 971, 313, 945, 572, 305, 795, 992, 701, 627, 655, 191, 514, 246, 2, 766, 736, 226, 104, 210, 607, 219, 653, 17, 866, 929, 508, 412, 357, 513, 677, 768, 39, 854, 404, 28, 611, 736, 526, 692, 437, 324, 506, 499, 636, 524, 275, 889, 572, 850]
Tree:
None

Fitness:
12.412722458449835