Generation:
1000

Phenotype:
+9.9E-1*KG(x[:,0], 3.9E-0,9.9E-1,None)-9.6E-3*KS(x[:,0], 4.8E-7,2.7E+1,None)

Genotype:
[85, 116, 98, 449, 75, 781, 245, 129, 547, 30, 656, 49, 841, 611, 82, 406, 713, 872, 876, 189, 133, 930, 818, 459, 597, 55, 447, 902, 611, 715, 538, 822, 127, 155, 670, 452, 268, 900, 361, 466, 62, 939, 400, 882, 698, 142, 161, 900, 26, 896, 233, 577, 486, 479, 276, 422, 59, 949, 852, 51, 785, 870, 0, 959, 948, 59, 274, 355, 893, 592, 381, 876, 936, 880, 469, 233, 641, 657, 366, 371, 926, 135, 778, 229, 846, 854, 389, 203, 404, 201]
Tree:
None

Fitness:
0.26020162209067255