Generation:
1000

Phenotype:
+7.0E-0*KG(x[:,0], 9.9E-1,2.0E-0,None)+9.9E+0*KS(x[:,0], 4.7E-1,1.9E-1,None)

Genotype:
[757, 188, 447, 440, 49, 930, 17, 219, 163, 231, 406, 220, 765, 480, 458, 118, 712, 548, 589, 266, 660, 921, 927, 621, 401, 549, 189, 955, 171, 31, 450, 948, 53, 168, 828, 834, 178, 912, 785, 125, 100, 733, 729, 886, 798, 152, 66, 899, 660, 16, 84, 629, 445, 175, 267, 596, 19, 342, 905, 318, 140, 873, 455, 974, 922, 415, 873, 240, 666, 873, 55, 990, 23, 423, 163, 970, 130, 23, 820, 576, 936, 791, 490, 220, 997, 977, 253, 185, 603, 624]
Tree:
None

Fitness:
8.666074438129638