Generation:
1000

Phenotype:
+9.9E+0*KS(x[:,0], 6.8E-1,1.7E-8,None)+3.2E-0*KG(x[:,0], 4.7E-2,9.9E-2,None)-9.6E-2*KG(x[:,0], 4.2E-1,7.3E-4,None)

Genotype:
[311, 432, 989, 179, 164, 900, 752, 518, 23, 271, 504, 747, 667, 198, 822, 589, 280, 101, 372, 179, 90, 147, 167, 493, 272, 206, 249, 211, 302, 632, 270, 719, 8, 66, 773, 802, 984, 62, 231, 521, 735, 703, 109, 334, 751, 61, 401, 304, 667, 911, 883, 891, 565, 883, 16, 940, 461, 359, 166, 254, 18, 493, 243, 88, 884, 46, 87, 114, 423, 549, 479, 260, 252, 349, 903, 349, 148, 839, 425, 634, 339, 18, 603, 296, 242, 758, 195, 329, 231, 966, 416, 656, 876, 185, 443, 110, 286, 864, 997, 318, 923, 256, 117, 954, 298, 225, 123, 215, 906, 991, 100, 759, 553, 242, 374, 948, 336, 874, 85, 20, 558, 755, 358, 67, 893, 629, 905, 410, 105, 73, 281, 416, 19, 174, 236, 350, 271, 30, 174, 326, 911, 34, 816, 220, 284, 101, 161, 894, 889, 668, 959, 966, 842, 476, 130, 560, 61, 209, 861, 8, 362, 931, 960, 74, 333, 371, 805, 255, 698, 438, 628, 37, 174, 875, 548, 415, 770, 551, 178, 835]
Tree:
None

Fitness:
12.02483136269949