Generation:
1000

Phenotype:
+2.3E+0*KG(x[:,0], 9.7E-3,9.9E-4,None)+9.6E+0*KS(x[:,0], 7.0E-1,9.1E-2,None)

Genotype:
[253, 170, 388, 803, 620, 670, 26, 197, 771, 533, 296, 569, 631, 524, 600, 826, 658, 8, 606, 614, 570, 411, 540, 741, 951, 593, 1, 729, 12, 399, 609, 404, 461, 21, 368, 132, 179, 173, 361, 863, 674, 885, 839, 27, 811, 902, 510, 705, 577, 363, 875, 856, 364, 534, 320, 341, 51, 667, 829, 413, 626, 645, 43, 528, 812, 427, 461, 697, 81, 250, 372, 544, 354, 343, 961, 55, 582, 24, 961, 339, 932, 678, 124, 244, 694, 892, 262, 266, 775, 37, 362, 28, 770, 729, 926, 508, 142, 965, 354, 708, 15, 306, 218, 59, 85, 853, 670, 611, 983, 840, 593, 795, 218, 614, 277, 702, 523, 160, 15, 715, 527, 39, 206, 314, 633, 49, 936, 64, 698, 46, 41, 557, 277, 792, 115, 525, 76, 240, 498, 92, 507, 809, 299, 31, 308, 151, 41, 319, 575, 365, 176, 670, 948, 684, 544, 856, 615]
Tree:
None

Fitness:
12.328908178588698