Generation:
1000

Phenotype:
-8.2E-4*KP(x[:,0], 3.0E+4,6.8E+8,0)-9.3E-6*KP(x[:,0], 2.4E-1,6.4E-7,0)

Genotype:
[399, 683, 844, 232, 157, 394, 560, 670, 186, 864, 716, 878, 212, 218, 750, 680, 361, 692, 753, 159, 206, 208, 344, 559, 771, 572, 734, 993, 917, 170, 830, 621, 299, 368, 585, 223, 38, 214, 912, 386, 541, 358, 240, 475, 607, 144, 564, 527, 242, 986, 434, 754, 744, 868, 235, 999, 422, 116, 449, 521, 290, 226, 346, 985, 43, 602, 949, 673, 748, 822, 907, 391, 170, 17, 793, 62, 739, 788, 113, 649, 390, 341, 292, 276, 457, 761, 657, 783, 153, 287, 98, 214, 17, 569, 817, 547, 4, 846, 222, 551, 539, 849, 876, 148, 929, 358, 617, 927, 586, 192, 181, 391]
Tree:
None

Fitness:
2.4735635824952578