Generation:
1000

Phenotype:
+7.0E+0*KS(x[:,0], 1.1E-8,5.7E+7,None)+7.8E-8*KS(x[:,0], 6.3E+8,5.5E-4,None)+6.7E-1*KS(x[:,0], 9.0E+5,4.8E-2,None)

Genotype:
[293, 42, 987, 400, 204, 450, 306, 961, 207, 308, 121, 597, 126, 407, 982, 599, 96, 852, 838, 407, 258, 140, 183, 6, 788, 562, 335, 645, 734, 221, 178, 744, 41, 997, 519, 971, 53, 790, 812, 675, 975, 328, 55, 62, 586, 74, 788, 924, 632, 213, 610, 783, 295, 82, 184, 968, 54, 397, 493, 914, 416, 310, 394, 972, 100, 490, 551]
Tree:
None

Fitness:
55.37379262211168