Generation:
1000

Phenotype:
+9.9E+0*KS(x[:,0], 6.9E-1,1.9E-3,None)+4.1E-0*KG(x[:,0], 8.9E-2,1.5E-0,None)-9.7E-1*KS(x[:,0], 7.0E+4,1.0E-9,None)

Genotype:
[653, 412, 611, 639, 444, 970, 275, 609, 45, 971, 36, 319, 739, 223, 824, 349, 866, 57, 421, 719, 20, 412, 179, 991, 342, 252, 985, 917, 10, 21, 172, 605, 926, 77, 987, 51, 483, 670, 240, 544, 9, 810, 193, 709, 607, 830, 533, 751, 502, 928, 454, 120, 706, 270, 171, 540, 591, 980, 511, 523, 285, 830, 81, 646, 3, 848, 673]
Tree:
None

Fitness:
10.878736654589279