Generation:
1000

Phenotype:
+5.0E-2*KS(x[:,0], 6.8E+1,1.0E-9,None)

Genotype:
[826, 672, 589, 660, 943, 512, 176, 978, 1000, 611, 738, 300, 829, 319, 820, 926, 870, 986, 1, 371, 749, 566, 397, 360, 773, 516, 978, 219, 25, 117, 656, 104, 176, 985, 651, 125, 487, 967, 334, 485, 740, 334, 762, 178, 121, 803, 805, 828, 247, 321, 481, 591, 282, 882, 11, 931, 885, 957, 653, 619, 152, 975, 636, 155, 652, 210, 153, 705, 192, 136, 923, 454, 910, 871, 202, 34, 889, 621, 463, 610, 427, 595, 474, 476, 253, 259, 733, 291, 492, 93, 486, 166, 607, 790, 800, 888, 736, 960, 386, 202, 889, 628, 707, 721, 860, 234, 927, 988, 22, 450, 959, 693, 48, 42, 174, 313, 259, 73, 46, 472, 284, 987, 296, 268, 990, 806, 22, 18, 251, 705, 33, 978, 724, 266, 985]
Tree:
None

Fitness:
2.2868615606190232