Generation:
1000

Phenotype:
+9.9E-1*KG(x[:,0], 3.4E-0,1.0E-0,None)-4.6E-2*KG(x[:,0], 2.2E-8,7.1E-8,None)+2.9E-9*KS(x[:,0], 1.0E+7,2.0E-5,None)

Genotype:
[769, 30, 917, 109, 507, 61, 434, 284, 219, 990, 531, 610, 443, 170, 616, 121, 401, 318, 956, 211, 722, 964, 582, 225, 588, 69, 281, 413, 598, 802, 988, 378, 685, 569, 807, 179, 144, 880, 670, 807, 622, 170, 541, 265, 714, 103, 73, 281, 172, 604, 92, 853, 706, 190, 634, 448, 87, 540, 993, 249, 944, 1, 608, 459, 201, 936, 129]
Tree:
None

Fitness:
0.04900779558521018