Generation:
1000

Phenotype:
+9.9E-1*KG(x[:,0], 3.1E-0,9.9E-1,None)-3.8E-1*KS(x[:,0], 1.0E-9,1.6E-1,None)

Genotype:
[937, 876, 989, 199, 193, 261, 83, 571, 27, 130, 503, 149, 603, 821, 642, 304, 637, 209, 288, 519, 111, 720, 90, 743, 169, 747, 206, 481, 141, 437, 850, 654, 829, 860, 93, 938, 305, 962, 185, 331, 472, 150, 865, 523, 609, 750, 405, 590, 560, 60, 230, 796, 959, 806, 133, 19, 834, 848, 577, 380, 208, 201, 233, 699, 751, 355, 123, 472, 532, 939, 898, 354, 608, 946, 702, 206, 522, 613, 403, 722, 267, 108, 535, 659, 974, 399, 937, 184, 711, 262, 783, 979, 258, 650, 987, 294, 580, 861, 42, 366, 852, 339, 952, 127, 477, 7, 948, 431, 922, 522, 637, 704, 4, 491, 512, 27, 274, 918, 511, 157, 183, 984, 455, 537, 672, 39, 856, 592, 575, 944, 802, 479, 868, 890, 109, 38, 452, 575, 821, 564, 171, 780, 437, 816, 752, 23, 996, 784, 699, 943, 357, 917, 474, 200, 318, 467, 315, 101, 823, 625, 484, 926, 243, 251, 159, 862, 143, 417, 190, 765, 703, 96, 438, 967, 420, 647, 776, 446, 894, 414]
Tree:
None

Fitness:
0.04759570861187821