Generation:
1000

Phenotype:
+9.8E-1*KG(x[:,0], 3.4E-0,9.9E-1,None)-4.2E-2*KP(x[:,0], 7.3E-8,7.8E+9,0)

Genotype:
[691, 884, 242, 678, 273, 991, 38, 904, 661, 260, 341, 299, 355, 201, 831, 800, 355, 696, 32, 623, 182, 285, 773, 195, 808, 168, 878, 176, 349, 435, 413, 777, 725, 262, 51, 494, 400, 150, 518, 176, 342, 464, 411, 135, 30, 298, 592, 442, 734, 887, 849, 68, 610, 171, 874, 963, 468, 788, 632, 816, 187, 369, 467, 888, 630, 712, 942, 494, 36, 319, 775, 961, 440, 727, 524, 920, 121, 722, 252, 109, 357, 964, 35, 277, 949, 791, 831, 362, 411, 525]
Tree:
None

Fitness:
0.05144516253636908