Generation:
1000

Phenotype:
+2.8E-4*KG(x[:,0], 6.6E-7,1.0E+0,None)+3.6E-6*KP(x[:,0], 6.1E+0,4.2E-7,4)

Genotype:
[1, 190, 469, 118, 721, 134, 932, 866, 515, 227, 945, 670, 770, 900, 388, 434, 982, 632, 666, 317, 736, 671, 401, 656, 330, 624, 602, 321, 587, 549, 577, 982, 392, 622, 219, 398, 62, 484, 757, 67, 249, 828, 754, 579, 232, 29, 0, 918, 438, 574, 969, 906, 878, 974, 357, 921, 740, 204, 697, 490, 929, 656, 884, 684, 441, 550, 647, 986, 564, 947, 343, 826, 645, 838, 36, 536, 365, 809, 947, 583, 645, 517, 513, 423, 337, 62, 233, 377, 960, 377]
Tree:
None

Fitness:
80.25321755918192