Generation:
1000

Phenotype:
-8.5E-7*KP(x[:,0], 1.3E+4,8.1E-6,1)+5.7E-6*KG(x[:,0], 2.0E-7,2.0E-7,None)

Genotype:
[219, 919, 133, 25, 91, 297, 54, 593, 136, 354, 619, 801, 53, 346, 51, 594, 392, 274, 547, 525, 586, 667, 150, 943, 107, 676, 780, 853, 527, 82, 265, 248, 802, 140, 887, 88, 867, 142, 870, 530, 788, 576, 849, 527, 265, 760, 124, 638, 66, 536, 450, 198, 809, 258, 907, 20, 318, 357, 523, 713, 97, 212, 329, 788, 39, 890, 883, 387, 358, 336, 968, 698, 582, 758, 337, 390, 824, 778, 528, 61, 625, 921, 899, 459, 18, 536, 491, 233, 54, 827, 386, 329, 2, 515, 226, 142, 105, 715, 712, 957, 455, 179, 399, 633, 48, 348, 268, 897, 560, 55, 879, 256, 870, 822, 944, 37, 101, 17, 831, 339, 416, 699, 536, 50, 980, 774, 805, 975, 64, 198, 960, 618, 713, 47, 778]
Tree:
None

Fitness:
2.4308917135971244