Generation:
1000

Phenotype:
+9.8E-0*KS(x[:,0], 6.8E-1,8.9E-2,None)+2.3E-0*KS(x[:,0], 8.0E-8,8.3E+5,None)

Genotype:
[935, 302, 422, 888, 429, 310, 653, 788, 621, 911, 349, 629, 635, 52, 256, 580, 264, 415, 293, 845, 270, 367, 140, 359, 828, 799, 623, 742, 335, 287, 725, 902, 850, 403, 976, 369, 907, 526, 534, 861, 195, 765, 299, 51, 688, 669, 820, 765, 740, 329, 85, 507, 483, 398, 853, 105, 647, 709, 639, 577, 265, 858, 231, 52, 441, 945, 270, 296, 762, 143, 877, 859, 421, 521, 21, 152, 857, 302, 748, 704, 332, 222, 330, 322, 342, 506, 427, 628, 601, 76]
Tree:
None

Fitness:
12.425748484863036