Generation:
1000

Phenotype:
+9.8E+0*KS(x[:,0], 7.1E-1,6.2E-2,None)-9.9E-2*KS(x[:,0], 2.7E+6,3.1E-9,None)+2.6E-0*KG(x[:,0], 1.9E-2,9.9E-3,None)

Genotype:
[911, 848, 908, 48, 228, 420, 213, 31, 885, 391, 50, 402, 633, 862, 739, 617, 607, 863, 99, 971, 432, 784, 577, 488, 526, 920, 471, 695, 959, 499, 90, 14, 478, 906, 453, 340, 378, 329, 709, 352, 170, 999, 689, 973, 394, 117, 838, 892, 357, 255, 73, 386, 932, 211, 345, 748, 638, 605, 85, 258, 688, 340, 623, 159, 292, 877, 35, 520, 417, 547, 57, 109, 294, 384, 166, 523, 937, 380, 343, 473, 170, 19, 661, 638, 399, 281, 638, 158, 297, 173]
Tree:
None

Fitness:
12.136401806189243