Generation:
1000

Phenotype:
+9.9E-2*KS(x[:,0], 6.5E-0,1.3E-8,None)-9.4E-1*KS(x[:,0], 6.1E-2,4.1E-9,None)+9.8E-7*KP(x[:,0], 5.5E-2,8.9E+0,2)

Genotype:
[383, 534, 800, 409, 455, 412, 455, 665, 131, 1000, 342, 893, 745, 708, 131, 671, 11, 557, 844, 535, 511, 95, 481, 487, 842, 813, 891, 369, 369, 406, 968, 6, 917, 678, 853, 627, 553, 185, 13, 792, 466, 19, 94, 710, 137, 850, 347, 779, 358, 479, 584, 549, 201, 804, 219, 451, 821, 719, 876, 457, 900, 311, 819, 726, 975, 565, 609, 528, 563, 35, 652, 512, 645, 28, 225, 387, 259, 118, 814, 543, 459, 342, 252, 802, 108, 843, 510, 503, 309, 650, 653, 219, 345, 294, 647, 930, 594, 442, 729, 298, 507, 288, 504, 403, 20, 771, 619, 120, 710, 379, 974, 255, 397, 515, 100, 301, 85, 186, 843, 769, 457, 849, 374, 946, 557, 258, 316, 128, 624, 679, 730, 660, 364, 948, 849, 56, 112, 335, 631, 257, 810, 452, 298, 704, 606, 106, 809, 271, 329, 987, 525, 624, 917, 795, 313, 461, 652]
Tree:
None

Fitness:
2.0888399350619045