Generation:
1000

Phenotype:
+9.0E-0*KS(x[:,0], 6.1E-1,2.0E-4,None)+4.1E+0*KG(x[:,0], 8.9E-2,1.7E+0,None)

Genotype:
[137, 178, 341, 30, 539, 840, 347, 201, 901, 501, 118, 60, 165, 134, 677, 828, 398, 201, 11, 208, 910, 988, 809, 821, 932, 459, 337, 684, 800, 528, 813, 713, 913, 952, 521, 321, 713, 380, 274, 541, 352, 901, 958, 224, 170, 125, 179, 702, 647, 685, 387, 400, 962, 845, 209, 491, 27, 973, 649, 856, 772, 149, 609, 460, 724, 426, 3, 655, 936, 648, 971, 713, 2, 428, 587, 250, 425, 414, 777, 387, 920, 963, 36, 933, 514, 656, 414, 37, 784, 989, 791, 269, 708, 955, 559, 539, 650, 149, 89, 518, 125, 400, 29, 743, 268, 918, 559, 164, 672, 414, 275, 847, 360, 231, 75, 401, 559, 584, 31, 215, 289, 494, 553, 284, 109, 40, 233, 91, 911, 842, 488, 506, 302, 613, 355]
Tree:
None

Fitness:
11.792145453515355