Generation:
1000

Phenotype:
+1.3E+1*KS(x[:,0], 5.5E-1,2.9E-1,None)-9.9E-1*KS(x[:,0], 5.3E-0,1.0E-9,None)+7.9E-2*KS(x[:,0], 3.8E-9,7.2E+9,None)

Genotype:
[731, 242, 171, 123, 458, 41, 607, 145, 513, 841, 964, 879, 83, 111, 692, 503, 395, 197, 929, 763, 661, 175, 453, 9, 110, 459, 630, 831, 309, 376, 958, 10, 465, 649, 457, 782, 965, 888, 813, 399, 609, 662, 302, 159, 802, 968, 822, 841, 579, 661, 778, 555, 916, 164, 54, 330, 68, 163, 466, 757, 754, 804, 101, 874, 51, 353, 577, 218, 695, 74, 661, 955, 870, 685, 990, 775, 989, 138, 514, 1000, 366, 729, 452, 530, 187, 440, 46, 264, 496, 387]
Tree:
None

Fitness:
12.491564632327707