Generation:
1000

Phenotype:
+9.9E+0*KS(x[:,0], 7.0E-1,3.3E-1,None)+8.3E-1*KS(x[:,0], 7.1E-1,4.1E+7,None)

Genotype:
[533, 262, 449, 99, 396, 640, 654, 640, 211, 951, 767, 513, 197, 381, 993, 772, 16, 709, 373, 201, 941, 636, 21, 307, 581, 435, 121, 238, 457, 665, 585, 798, 401, 139, 495, 823, 553, 830, 461, 88, 503, 894, 481, 498, 815, 793, 186, 379, 669, 573, 811, 596, 995, 370, 987, 403, 14, 361, 797, 248, 442, 133, 88, 668, 633, 220, 604, 563, 324, 579, 69, 616, 317, 420, 194, 684, 878, 291, 680, 656, 916, 631, 843, 360, 903, 799, 933, 773, 979, 973, 225, 468, 58, 952, 29, 12, 309, 107, 974, 85, 339, 687, 363, 710, 640, 716, 248, 621, 244, 183, 156, 565, 599, 532, 616, 584, 953, 655, 373, 671, 669, 564, 823, 911, 543, 939, 741, 817, 919, 501, 589, 465, 76, 122, 729, 810, 848, 789, 357, 418, 360, 785, 936, 664, 687, 956, 872, 787, 295, 838, 324, 846, 371, 904, 601, 220, 746, 262, 527, 520, 957, 695, 148, 562, 828, 141, 210, 82, 464, 256, 509, 589, 75, 174, 528, 97, 610, 568, 51, 276]
Tree:
None

Fitness:
14.942943542318485