Generation:
1000

Phenotype:
+1.3E+1*KS(x[:,0], 5.5E-1,3.0E-1,None)-9.8E-1*KS(x[:,0], 5.3E-0,1.0E-9,None)

Genotype:
[341, 72, 225, 403, 922, 801, 337, 15, 891, 161, 74, 680, 851, 11, 491, 280, 183, 899, 208, 941, 801, 400, 533, 581, 320, 144, 20, 127, 359, 63, 92, 563, 933, 304, 799, 275, 96, 176, 262, 218, 131, 399, 123, 120, 742, 702, 944, 334, 393, 439, 895, 733, 827, 696, 969, 169, 129, 279, 292, 55, 363, 784, 239, 9, 557, 294, 807, 528, 495, 87, 456, 276, 65, 946, 311, 759, 359, 262, 921, 547, 147, 265, 737, 274, 400, 557, 560, 569, 480, 456, 887, 194, 835, 784, 511, 20, 441, 756, 165, 760, 989, 663, 319, 540, 666, 346, 5, 28, 457, 660, 928, 333, 30, 832, 102, 296, 581, 832, 260, 336, 836, 673, 745, 634, 862, 602, 633, 982, 468, 699, 409, 126, 267, 86, 279, 417, 25, 891, 77, 236, 82, 649, 766, 137, 417, 342, 559, 561, 598, 931, 30, 373, 927, 58, 292, 307, 668, 104, 369, 210, 643, 875, 649, 485, 702, 250, 654, 272, 206, 933, 193, 301, 493, 96, 124, 633, 846, 480, 750, 421]
Tree:
None

Fitness:
12.522987491583699