Generation:
1000

Phenotype:
+9.9E-1*KG(x[:,0], 4.0E-0,9.9E-1,None)

Genotype:
[438, 480, 422, 709, 175, 381, 588, 600, 473, 140, 701, 429, 831, 671, 65, 261, 560, 490, 132, 809, 592, 602, 249, 418, 291, 45, 172, 227, 577, 755, 812, 663, 787, 838, 733, 3, 703, 153, 519, 950, 200, 138, 675, 17, 147, 646, 929, 987, 515, 916, 847, 482, 821, 912, 529, 80, 294, 133, 938, 445, 338, 177, 516, 319, 475, 443, 74, 959, 577, 422, 825, 586, 765, 435, 22, 522, 206, 357, 928, 729, 150, 133, 110, 995, 575, 126, 375, 202, 707, 456, 896, 432, 131, 922, 790, 997, 155, 221, 839, 194, 908, 996, 758, 859, 795, 321, 817, 999, 320, 430, 841, 489]
Tree:
None

Fitness:
0.32430525933371085