Generation:
1000

Phenotype:
-2.4E-3*KG(x[:,0], 1.3E-7,2.1E-6,None)-5.1E-2*KG(x[:,0], 9.4E-0,8.8E-5,None)-7.0E-3*KP(x[:,0], 6.5E-8,1.9E-5,1)+6.9E-9*KP(x[:,0], 5.7E+0,3.6E+2,1)+6.6E-9*KG(x[:,0], 2.8E+0,8.9E-0,None)

Genotype:
[991, 893, 10, 4, 131, 513, 36, 833, 347, 317, 433, 161, 873, 526, 474, 19, 585, 472, 321, 285, 82, 341, 204, 259, 770, 520, 948, 489, 915, 880, 255, 671, 420, 950, 263, 543, 23, 835, 565, 218, 603, 809, 545, 35, 736, 27, 860, 383, 439, 211, 989, 427, 117, 102, 170, 173, 916, 572, 492, 101, 318, 394, 698, 366, 213, 879, 118, 918, 302, 940, 889, 159, 161, 960, 627, 692, 46, 658, 94, 806, 402, 947, 562, 592, 453, 883, 179, 131, 599, 516, 714, 738, 873, 484, 611, 908, 237, 896, 624, 360, 469, 939, 103, 568, 129, 99, 186, 817, 789, 429, 666, 799, 191, 427, 576, 831, 585, 270, 960, 187, 61, 922, 849, 203, 377, 227, 411, 871, 54, 948, 180, 414, 253, 686, 771, 196, 41, 466, 215, 991, 201, 76, 580, 545, 318, 844, 615, 695, 572, 125, 581, 53, 695, 522, 439, 958, 9]
Tree:
None

Fitness:
2.3599625503747217