Generation:
1000

Phenotype:
+8.4E-0*KS(x[:,0], 8.3E-1,3.1E-9,None)+3.6E+0*KS(x[:,0], 5.0E-1,1.3E-0,None)-4.3E-4*KS(x[:,0], 2.3E+7,2.8E-4,None)-1.5E-4*KS(x[:,0], 5.3E+9,8.7E-4,None)-4.2E-1*KS(x[:,0], 1.7E+4,4.5E-4,None)

Genotype:
[41, 460, 169, 144, 857, 540, 754, 793, 193, 711, 407, 71, 999, 459, 962, 653, 484, 281, 206, 100, 330, 310, 180, 377, 161, 927, 933, 395, 940, 589, 359, 731, 588, 283, 385, 414, 928, 523, 58, 827, 487, 978, 519, 94, 781, 917, 835, 819, 985, 261, 524, 688, 243, 10, 829, 979, 107, 205, 14, 317, 556, 719, 210, 462, 775, 511, 144, 67, 294, 104, 804, 775, 179, 564, 583, 421, 956, 582, 16, 197, 954, 377, 632, 708, 790, 885, 353, 647, 798, 548, 389, 43, 854, 73, 429, 183, 310, 603, 377, 243, 66, 502, 489, 989, 284, 964, 665, 606, 907, 964, 892, 143, 897, 709, 4, 853, 72, 941, 205, 623, 694, 912, 322, 26, 173, 775, 901, 233, 862, 52, 681, 602, 716, 406, 5, 189, 206, 867, 567, 548, 344, 609, 911, 87, 679, 368, 555, 577, 19, 981, 21, 737, 430, 443, 796, 930, 370]
Tree:
None

Fitness:
12.36383846515858