Generation:
1000

Phenotype:
+9.9E-1*KG(x[:,0], 3.1E-0,9.9E-1,None)-6.1E-2*KG(x[:,0], 2.8E-2,1.0E-9,None)

Genotype:
[415, 90, 899, 609, 399, 91, 596, 231, 549, 730, 854, 19, 517, 221, 760, 516, 161, 752, 71, 371, 352, 838, 508, 619, 802, 396, 730, 547, 499, 120, 643, 651, 969, 842, 9, 177, 713, 204, 962, 68, 916, 976, 327, 752, 242, 4, 249, 576, 252, 629, 638, 785, 965, 646, 713, 14, 466, 855, 8, 972, 388, 466, 44, 394, 603, 319, 134, 433, 62, 84, 76, 3, 129, 356, 547, 137, 519, 880, 676, 960, 279, 805, 364, 374, 972, 653, 206, 436, 581, 462, 694, 308, 230, 24, 872, 852, 697, 271, 54, 930, 835, 641, 467, 22, 42, 521, 813, 274, 200, 158, 443, 114, 149, 489, 709, 925, 569, 663, 480, 726, 954, 35, 623, 696, 428, 27, 524, 718, 475, 993, 679, 899, 681, 533, 601, 988, 797, 348, 530, 736, 597, 543, 791, 650, 741, 839, 475, 384, 817, 954, 985, 991, 986, 829, 179, 601, 699]
Tree:
None

Fitness:
0.04753050005966039