Generation:
1000

Phenotype:
+5.0E-2*KS(x[:,0], 8.3E+3,1.0E-9,None)

Genotype:
[538, 364, 679, 0, 873, 202, 7, 513, 296, 193, 747, 230, 635, 719, 285, 805, 836, 572, 572, 651, 924, 973, 568, 329, 7, 217, 588, 212, 718, 663, 958, 318, 358, 143, 610, 496, 172, 623, 679, 341, 654, 162, 14, 421, 130, 984, 24, 309, 511, 162, 702, 494, 226, 694, 850, 898, 153, 722, 794, 143, 670, 102, 788, 556, 955, 157, 96, 7, 474, 247, 531, 53, 37, 667, 231, 154, 291, 515, 796, 549, 751, 509, 494, 782, 491, 892, 832, 595, 342, 319]
Tree:
None

Fitness:
2.2868615606190237