Generation:
1000

Phenotype:
+9.6E-0*KS(x[:,0], 7.0E-1,6.7E-2,None)+2.4E+0*KS(x[:,0], 4.0E-8,2.6E-0,None)

Genotype:
[599, 718, 656, 516, 71, 770, 618, 640, 617, 231, 41, 887, 839, 142, 427, 964, 58, 613, 574, 544, 830, 741, 560, 827, 188, 775, 316, 311, 810, 986, 217, 506, 417, 907, 378, 583, 748, 865, 364, 630, 910, 442, 565, 247, 970, 222, 72, 351, 768, 987, 154, 163, 99, 401, 726, 958, 92, 36, 760, 866, 132, 161, 720, 219, 91, 394, 681, 228, 740, 298, 492, 665, 124, 746, 145, 660, 331, 994, 246, 336, 788, 755, 370, 261, 950, 392, 121, 263, 105, 668]
Tree:
None

Fitness:
12.439256842929211