Generation:
1000

Phenotype:
+4.4E+7*KS(x[:,0], 5.9E-9,7.4E-8,None)+6.1E+0*KS(x[:,0], 8.1E+0,7.5E-3,None)+2.0E-3*KS(x[:,0], 5.2E+1,3.4E+5,None)

Genotype:
[413, 124, 876, 634, 794, 577, 562, 49, 257, 299, 141, 134, 721, 648, 805, 581, 636, 743, 331, 20, 300, 313, 681, 214, 390, 384, 135, 697, 363, 95, 538, 398, 19, 650, 579, 803, 31, 372, 838, 391, 200, 384, 614, 495, 995, 839, 371, 70, 641, 776, 115, 101, 406, 373, 645, 374, 533, 504, 678, 110, 430, 642, 532, 315, 262, 40, 562]
Tree:
None

Fitness:
27.137805322884926