Generation:
1000

Phenotype:
+8.9E-0*KS(x[:,0], 8.1E-1,6.9E-5,None)+3.1E+0*KG(x[:,0], 3.8E-7,6.8E+2,None)

Genotype:
[329, 534, 655, 759, 29, 700, 619, 531, 445, 131, 491, 899, 713, 325, 654, 480, 542, 677, 921, 242, 750, 866, 688, 727, 647, 158, 708, 686, 122, 405, 765, 327, 198, 848, 583, 349, 322, 338, 475, 427, 860, 719, 881, 274, 373, 957, 204, 428, 737, 355, 415, 548, 299, 294, 534, 671, 970, 92, 981, 607, 855, 435, 757, 177, 44, 981, 208, 935, 574, 322, 604, 912, 477, 173, 341, 945, 605, 132, 286, 970, 374, 136, 152, 248, 491, 168, 999, 594, 543, 97, 336, 56, 976, 165, 923, 787, 814, 102, 133, 959, 330, 582, 26, 965, 322, 668, 487, 20, 790, 255, 872, 52, 319, 243, 409, 233, 45, 388, 725, 15, 550, 651, 141, 711, 573, 980, 169, 510, 759, 818, 590, 376, 607, 550, 504, 55, 206, 477, 872, 879, 899, 371, 766, 697, 55, 326, 302, 855, 897, 272, 367, 278, 990, 59, 828, 84, 227]
Tree:
None

Fitness:
13.199229455045641