Generation:
1000

Phenotype:
+9.9E-0*KS(x[:,0], 6.6E-1,4.0E-1,None)

Genotype:
[646, 522, 71, 839, 707, 140, 842, 696, 103, 991, 318, 180, 711, 371, 61, 957, 866, 873, 360, 268, 446, 141, 874, 892, 413, 555, 112, 23, 934, 632, 35, 880, 843, 491, 768, 958, 719, 482, 379, 895, 53, 989, 227, 30, 399, 863, 323, 234, 422, 901, 527, 135, 639, 265, 24, 707, 736, 668, 210, 236, 793, 21, 727, 806, 537, 573, 829, 374, 441, 671, 605, 462, 235, 774, 607, 680, 126, 943, 688, 371, 9, 770, 566, 296, 832, 960, 978, 359, 988, 120, 979, 770, 533, 993, 972, 385, 578, 372, 58, 588, 390, 569, 540, 885, 375, 3, 458, 509, 574, 767, 680, 324, 193, 256, 589, 425, 556, 792, 130, 171, 283, 208, 148, 643, 58, 540, 848, 842, 711, 556, 398, 205, 997, 528, 172, 968, 487, 185, 240, 181, 578, 2, 869, 105, 276, 584, 254, 579, 376, 337, 571, 794, 779, 415, 976, 982, 606, 561, 977, 604, 931, 457, 245, 848, 874, 202, 309, 919, 821, 130, 940, 643, 793, 494, 802, 989, 330, 384, 869, 659]
Tree:
None

Fitness:
18.0502401757406