Generation:
1000

Phenotype:
+9.9E-1*KG(x[:,0], 3.1E-0,9.9E-1,None)-7.5E-6*KP(x[:,0], 2.5E-6,8.2E+3,1)

Genotype:
[367, 182, 638, 39, 595, 501, 353, 551, 919, 910, 287, 309, 847, 981, 874, 134, 459, 762, 565, 335, 566, 253, 305, 459, 936, 988, 932, 910, 603, 306, 445, 817, 939, 321, 80, 975, 51, 971, 718, 526, 946, 575, 829, 312, 724, 264, 797, 178, 259, 775, 491, 678, 763, 857, 504, 395, 732, 98, 263, 569, 714, 721, 363, 247, 79, 462, 543, 894, 120, 901, 85, 892, 957, 213, 86, 746, 794, 672, 816, 56, 795, 686, 346, 590, 344, 984, 140, 906, 893, 328, 668, 358, 294, 823, 271, 873, 261, 614, 709, 434, 735, 778, 393, 1000, 838, 17, 171, 201, 270, 189, 290, 685, 611, 593, 163, 472, 887, 972, 79, 211, 856, 312, 661, 438, 959, 247, 823, 349, 841, 664, 153, 186, 511, 54, 326]
Tree:
None

Fitness:
0.04760656131628224