Generation:
1000

Phenotype:
-8.3E-2*KG(x[:,0], 6.9E+0,4.9E-8,None)+9.9E-1*KG(x[:,0], 2.8E-0,9.9E-1,None)-7.8E-2*KG(x[:,0], 4.3E-2,1.9E-1,None)

Genotype:
[643, 567, 322, 563, 273, 312, 761, 179, 4, 250, 624, 779, 195, 828, 660, 253, 296, 305, 249, 797, 721, 271, 938, 795, 900, 449, 959, 65, 171, 322, 660, 563, 942, 938, 985, 942, 615, 483, 531, 92, 846, 669, 597, 1, 199, 673, 157, 640, 702, 232, 282, 279, 981, 864, 189, 294, 285, 604, 31, 780, 681, 183, 159, 284, 115, 135, 573]
Tree:
None

Fitness:
0.03767426852314908