Generation:
1000

Phenotype:
+9.9E-2*KS(x[:,0], 5.8E-0,7.0E-7,None)+6.2E-8*KG(x[:,0], 6.0E-5,4.6E+2,None)-5.9E-1*KS(x[:,0], 9.8E-2,2.5E-9,None)

Genotype:
[683, 456, 539, 379, 583, 532, 868, 388, 431, 410, 600, 260, 697, 957, 358, 331, 268, 248, 682, 427, 418, 419, 930, 65, 425, 624, 866, 818, 212, 434, 580, 555, 949, 109, 189, 301, 620, 968, 189, 172, 217, 525, 509, 219, 747, 109, 470, 540, 660, 281, 674, 152, 798, 560, 890, 168, 102, 826, 666, 691, 220, 429, 542, 71, 407, 680, 72, 762, 545, 810, 213, 40, 505, 486, 87, 345, 147, 338, 416, 788, 633, 873, 693, 371, 253, 588, 162, 310, 49, 19, 975, 50, 383, 814, 962, 398, 285, 579, 855, 414, 914, 664, 531, 493, 461, 421, 614, 916, 185, 746, 208, 941]
Tree:
None

Fitness:
2.090533001434781