Generation:
1000

Phenotype:
+8.5E-1*KP(x[:,0], 4.7E+0,3.3E-0,1)

Genotype:
[602, 754, 304, 55, 163, 461, 471, 997, 418, 660, 119, 43, 855, 250, 581, 42, 436, 733, 180, 889, 34, 567, 108, 667, 861, 241, 633, 970, 451, 830, 93, 680, 866, 12, 518, 476, 424, 666, 69, 405, 139, 235, 329, 911, 962, 385, 792, 426, 874, 432, 379, 920, 696, 17, 903, 251, 956, 276, 153, 134, 294, 459, 476, 950, 108, 879, 648, 838, 684, 662, 821, 670, 492, 186, 805, 931, 901, 337, 554, 660, 673, 413, 933, 336, 892, 869, 187, 973, 990, 55, 328, 347, 36, 792, 411, 611, 629, 88, 969, 633, 511, 390, 219, 539, 782, 845, 171, 319, 921, 272, 672, 82, 841, 438, 659, 732, 778, 990, 540, 684, 570, 540, 550, 689, 372, 555, 363, 997, 435, 71, 13, 507, 209, 236, 782, 231, 298, 995, 538, 297, 115, 192, 994, 865, 229, 11, 744, 801, 347, 30, 920, 939, 890, 339, 857, 388, 844]
Tree:
None

Fitness:
24.121387604424026