Generation:
1000

Phenotype:
+5.1E-4*KP(x[:,0], 4.5E+3,3.3E-6,0)+7.0E-6*KP(x[:,0], 5.1E-0,7.8E-3,0)-1.5E+6*KP(x[:,0], 6.9E-9,3.2E-8,3)

Genotype:
[453, 870, 868, 61, 321, 154, 660, 825, 212, 753, 803, 373, 51, 936, 65, 27, 406, 708, 510, 177, 696, 157, 521, 391, 910, 726, 18, 41, 733, 360, 110, 823, 333, 975, 280, 246, 59, 289, 301, 529, 596, 632, 981, 888, 113, 335, 42, 754, 805, 414, 592, 885, 875, 26, 823, 857, 43, 804, 838, 649, 726, 413, 935, 890, 372, 761, 549, 443, 352, 805, 311, 38, 823, 405, 555, 987, 351, 605, 521, 901, 45, 220, 585, 558, 581, 488, 84, 683, 872, 794, 98, 854, 721, 332, 122, 596, 279, 603, 861, 236, 712, 9, 992, 758, 359, 544, 357, 750, 100, 500, 327, 189, 412, 468, 320, 660, 415, 818, 636, 47, 354, 797, 31, 275, 202, 905, 973, 280, 472, 39, 90, 270, 965, 844, 184]
Tree:
None

Fitness:
2.47172473371477