Generation:
1000

Phenotype:
+1.3E-0*KG(x[:,0], 4.4E+0,1.0E-0,None)-8.9E-2*KS(x[:,0], 9.8E+3,2.6E+6,None)

Genotype:
[793, 48, 423, 633, 505, 790, 867, 4, 244, 430, 729, 820, 691, 250, 187, 784, 523, 160, 59, 265, 182, 413, 438, 462, 133, 451, 646, 994, 296, 784, 596, 864, 723, 226, 182, 213, 16, 545, 569, 962, 222, 355, 295, 311, 476, 261, 702, 432, 68, 667, 288, 349, 468, 134, 871, 406, 984, 416, 368, 82, 982, 644, 429, 932, 824, 108, 187, 742, 322, 756, 12, 841, 351, 131, 505, 581, 958, 759, 139, 190, 244, 128, 672, 576, 642, 176, 434, 649, 213, 810]
Tree:
None

Fitness:
0.23611217757288397