Generation:
1000

Phenotype:
+7.9E-3*KG(x[:,0], 4.4E-8,1.2E-4,None)-4.5E-2*KS(x[:,0], 1.9E+1,5.2E+5,None)-4.5E-9*KP(x[:,0], 7.1E-4,1.5E-9,4)

Genotype:
[181, 480, 312, 459, 249, 603, 939, 444, 221, 998, 45, 982, 457, 644, 579, 959, 509, 714, 385, 153, 322, 414, 829, 710, 431, 301, 612, 748, 325, 246, 512, 741, 192, 215, 813, 539, 402, 221, 879, 744, 603, 845, 433, 399, 244, 596, 152, 158, 495, 851, 817, 391, 22, 280, 874, 354, 178, 26, 733, 90, 586, 925, 905, 673, 796, 515, 906, 813, 801, 708, 893, 860, 567, 569, 752, 168, 956, 979, 682, 249, 997, 982, 537, 462, 643, 100, 338, 385, 195, 735, 223, 979, 565, 443, 574, 585, 380, 432, 486, 728, 760, 501, 268, 493, 15, 419, 507, 507, 869, 658, 182, 623, 921, 674, 663, 763, 340, 198, 451, 49, 467, 182, 627, 150, 457, 255, 160, 757, 128, 585, 903, 677, 810, 122, 187]
Tree:
None

Fitness:
2.388275926766362