Generation:
1000

Phenotype:
+9.0E-7*KP(x[:,0], 7.9E+1,8.7E-8,3)+1.6E-1*KS(x[:,0], 3.4E+1,9.8E+9,None)+2.5E-1*KS(x[:,0], 7.1E+7,2.7E+7,None)

Genotype:
[243, 614, 494, 800, 951, 237, 627, 659, 748, 771, 574, 417, 25, 888, 793, 851, 540, 918, 366, 311, 171, 938, 594, 792, 621, 800, 618, 326, 29, 615, 502, 774, 757, 925, 459, 151, 474, 321, 942, 657, 244, 527, 366, 377, 907, 485, 191, 630, 913, 470, 423, 628, 713, 306, 899, 874, 289, 635, 518, 890, 388, 788, 642, 847, 288, 830, 490, 336, 573, 755, 866, 667, 638, 912, 934, 283, 12, 0, 387, 101, 603, 268, 456, 246, 662, 492, 659, 145, 507, 350, 899, 827, 372, 154, 162, 161, 968, 721, 348, 896, 459, 594, 952, 389, 199, 832, 135, 258, 738, 647, 236, 542]
Tree:
None

Fitness:
57.96533487754811