Generation:
1000

Phenotype:
+9.8E-2*KS(x[:,0], 5.6E+4,3.9E-5,None)-7.6E-2*KP(x[:,0], 5.4E-1,4.2E-2,2)

Genotype:
[695, 212, 278, 538, 729, 842, 841, 926, 934, 554, 506, 509, 737, 415, 736, 668, 661, 951, 16, 327, 652, 940, 864, 951, 671, 399, 822, 899, 122, 937, 320, 507, 418, 361, 347, 912, 385, 250, 900, 729, 700, 176, 848, 221, 726, 160, 87, 999, 174, 387, 573, 934, 728, 402, 370, 678, 425, 895, 829, 508, 946, 307, 661, 902, 663, 637, 400, 853, 217, 561, 599, 128, 681, 663, 468, 583, 679, 655, 556, 361, 298, 413, 332, 904, 152, 701, 732, 951, 203, 478]
Tree:
None

Fitness:
2.085000897107698