Generation:
1000

Phenotype:
+9.0E-0*KS(x[:,0], 7.1E-1,4.5E-2,None)+3.0E+0*KS(x[:,0], 4.8E-1,1.6E+0,None)

Genotype:
[179, 970, 62, 930, 749, 10, 60, 731, 17, 381, 129, 375, 299, 352, 759, 184, 118, 380, 600, 712, 100, 786, 978, 993, 91, 369, 36, 900, 920, 917, 473, 283, 32, 638, 722, 753, 514, 13, 858, 640, 861, 718, 734, 400, 29, 311, 672, 4, 5, 245, 466, 133, 418, 115, 189, 556, 266, 35, 717, 2, 501, 464, 625, 105, 60, 632, 606, 778, 597, 651, 600, 495, 413, 813, 739, 205, 423, 251, 929, 190, 374, 49, 128, 896, 434, 21, 603, 26, 358, 87]
Tree:
None

Fitness:
12.522531633012287