Generation:
1000

Phenotype:
-4.9E-4*KS(x[:,0], 8.3E-8,8.7E-0,None)-2.3E-6*KP(x[:,0], 3.2E-0,3.9E+8,0)+8.7E-1*KS(x[:,0], 1.8E-3,8.6E+0,None)

Genotype:
[269, 23, 75, 9, 221, 424, 970, 543, 985, 378, 286, 107, 791, 0, 385, 483, 181, 316, 183, 889, 376, 11, 122, 221, 910, 380, 459, 424, 428, 560, 580, 850, 646, 497, 231, 371, 63, 948, 627, 553, 817, 486, 590, 260, 489, 912, 91, 966, 942, 488, 210, 620, 115, 995, 149, 188, 15, 308, 144, 444, 473, 846, 589, 431, 277, 841, 390]
Tree:
None

Fitness:
77.42849567220674