Generation:
1000

Phenotype:
+9.5E+0*KS(x[:,0], 6.0E-1,9.9E-4,None)+3.7E+0*KG(x[:,0], 8.6E-2,1.3E+0,None)

Genotype:
[323, 532, 818, 435, 994, 280, 320, 920, 299, 641, 485, 479, 297, 884, 980, 588, 484, 398, 27, 20, 30, 934, 56, 119, 452, 297, 253, 732, 220, 799, 773, 54, 663, 75, 240, 47, 82, 199, 851, 100, 730, 879, 914, 599, 108, 490, 590, 78, 61, 240, 238, 647, 699, 76, 927, 356, 377, 652, 319, 770, 944, 544, 860, 693, 757, 298, 647, 970, 196, 535, 846, 227, 198, 202, 912, 676, 545, 827, 648, 170, 514, 626, 664, 628, 692, 603, 777, 704, 560, 168, 850, 98, 420, 602, 777, 586, 679, 426, 299, 619, 280, 292, 217, 547, 633, 758, 132, 248, 852, 186, 794, 981, 478, 965, 440, 933, 966, 490, 822, 173, 481, 486, 519, 741, 957, 472, 255, 336, 285, 297, 378, 155, 42, 116, 931, 448, 994, 79, 891, 195, 342, 334, 919, 525, 975, 187, 959, 363, 910, 900, 483, 191, 821, 610, 641, 36, 870, 138, 327, 446, 999, 390, 794, 697, 677, 10, 206, 348, 173, 262, 245, 828, 323, 570, 980, 949, 283, 865, 932, 204]
Tree:
None

Fitness:
11.855635213821882