Generation:
1000

Phenotype:
-6.1E-2*KG(x[:,0], 2.8E-2,2.1E-9,None)+9.9E-1*KG(x[:,0], 3.1E+0,9.9E-1,None)

Genotype:
[697, 221, 878, 751, 265, 552, 370, 258, 147, 442, 973, 201, 671, 239, 585, 414, 990, 647, 249, 423, 881, 209, 651, 556, 610, 98, 139, 15, 401, 429, 374, 706, 310, 772, 416, 325, 315, 928, 861, 740, 153, 177, 843, 109, 73, 682, 432, 129, 746, 49, 534, 682, 404, 263, 345, 720, 430, 338, 360, 381, 742, 234, 289, 219, 286, 626, 372, 914, 544, 572, 476, 956, 521, 6, 628, 678, 838, 651, 860, 206, 423, 381, 509, 525, 162, 688, 568, 826, 125, 951, 380, 368, 392, 789, 77, 991, 975, 581, 79, 139, 192, 230, 265, 502, 881, 336, 298, 621, 870, 838, 81, 966, 737, 965, 459, 549, 196, 914, 184, 402, 971, 615, 656, 736, 877, 912, 705, 821, 736, 431, 98, 489, 222, 376, 830, 745, 392, 488, 895, 460, 222, 328, 110, 537, 761, 0, 931, 969, 461, 926, 930, 595, 41, 6, 161, 418, 349]
Tree:
None

Fitness:
0.047530500059748244