Generation:
1000

Phenotype:
+5.0E-2*KS(x[:,0], 6.8E+1,1.0E-9,None)

Genotype:
[562, 744, 382, 10, 833, 212, 194, 8, 756, 371, 378, 190, 913, 489, 493, 964, 389, 798, 679, 627, 192, 380, 818, 258, 649, 417, 298, 322, 273, 856, 513, 982, 482, 260, 646, 918, 313, 964, 396, 764, 827, 700, 208, 662, 7, 532, 119, 649, 816, 66, 948, 86, 212, 133, 872, 341, 274, 80, 143, 32, 190, 631, 857, 735, 319, 190, 483, 472, 449, 221, 435, 164, 845, 982, 911, 377, 160, 940, 55, 485, 136, 868, 564, 618, 56, 843, 753, 653, 461, 673]
Tree:
None

Fitness:
2.2868615606190232