Generation:
1000

Phenotype:
+3.5E+5*KS(x[:,0], 1.2E-5,2.0E-5,None)-2.5E+0*KS(x[:,0], 7.0E-1,7.8E+8,None)

Genotype:
[839, 390, 2, 775, 852, 795, 306, 392, 517, 195, 73, 200, 773, 905, 656, 352, 145, 226, 425, 504, 70, 582, 80, 543, 771, 249, 758, 262, 108, 339, 101, 124, 243, 213, 780, 731, 887, 282, 656, 161, 760, 998, 22, 259, 114, 128, 571, 762, 580, 525, 744, 108, 997, 51, 140, 164, 466, 736, 982, 13, 510, 68, 508, 338, 547, 869, 928, 877, 21, 499, 965, 66, 800, 161, 576, 681, 361, 491, 334, 538, 409, 242, 396, 864, 252, 424, 171, 35, 982, 399, 340, 324, 224, 230, 669, 737, 535, 977, 561, 350, 881, 970, 429, 702, 971, 226, 159, 869, 932, 323, 258, 607, 909, 382, 68, 753, 247, 203, 460, 902, 79, 417, 196, 394, 384, 326, 975, 760, 901, 749, 116, 793, 149, 687, 640, 445, 796, 702, 460, 528, 217, 786, 419, 726, 436, 36, 221, 184, 566, 717, 152, 45, 944, 746, 690, 239, 104, 305, 425, 467, 683, 211, 839, 463, 963, 684, 49, 660, 794, 245, 908, 374, 655, 360, 369, 785, 913, 12, 948, 762]
Tree:
None

Fitness:
30.953601399042753