Generation:
1000

Phenotype:
+9.4E-0*KS(x[:,0], 7.4E-1,1.2E-5,None)+2.7E+0*KG(x[:,0], 7.7E-3,1.0E-0,None)

Genotype:
[503, 164, 989, 324, 753, 120, 285, 694, 531, 621, 630, 912, 97, 25, 447, 186, 906, 199, 557, 912, 910, 213, 107, 631, 393, 450, 800, 803, 330, 164, 902, 418, 324, 802, 989, 241, 126, 85, 493, 3, 834, 291, 537, 768, 873, 593, 122, 876, 416, 803, 305, 969, 174, 907, 51, 859, 962, 604, 324, 599, 406, 957, 765, 528, 360, 333, 199, 784, 485, 20, 313, 633, 389, 657, 273, 919, 620, 211, 622, 851, 378, 794, 854, 655, 379, 608, 245, 12, 245, 337, 18, 548, 814, 779, 687, 494, 463, 869, 553, 540, 994, 149, 186, 681, 40, 704, 278, 212, 794, 503, 523, 219]
Tree:
None

Fitness:
12.596381788660839