Generation:
1000

Phenotype:
-3.5E+2*KS(x[:,0], 2.6E-4,1.1E-9,None)+8.8E-2*KS(x[:,0], 4.6E-0,1.8E-8,None)+9.9E-4*KS(x[:,0], 7.7E+5,2.1E+8,None)+7.8E-2*KS(x[:,0], 5.0E+0,8.7E-5,None)

Genotype:
[797, 3, 254, 525, 834, 112, 604, 396, 369, 544, 252, 111, 319, 369, 762, 839, 288, 106, 218, 689, 782, 876, 986, 889, 690, 324, 188, 731, 998, 873, 461, 734, 215, 819, 373, 334, 879, 247, 586, 485, 892, 421, 634, 188, 148, 790, 398, 33, 868, 843, 32, 490, 500, 130, 360, 916, 637, 139, 285, 70, 238, 737, 789, 472, 181, 438, 988]
Tree:
None

Fitness:
2.010201475022551