Generation:
1000

Phenotype:
+8.2E-0*KS(x[:,0], 7.2E-1,4.0E-1,None)+7.3E-0*KG(x[:,0], 9.9E-1,2.2E-0,None)+7.3E-2*KP(x[:,0], 6.5E-7,8.7E-1,0)

Genotype:
[869, 312, 718, 442, 771, 370, 42, 12, 13, 721, 741, 450, 261, 821, 1000, 853, 284, 24, 193, 747, 550, 710, 409, 807, 561, 559, 382, 873, 590, 343, 356, 936, 294, 543, 877, 322, 950, 305, 683, 417, 781, 37, 99, 721, 505, 341, 739, 819, 90, 164, 376, 154, 240, 470, 161, 983, 219, 369, 243, 309, 180, 328, 242, 635, 183, 600, 384, 980, 413, 235, 881, 265, 717, 464, 712, 492, 40, 178, 105, 855, 301, 443, 342, 798, 810, 217, 30, 24, 498, 27, 554, 646, 53, 609, 409, 729, 463, 992, 617, 81, 889, 888, 538, 522, 331, 165, 29, 196, 512, 994, 84, 951, 415, 62, 491, 602, 915, 416, 947, 609, 328, 461, 774, 580, 559, 43, 828, 184, 827, 783, 506, 428, 907, 968, 953, 33, 866, 108, 497, 774, 778, 268, 363, 222, 393, 923, 283, 173, 93, 3, 233, 650, 64, 366, 270, 82, 199]
Tree:
None

Fitness:
8.859470402551725