Generation:
1000

Phenotype:
+9.9E-1*KG(x[:,0], 3.0E-0,1.0E+0,None)-7.1E-2*KS(x[:,0], 4.2E+0,4.2E+0,None)

Genotype:
[181, 62, 485, 89, 931, 61, 137, 230, 311, 400, 648, 130, 114, 330, 340, 562, 63, 663, 581, 773, 522, 876, 232, 454, 560, 39, 742, 208, 210, 212, 85, 886, 166, 674, 984, 54, 737, 384, 307, 296, 407, 266, 415, 304, 832, 716, 808, 14, 620, 752, 435, 176, 92, 111, 946, 823, 795, 543, 166, 183, 195, 422, 86, 906, 643, 252, 912, 42, 924, 276, 470, 482, 429, 741, 634, 321, 118, 740, 646, 882, 475, 199, 378, 863, 818, 891, 105, 482, 372, 923, 168, 559, 820, 792, 177, 338, 763, 543, 945, 425, 22, 940, 39, 107, 209, 611, 244, 180, 262, 700, 967, 563, 866, 175, 837, 825, 966, 399, 286, 717, 554, 738, 659, 370, 378, 734, 419, 188, 624, 938, 192, 540, 532, 675, 749, 540, 819, 397, 859, 995, 182, 895, 616, 5, 241, 771, 446, 316, 468, 756, 785, 57, 956, 698, 623, 77, 629]
Tree:
None

Fitness:
0.04522954289718676