Generation:
1000

Phenotype:
+9.9E-1*KG(x[:,0], 2.9E-0,9.9E-1,None)-1.0E-1*KG(x[:,0], 7.1E-9,8.0E+3,None)

Genotype:
[211, 170, 674, 299, 353, 851, 829, 529, 343, 740, 314, 379, 311, 751, 237, 792, 833, 882, 120, 195, 141, 969, 911, 389, 569, 430, 870, 810, 343, 549, 37, 140, 143, 454, 266, 455, 996, 663, 23, 17, 400, 456, 37, 420, 762, 764, 377, 358, 704, 32, 943, 732, 635, 425, 525, 807, 974, 610, 659, 292, 491, 249, 504, 232, 870, 308, 812, 311, 513, 333, 564, 581, 321, 555, 176, 870, 24, 521, 476, 198, 966, 440, 691, 942, 320, 156, 333, 233, 561, 787, 762, 719, 234, 107, 38, 230, 718, 876, 704, 409, 19, 762, 630, 589, 578, 210, 29, 888, 136, 457, 410, 739, 698, 245, 396, 392, 69, 878, 674, 23, 417, 627, 518, 239, 660, 896, 862, 329, 138, 562, 353, 772, 681, 569, 946, 433, 598, 113, 881, 62, 595, 368, 593, 670, 570, 950, 772, 697, 445, 210, 277, 870, 972, 550, 298, 179, 732]
Tree:
None

Fitness:
0.04817283054894777