Generation:
1000

Phenotype:
+9.8E-0*KS(x[:,0], 6.7E-1,9.1E-2,None)+2.3E+0*KG(x[:,0], 9.4E-3,8.4E-3,None)

Genotype:
[875, 144, 665, 298, 211, 520, 392, 47, 251, 491, 188, 901, 961, 472, 827, 432, 498, 28, 243, 968, 880, 152, 234, 75, 853, 727, 974, 749, 693, 721, 253, 731, 646, 696, 60, 554, 633, 418, 544, 618, 616, 379, 607, 556, 420, 112, 186, 309, 766, 505, 201, 803, 531, 646, 783, 376, 294, 780, 816, 185, 840, 173, 899, 327, 417, 871, 116, 969, 574, 432, 210, 167, 863, 816, 372, 494, 637, 402, 45, 854, 365, 895, 199, 608, 162, 17, 777, 962, 152, 883]
Tree:
None

Fitness:
12.27119692242598