Generation:
1000

Phenotype:
+8.2E-5*KS(x[:,0], 2.4E-3,1.1E+4,None)+5.2E-2*KS(x[:,0], 8.0E+0,9.1E-7,None)

Genotype:
[893, 742, 610, 812, 971, 895, 613, 24, 351, 163, 720, 421, 188, 874, 143, 364, 42, 598, 242, 221, 972, 448, 400, 586, 700, 422, 1, 599, 787, 249, 129, 820, 540, 245, 560, 862, 76, 712, 292, 506, 832, 533, 334, 15, 504, 233, 250, 794, 655, 59, 370, 74, 660, 621, 379, 393, 598, 559, 348, 361, 844, 409, 169, 852, 290, 943, 196, 739, 32, 855, 736, 462, 281, 773, 77, 493, 493, 634, 70, 471, 115, 600, 13, 416, 661, 716, 849, 764, 58, 828]
Tree:
None

Fitness:
2.328605506944718