Generation:
1000

Phenotype:
+4.7E-2*KS(x[:,0], 9.5E+4,4.7E-4,None)-4.6E-9*KP(x[:,0], 4.2E+1,8.6E-3,3)

Genotype:
[209, 8, 480, 207, 89, 212, 17, 385, 498, 704, 372, 487, 589, 324, 364, 452, 619, 165, 106, 397, 129, 534, 842, 288, 391, 115, 636, 227, 883, 478, 921, 880, 558, 647, 516, 496, 576, 365, 122, 321, 510, 159, 767, 569, 691, 319, 997, 739, 277, 519, 277, 107, 720, 137, 35, 38, 53, 387, 465, 245, 306, 44, 778, 231, 618, 920, 600, 788, 917, 160, 475, 591, 842, 539, 171, 13, 748, 555, 57, 451, 19, 189, 93, 148, 341, 662, 672, 874, 279, 308, 238, 840, 551, 262, 17, 881, 121, 707, 745, 700, 695, 336, 911, 850, 77, 173, 761, 62, 11, 642, 748, 967, 3, 930, 520, 34, 46, 660, 154, 610, 582, 71, 741, 165, 821, 956, 875, 295, 119, 903, 153, 111, 327, 544, 561, 632, 114, 426, 689, 718, 830, 150, 407, 409, 367, 968, 279, 609, 899, 727, 441, 220, 175, 982, 674, 901, 437, 140, 332, 115, 687, 210, 904, 800, 67, 126, 156, 435, 32, 978, 796, 803, 82, 189, 340, 900, 736, 679, 469, 902]
Tree:
None

Fitness:
2.2845198315707442