Generation:
1000

Phenotype:
+1.1E+0*KG(x[:,0], 3.1E+0,9.9E-1,None)-9.8E-2*KS(x[:,0], 2.8E+0,3.0E+0,None)

Genotype:
[787, 400, 351, 871, 496, 390, 857, 921, 788, 320, 431, 899, 445, 541, 606, 592, 115, 395, 778, 357, 572, 82, 308, 540, 830, 254, 840, 316, 920, 976, 654, 787, 752, 509, 782, 472, 284, 100, 289, 743, 463, 945, 949, 359, 888, 397, 350, 714, 440, 37, 23, 478, 615, 444, 926, 786, 361, 161, 791, 160, 526, 849, 755, 707, 392, 388, 153, 753, 472, 563, 699, 797, 729, 244, 827, 861, 979, 358, 148, 178, 218, 202, 604, 836, 74, 488, 65, 825, 770, 767]
Tree:
None

Fitness:
0.027321924333864538