Generation:
1000

Phenotype:
+9.9E-1*KG(x[:,0], 3.7E+0,9.7E-1,None)-8.3E-3*KS(x[:,0], 6.8E-1,3.9E+1,None)

Genotype:
[973, 560, 134, 619, 591, 971, 11, 537, 446, 410, 584, 697, 65, 641, 29, 256, 433, 511, 823, 939, 773, 329, 978, 701, 821, 605, 349, 28, 531, 195, 169, 626, 657, 873, 764, 678, 189, 329, 541, 543, 954, 754, 591, 609, 3, 602, 563, 426, 16, 286, 529, 265, 648, 976, 615, 131, 555, 535, 594, 573, 24, 988, 273, 645, 457, 138, 723, 724, 48, 959, 302, 105, 973, 750, 983, 563, 886, 715, 329, 207, 302, 766, 597, 491, 985, 726, 362, 342, 250, 113, 12, 47, 814, 582, 668, 270, 620, 678, 147, 308, 894, 304, 57, 389, 852, 606, 819, 699, 82, 601, 89, 578, 28, 747, 689, 231, 373, 433, 687, 540, 179, 188, 755, 361, 384, 35, 370, 648, 847, 342, 741, 154, 115, 835, 17, 528, 364, 19, 100, 910, 311, 30, 537, 560, 813, 976, 136, 825, 632, 225, 645, 362, 23, 706, 344, 865, 733, 291, 662, 462, 452, 214, 335, 567, 982, 97, 949, 813, 380, 514, 192, 145, 304, 161, 957, 360, 475, 427, 25, 937]
Tree:
None

Fitness:
0.33528454733591945