Generation:
1000

Phenotype:
+1.1E+0*KG(x[:,0], 3.2E-0,9.9E-1,None)-8.4E-2*KP(x[:,0], 5.6E-7,9.0E+6,0)-8.0E-3*KS(x[:,0], 1.6E-4,6.6E-3,None)

Genotype:
[835, 100, 486, 581, 214, 720, 299, 82, 873, 990, 494, 949, 519, 161, 684, 147, 745, 754, 614, 555, 172, 202, 386, 183, 667, 557, 290, 872, 546, 780, 658, 905, 736, 300, 621, 443, 864, 566, 675, 764, 68, 866, 237, 703, 549, 832, 807, 269, 428, 134, 157, 74, 364, 881, 333, 492, 810, 922, 864, 744, 190, 459, 152, 340, 894, 859, 963, 910, 920, 305, 416, 5, 945, 677, 928, 229, 345, 104, 702, 434, 934, 843, 273, 152, 801, 127, 545, 575, 905, 656]
Tree:
None

Fitness:
0.03157734442448728