Generation:
1000

Phenotype:
+9.5E-0*KS(x[:,0], 7.2E-1,7.9E-2,None)+2.3E-0*KP(x[:,0], 6.0E+4,4.6E+7,0)

Genotype:
[281, 124, 233, 775, 885, 930, 942, 332, 467, 341, 69, 159, 319, 72, 913, 542, 214, 190, 203, 177, 260, 320, 670, 898, 644, 795, 426, 582, 747, 365, 465, 65, 715, 815, 7, 361, 247, 689, 131, 344, 769, 569, 51, 555, 104, 287, 168, 600, 375, 277, 660, 401, 986, 533, 433, 816, 765, 988, 796, 659, 347, 58, 544, 958, 78, 119, 209, 777, 898, 580, 945, 730, 912, 15, 922, 760, 246, 180, 553, 220, 122, 933, 468, 965, 416, 519, 267, 994, 18, 615, 305, 902, 537, 705, 350, 42, 647, 385, 270, 304, 145, 789, 12, 512, 879, 680, 664, 138, 894, 538, 438, 229, 971, 183, 382, 673, 137, 622, 666, 699, 142, 193, 61, 373, 445, 344, 139, 284, 907, 923, 650, 975, 538, 60, 358]
Tree:
None

Fitness:
12.442533970402279