Generation:
1000

Phenotype:
+3.9E-1*KP(x[:,0], 1.5E+0,5.6E-0,1)+7.4E+0*KS(x[:,0], 1.0E+0,2.3E-1,None)

Genotype:
[147, 966, 2, 919, 469, 881, 117, 105, 628, 850, 994, 236, 375, 720, 941, 922, 248, 519, 134, 12, 250, 18, 610, 806, 840, 433, 3, 93, 821, 867, 331, 359, 223, 492, 798, 923, 893, 539, 663, 900, 862, 180, 186, 438, 243, 287, 498, 224, 819, 949, 675, 473, 734, 593, 368, 582, 851, 91, 613, 593, 511, 6, 111, 816, 728, 719, 416, 817, 204, 26, 182, 817, 780, 340, 650, 522, 930, 299, 739, 938, 809, 500, 567, 148, 666, 793, 645, 415, 744, 79, 173, 600, 361, 891, 515, 973, 812, 366, 928, 791, 49, 635, 768, 178, 918, 579, 204, 604, 823, 178, 733, 382]
Tree:
None

Fitness:
13.466601919041214