Generation:
1000

Phenotype:
+9.7E-0*KS(x[:,0], 6.9E-1,9.6E-2,None)+2.2E+0*KS(x[:,0], 3.4E-7,9.4E+0,None)

Genotype:
[503, 452, 386, 737, 379, 380, 617, 399, 703, 321, 683, 766, 321, 682, 324, 394, 624, 829, 932, 978, 680, 938, 994, 353, 457, 503, 204, 336, 250, 785, 929, 211, 954, 302, 922, 433, 294, 164, 826, 796, 260, 1, 506, 469, 235, 952, 446, 412, 550, 988, 652, 907, 484, 789, 452, 698, 193, 91, 295, 937, 42, 969, 995, 760, 101, 804, 888, 748, 414, 871, 795, 276, 227, 66, 673, 109, 154, 532, 501, 45, 910, 386, 726, 957, 924, 510, 637, 96, 638, 179, 78, 55, 646, 219, 327, 719, 59, 27, 773, 742, 423, 262, 143, 254, 152, 291, 709, 308, 779, 760, 908, 971, 344, 504, 488, 649, 886, 944, 26, 255, 271, 633, 382, 342, 255, 151, 878, 429, 127, 262, 386, 135, 738, 663, 619]
Tree:
None

Fitness:
12.45854095219029