Generation:
1000

Phenotype:
+1.2E+1*KS(x[:,0], 9.9E-1,5.5E+1,None)+6.5E-3*KG(x[:,0], 9.6E-9,8.4E+0,None)-9.0E-4*KP(x[:,0], 3.3E-4,7.2E+1,1)

Genotype:
[905, 250, 171, 332, 56, 221, 818, 989, 531, 41, 616, 855, 174, 801, 562, 763, 276, 473, 785, 57, 73, 746, 276, 269, 249, 448, 374, 416, 160, 765, 884, 131, 971, 690, 235, 444, 659, 673, 91, 304, 879, 732, 740, 911, 691, 968, 987, 589, 107, 60, 460, 58, 283, 207, 923, 945, 274, 520, 615, 92, 498, 402, 95, 607, 460, 543, 889]
Tree:
None

Fitness:
66.90782873246745