Generation:
1000

Phenotype:
+4.2E-2*KS(x[:,0], 2.1E+4,7.6E+2,None)

Genotype:
[406, 584, 606, 772, 339, 772, 784, 211, 920, 324, 699, 246, 42, 142, 389, 518, 96, 165, 2, 458, 888, 540, 731, 603, 942, 513, 901, 75, 552, 274, 313, 848, 886, 918, 943, 641, 99, 89, 679, 23, 508, 700, 203, 855, 948, 512, 451, 5, 398, 997, 688, 598, 260, 749, 162, 171, 61, 951, 102, 327, 685, 655, 878, 197, 485, 711, 806, 996, 920, 2, 52, 800, 37, 74, 139, 350, 341, 556, 965, 895, 426, 41, 543, 162, 972, 357, 299, 867, 217, 409, 408, 413, 653, 982, 203, 382, 90, 576, 349, 99, 616, 140, 827, 231, 172, 609, 270, 985, 209, 203, 401, 541, 681, 211, 929, 888, 674, 316, 339, 496, 939, 186, 766, 516, 278, 353, 26, 911, 693, 806, 514, 897, 1, 113, 74, 554, 577, 193, 961, 584, 712, 136, 911, 63, 495, 156, 553, 14, 658, 86, 494, 324, 643, 877, 581, 975, 975]
Tree:
None

Fitness:
81.63849736336311