Generation:
1000

Phenotype:
+2.6E-0*KS(x[:,0], 3.4E+0,5.1E+3,None)+9.3E-0*KS(x[:,0], 7.8E-1,4.2E-2,None)

Genotype:
[59, 760, 136, 986, 9, 940, 209, 484, 704, 540, 949, 361, 658, 493, 658, 64, 654, 188, 723, 807, 830, 51, 858, 889, 531, 3, 822, 659, 642, 137, 967, 839, 235, 141, 385, 443, 715, 342, 968, 386, 104, 777, 808, 190, 84, 616, 437, 60, 816, 261, 972, 184, 928, 947, 828, 678, 376, 472, 100, 282, 627, 399, 568, 566, 567, 352, 301, 469, 879, 397, 479, 437, 319, 657, 873, 545, 651, 663, 278, 28, 142, 7, 63, 265, 5, 505, 6, 354, 525, 808]
Tree:
None

Fitness:
12.685873147399269