Generation:
1000

Phenotype:
+8.4E-5*KS(x[:,0], 4.0E-6,5.8E+6,None)

Genotype:
[754, 448, 223, 654, 779, 435, 903, 570, 183, 206, 463, 798, 624, 306, 615, 606, 477, 963, 677, 255, 169, 495, 804, 85, 361, 706, 715, 18, 458, 160, 996, 617, 702, 538, 927, 20, 242, 306, 176, 924, 915, 700, 456, 119, 491, 717, 651, 224, 927, 1, 919, 952, 394, 183, 480, 428, 575, 932, 428, 181, 671, 157, 321, 253, 176, 352, 660, 358, 538, 222, 339, 969, 262, 44, 121, 177, 245, 401, 245, 205, 417, 925, 441, 408, 308, 848, 104, 740, 196, 566, 339, 245, 840, 790, 8, 569, 154, 190, 257, 390, 604, 227, 438, 742, 496, 454, 269, 667, 128, 92, 276, 382, 662, 368, 179, 0, 167, 602, 854, 631, 908, 962, 549, 176, 22, 657, 119, 946, 105, 880, 396, 768, 919, 724, 784, 649, 641, 76, 453, 387, 353, 73, 605, 261, 50, 552, 970, 397, 790, 466, 828, 794, 448, 231, 582, 188, 824, 845, 533, 89, 713, 102, 394, 117, 138, 883, 21, 222, 322, 367, 967, 871, 810, 770, 602, 706, 751, 662, 234, 742]
Tree:
None

Fitness:
2.4723161483489164