Generation:
1000

Phenotype:
+8.5E-0*KS(x[:,0], 1.9E-0,4.9E-1,None)

Genotype:
[232, 658, 700, 955, 807, 230, 783, 439, 63, 100, 282, 929, 227, 491, 862, 207, 226, 657, 68, 589, 712, 676, 839, 100, 707, 854, 762, 66, 77, 163, 888, 231, 681, 873, 922, 904, 332, 584, 583, 693, 120, 536, 715, 793, 107, 677, 519, 35, 528, 514, 661, 256, 552, 248, 438, 633, 63, 506, 691, 631, 239, 453, 397, 46, 639, 695, 815, 472, 223, 682, 41, 246, 24, 572, 357, 112, 535, 652, 65, 837, 281, 144, 206, 741, 888, 348, 499, 301, 246, 624, 647, 190, 809, 64, 999, 804, 576, 177, 729, 873, 352, 670, 247, 423, 300, 55, 795, 648, 377, 557, 895, 774, 691, 724, 355, 773, 318, 472, 810, 347, 13, 616, 855, 857, 78, 295, 418, 730, 589, 614, 821, 825, 831, 966, 436, 971, 848, 155, 783, 488, 842, 80, 450, 152, 627, 602, 744, 445, 167, 409, 455, 879, 350, 938, 778, 894, 416]
Tree:
None

Fitness:
34.38715911464406