Generation:
1000

Phenotype:
+4.3E+0*KP(x[:,0], 5.5E-6,8.9E-1,4)+8.9E-0*KS(x[:,0], 8.1E-1,9.8E-3,None)

Genotype:
[429, 818, 552, 43, 280, 120, 130, 845, 929, 856, 529, 709, 787, 611, 744, 316, 786, 718, 809, 931, 1000, 565, 251, 837, 331, 431, 78, 739, 963, 979, 694, 58, 530, 136, 297, 271, 598, 751, 912, 248, 475, 275, 677, 927, 450, 931, 565, 643, 690, 702, 664, 507, 152, 700, 338, 530, 994, 576, 261, 390, 399, 132, 260, 553, 23, 322, 823, 369, 889, 664, 560, 659, 297, 568, 518, 215, 441, 618, 460, 885, 924, 135, 853, 570, 525, 510, 602, 723, 588, 105]
Tree:
None

Fitness:
13.197416250204885