Generation:
1000

Phenotype:
+9.1E-2*KS(x[:,0], 6.2E+0,1.0E-6,None)-4.1E+0*KP(x[:,0], 7.8E-2,3.7E-7,2)+5.3E-4*KS(x[:,0], 1.9E-8,2.1E-7,None)

Genotype:
[413, 736, 818, 51, 371, 822, 932, 452, 946, 60, 909, 900, 153, 486, 820, 489, 7, 615, 611, 470, 900, 663, 878, 403, 782, 884, 7, 875, 237, 267, 214, 840, 886, 633, 605, 264, 972, 629, 571, 958, 181, 941, 687, 127, 49, 763, 201, 798, 9, 395, 0, 15, 884, 57, 370, 547, 958, 412, 771, 727, 785, 557, 927, 799, 996, 587, 163, 42, 242, 308, 999, 512, 391, 878, 7, 108, 138, 787, 417, 414, 10, 202, 106, 978, 691, 836, 256, 324, 158, 620]
Tree:
None

Fitness:
2.075982223061153