Generation:
1000

Phenotype:
+9.6E-0*KS(x[:,0], 7.0E-1,2.9E-2,None)+2.6E+0*KG(x[:,0], 9.0E-3,6.4E-5,None)

Genotype:
[701, 404, 233, 856, 141, 40, 933, 500, 295, 361, 838, 499, 745, 132, 925, 612, 24, 541, 206, 884, 140, 584, 630, 137, 823, 194, 134, 367, 345, 578, 756, 238, 222, 281, 329, 24, 82, 585, 763, 180, 947, 823, 286, 866, 170, 926, 101, 576, 740, 279, 889, 925, 831, 556, 446, 315, 753, 173, 968, 565, 29, 594, 82, 990, 186, 782, 647, 21, 183, 210, 189, 62, 314, 752, 446, 583, 362, 885, 82, 953, 934, 251, 548, 525, 359, 558, 608, 668, 529, 749, 373, 917, 155, 143, 579, 970, 553, 15, 373, 933, 166, 952, 993, 382, 33, 595, 811, 452, 535, 143, 665, 351, 547, 338, 104, 458, 81, 991, 800, 166, 281, 190, 71, 698, 982, 281, 515, 197, 120, 500, 756, 115, 654, 483, 819, 770, 920, 910, 563, 840, 219, 409, 25, 201, 381, 606, 112, 410, 108, 706, 559, 17, 443, 896, 82, 926, 422]
Tree:
None

Fitness:
12.429201820039214