Generation:
1000

Phenotype:
+2.5E-0*KG(x[:,0], 9.9E-3,2.0E-3,None)+9.6E+0*KS(x[:,0], 7.3E-1,9.0E-2,None)

Genotype:
[193, 944, 757, 515, 165, 260, 503, 49, 221, 753, 793, 710, 623, 523, 832, 718, 596, 188, 456, 366, 670, 924, 193, 791, 411, 197, 880, 39, 232, 695, 641, 596, 324, 360, 886, 495, 193, 143, 143, 748, 253, 612, 812, 707, 132, 745, 245, 658, 550, 745, 190, 906, 273, 511, 110, 856, 538, 459, 632, 857, 476, 226, 929, 154, 126, 791, 918, 209, 213, 455, 407, 379, 296, 356, 583, 294, 367, 679, 761, 204, 242, 330, 434, 742, 888, 704, 257, 874, 324, 281, 792, 929, 590, 206, 538, 786, 332, 242, 590, 668, 0, 537, 121, 946, 697, 986, 82, 632, 192, 402, 746, 324, 137, 144, 374, 689, 96, 88, 81, 840, 826, 683, 634, 211, 628, 54, 468, 572, 590, 613, 527, 142, 722, 55, 295, 177, 526, 827, 124, 825, 64, 176, 671, 951, 817, 740, 15, 162, 473, 588, 402, 110, 954, 850, 259, 598, 267]
Tree:
None

Fitness:
12.357852049576385