Generation:
1000

Phenotype:
-5.8E-2*KS(x[:,0], 9.9E-1,1.3E-0,None)+9.9E-1*KG(x[:,0], 3.0E+0,9.8E-1,None)-9.9E-2*KG(x[:,0], 5.0E-0,2.0E-8,None)+9.9E-3*KS(x[:,0], 9.4E+0,2.5E-7,None)

Genotype:
[911, 39, 922, 958, 473, 112, 143, 909, 35, 591, 135, 213, 247, 410, 372, 745, 268, 296, 569, 383, 141, 245, 760, 918, 1000, 800, 438, 695, 761, 322, 73, 909, 530, 229, 335, 692, 157, 950, 481, 330, 883, 110, 905, 978, 381, 634, 862, 890, 149, 157, 473, 710, 964, 706, 190, 10, 255, 503, 77, 874, 682, 212, 632, 793, 380, 633, 840, 681, 883, 570, 356, 29, 57, 504, 977, 687, 485, 300, 998, 348, 593, 491, 662, 250, 417, 151, 232, 530, 152, 49]
Tree:
None

Fitness:
0.03185767734362153