Generation:
1000

Phenotype:
+9.9E+0*KS(x[:,0], 6.8E-1,1.1E-1,None)+2.4E+0*KG(x[:,0], 1.5E-2,3.1E-9,None)

Genotype:
[143, 914, 971, 209, 560, 410, 878, 488, 771, 261, 81, 321, 819, 431, 47, 816, 580, 181, 314, 992, 430, 792, 365, 727, 682, 965, 71, 917, 379, 751, 80, 578, 963, 650, 746, 162, 244, 437, 502, 808, 601, 739, 297, 923, 788, 327, 454, 148, 888, 230, 313, 520, 185, 617, 62, 857, 985, 398, 238, 762, 373, 74, 552, 868, 890, 500, 667, 790, 93, 476, 650, 26, 198, 668, 56, 652, 415, 932, 201, 518, 701, 620, 723, 599, 98, 267, 958, 310, 484, 806, 77, 872, 760, 952, 830, 299, 115, 79, 674, 403, 686, 399, 0, 774, 933, 861, 498, 158, 522, 391, 377, 76, 277, 869, 950, 439, 285, 860, 533, 697, 592, 193, 771, 343, 762, 489, 957, 383, 959, 305, 423, 154, 845, 353, 955, 71, 984, 493, 703, 437, 605, 335, 448, 219, 371, 459, 58, 401, 775, 498, 579, 500, 205, 254, 964, 399, 227, 323, 110, 667, 46, 625, 435, 683, 386, 749, 898, 700, 397, 499, 616, 558, 260, 238, 19, 934, 69, 739, 656, 61]
Tree:
None

Fitness:
12.307646739800767