Generation:
1000

Phenotype:
+9.9E-1*KG(x[:,0], 3.1E+0,9.9E-1,None)-6.1E-2*KS(x[:,0], 8.7E+0,8.5E-0,None)

Genotype:
[649, 990, 647, 179, 571, 821, 317, 781, 578, 470, 575, 529, 331, 311, 77, 292, 743, 914, 731, 705, 52, 115, 137, 446, 380, 70, 315, 257, 300, 438, 59, 843, 79, 684, 119, 122, 23, 593, 230, 832, 469, 418, 841, 216, 888, 613, 12, 410, 487, 891, 280, 595, 957, 351, 381, 629, 350, 668, 453, 209, 112, 703, 596, 521, 742, 186, 701, 921, 915, 642, 975, 373, 624, 18, 959, 774, 455, 718, 162, 508, 156, 409, 745, 156, 96, 72, 789, 560, 466, 816]
Tree:
None

Fitness:
0.04649423577051631