Generation:
1000

Phenotype:
+9.9E+0*KS(x[:,0], 6.9E-1,9.2E-9,None)+3.8E+0*KG(x[:,0], 8.2E-2,9.9E-1,None)-5.5E-1*KS(x[:,0], 4.1E+7,3.3E-3,None)

Genotype:
[215, 262, 980, 979, 320, 980, 941, 9, 641, 811, 26, 362, 913, 989, 936, 811, 626, 155, 558, 250, 140, 673, 832, 647, 722, 728, 249, 997, 191, 577, 16, 25, 814, 295, 43, 321, 498, 81, 252, 167, 983, 783, 857, 373, 746, 640, 518, 312, 225, 225, 860, 952, 593, 28, 269, 271, 395, 899, 337, 154, 739, 68, 231, 241, 740, 519, 59, 628, 380, 529, 687, 870, 15, 415, 488, 45, 921, 168, 269, 440, 656, 34, 107, 232, 83, 714, 232, 923, 336, 521, 592, 545, 413, 550, 220, 901, 423, 791, 603, 374, 69, 409, 292, 156, 422, 349, 985, 583, 548, 750, 794, 571, 500, 541, 604, 737, 372, 135, 113, 795, 438, 661, 143, 729, 902, 224, 589, 62, 189, 199, 878, 330, 201, 981, 449, 460, 981, 144, 499, 605, 732, 840, 946, 459, 29, 552, 201, 807, 344, 12, 218, 738, 390, 791, 749, 320, 148]
Tree:
None

Fitness:
11.387105961319579