Generation:
1000

Phenotype:
+7.3E+3*KS(x[:,0], 1.8E-9,9.5E-8,None)-4.7E-2*KS(x[:,0], 9.3E+0,2.0E+7,None)

Genotype:
[797, 454, 753, 723, 158, 503, 333, 108, 969, 179, 512, 195, 835, 428, 149, 952, 633, 525, 437, 769, 152, 467, 93, 218, 850, 820, 740, 214, 757, 10, 506, 502, 375, 376, 544, 961, 752, 710, 690, 90, 621, 508, 221, 141, 998, 773, 89, 874, 764, 588, 63, 188, 182, 27, 865, 214, 540, 356, 362, 940, 86, 507, 836, 433, 976, 852, 263, 411, 647, 50, 303, 821, 874, 814, 565, 24, 702, 776, 81, 827, 517, 526, 267, 979, 763, 764, 746, 979, 631, 542]
Tree:
None

Fitness:
2.4196678863911947