Generation:
1000

Phenotype:
-2.4E-6*KP(x[:,0], 8.6E+1,1.3E-9,2)+9.9E-2*KS(x[:,0], 3.9E-0,1.1E-9,None)

Genotype:
[681, 615, 172, 964, 665, 36, 214, 206, 102, 71, 468, 233, 727, 759, 522, 556, 484, 368, 769, 201, 672, 893, 379, 79, 700, 585, 361, 991, 899, 594, 837, 936, 788, 593, 310, 570, 737, 548, 286, 430, 500, 418, 558, 735, 549, 291, 261, 55, 377, 382, 475, 552, 868, 867, 273, 918, 549, 62, 232, 763, 402, 331, 861, 140, 61, 642, 171, 956, 674, 295, 212, 73, 968, 462, 332, 248, 781, 240, 659, 96, 140, 876, 464, 454, 114, 586, 266, 441, 521, 511]
Tree:
None

Fitness:
2.071933590021697