Generation:
1000

Phenotype:
+9.5E-4*KG(x[:,0], 7.4E-1,1.1E-6,None)+3.6E-9*KP(x[:,0], 7.3E+8,8.1E+1,1)+3.1E-5*KP(x[:,0], 5.6E-0,6.6E+0,3)

Genotype:
[679, 404, 494, 555, 627, 824, 663, 24, 91, 221, 954, 791, 867, 796, 698, 801, 906, 650, 946, 437, 229, 60, 613, 980, 838, 529, 911, 920, 881, 596, 932, 36, 299, 71, 761, 105, 760, 886, 109, 380, 716, 106, 874, 650, 813, 18, 228, 948, 729, 688, 628, 922, 781, 430, 932, 897, 344, 469, 297, 427, 284, 458, 206, 729, 698, 189, 666, 879, 285, 628, 21, 910, 586, 992, 951, 238, 575, 530, 690, 294, 484, 813, 842, 852, 811, 725, 891, 507, 499, 302, 795, 40, 628, 950, 809, 532, 905, 867, 32, 758, 686, 94, 42, 208, 605, 870, 215, 237, 388, 609, 404, 341]
Tree:
None

Fitness:
38.233030245873934