Generation:
1000

Phenotype:
+9.9E-1*KG(x[:,0], 3.2E+0,9.9E-1,None)-4.9E-2*KS(x[:,0], 7.0E-0,2.8E+3,None)

Genotype:
[235, 550, 278, 579, 339, 971, 461, 152, 396, 170, 179, 699, 75, 351, 440, 364, 299, 579, 39, 779, 42, 258, 800, 363, 450, 523, 978, 288, 143, 553, 459, 6, 184, 109, 41, 122, 957, 444, 287, 38, 278, 80, 980, 763, 226, 424, 19, 202, 810, 293, 679, 556, 267, 200, 732, 616, 579, 912, 709, 457, 65, 247, 6, 467, 278, 399, 14, 732, 41, 306, 981, 230, 553, 242, 355, 263, 954, 576, 462, 335, 608, 797, 173, 523, 406, 199, 434, 241, 115, 356, 431, 638, 312, 137, 721, 95, 457, 644, 861, 314, 609, 636, 549, 527, 463, 841, 626, 540, 346, 304, 486, 499, 75, 511, 266, 234, 344, 631, 194, 200, 923, 224, 720, 505, 935, 802, 237, 659, 784, 351, 78, 919, 44, 268, 469, 488, 70, 900, 240, 803, 883, 248, 755, 254, 256, 662, 81, 985, 597, 882, 510, 816, 364, 541, 731, 701, 759, 683, 35, 813, 418, 66, 17, 670, 924, 764, 383, 32, 109, 569, 749, 168, 954, 756, 624, 881, 124, 764, 8, 328]
Tree:
None

Fitness:
0.04777364017601102