Generation:
1000

Phenotype:
+9.9E-0*KS(x[:,0], 6.0E-1,4.9E-7,None)+3.7E-0*KG(x[:,0], 7.4E-2,1.6E+0,None)-5.6E-0*KS(x[:,0], 4.6E-2,7.0E-4,None)

Genotype:
[659, 382, 179, 689, 279, 910, 626, 630, 325, 221, 129, 339, 139, 107, 65, 433, 386, 677, 727, 941, 320, 744, 794, 133, 822, 810, 176, 598, 390, 106, 538, 683, 373, 416, 701, 840, 489, 356, 707, 92, 654, 800, 33, 354, 230, 195, 708, 137, 67, 243, 599, 43, 910, 957, 777, 680, 560, 216, 761, 657, 746, 567, 910, 981, 158, 592, 588]
Tree:
None

Fitness:
11.83422077809874