Generation:
1000

Phenotype:
+6.1E-1*KP(x[:,0], 4.4E-0,9.7E-2,1)+9.1E+0*KG(x[:,0], 9.9E-1,1.9E-0,None)+9.7E-1*KS(x[:,0], 6.8E+0,5.8E-0,None)

Genotype:
[249, 158, 14, 941, 189, 701, 300, 254, 673, 930, 35, 347, 243, 662, 816, 427, 374, 845, 251, 378, 370, 458, 369, 143, 461, 18, 649, 785, 970, 535, 370, 882, 692, 397, 171, 641, 986, 528, 358, 660, 760, 68, 747, 720, 76, 524, 629, 671, 761, 749, 265, 863, 571, 292, 871, 602, 1000, 23, 378, 867, 409, 120, 909, 902, 760, 601, 971]
Tree:
None

Fitness:
7.234155087455217