Generation:
1000

Phenotype:
-5.0E-2*KP(x[:,0], 8.4E-5,3.2E+7,0)+9.9E-1*KG(x[:,0], 3.2E-0,1.0E-0,None)

Genotype:
[621, 357, 148, 290, 175, 992, 862, 804, 629, 565, 191, 432, 36, 57, 345, 168, 166, 143, 999, 189, 151, 155, 372, 227, 210, 261, 820, 469, 160, 406, 184, 589, 773, 175, 514, 623, 691, 126, 577, 32, 250, 110, 798, 326, 553, 326, 906, 618, 977, 111, 452, 17, 2, 140, 702, 619, 805, 989, 64, 925, 443, 103, 417, 738, 30, 420, 382, 445, 129, 490, 748, 468, 329, 182, 361, 267, 160, 252, 886, 374, 152, 888, 301, 506, 407, 608, 754, 923, 918, 279, 847, 653, 135, 477, 988, 550, 328, 739, 722, 198, 637, 906, 385, 625, 470, 865, 725, 451, 840, 624, 300, 177]
Tree:
None

Fitness:
0.04769009267651341