Generation:
1000

Phenotype:
+9.6E+0*KS(x[:,0], 7.1E-1,1.3E-1,None)+2.2E+0*KG(x[:,0], 5.3E-7,1.8E+2,None)

Genotype:
[587, 488, 260, 16, 722, 10, 609, 871, 711, 261, 891, 643, 131, 391, 210, 732, 292, 874, 802, 276, 160, 499, 623, 617, 707, 171, 298, 436, 262, 567, 469, 892, 508, 128, 430, 436, 777, 941, 265, 124, 31, 94, 449, 829, 8, 260, 528, 933, 803, 939, 495, 306, 712, 666, 277, 53, 398, 766, 9, 177, 905, 394, 338, 570, 584, 528, 838, 173, 585, 353, 970, 715, 482, 768, 387, 804, 44, 857, 945, 326, 339, 963, 944, 886, 747, 835, 569, 498, 700, 304, 951, 99, 829, 571, 694, 871, 483, 833, 41, 610, 145, 921, 252, 860, 498, 776, 16, 411, 383, 53, 70, 122]
Tree:
None

Fitness:
12.37039613350638