Generation:
1000

Phenotype:
-6.9E-0*KS(x[:,0], 2.4E-9,4.6E-3,None)+8.2E-2*KS(x[:,0], 5.3E+6,2.1E-7,None)

Genotype:
[473, 817, 158, 689, 509, 990, 910, 944, 661, 639, 840, 6, 741, 613, 225, 472, 484, 619, 962, 219, 982, 706, 563, 80, 576, 865, 841, 783, 707, 685, 907, 657, 294, 566, 474, 272, 19, 520, 872, 420, 700, 63, 660, 964, 126, 397, 329, 508, 728, 783, 464, 320, 254, 350, 282, 311, 466, 958, 552, 983, 716, 392, 558, 659, 540, 365, 336, 273, 661, 669, 638, 271, 728, 902, 336, 408, 88, 701, 315, 1, 47, 992, 967, 149, 511, 786, 26, 976, 454, 491, 116, 240, 186, 18, 807, 478, 633, 572, 118, 294, 955, 530, 138, 400, 889, 399, 770, 420, 151, 747, 397, 191]
Tree:
None

Fitness:
2.2870992712271097