Generation:
1000

Phenotype:
+9.6E-0*KS(x[:,0], 7.2E-1,4.4E-2,None)+2.6E-0*KG(x[:,0], 8.6E-3,9.4E-2,None)+2.6E-3*KS(x[:,0], 1.4E-3,6.4E-1,None)-9.8E-3*KS(x[:,0], 5.9E+1,6.0E-6,None)

Genotype:
[35, 522, 773, 16, 17, 400, 672, 292, 101, 551, 561, 44, 281, 502, 848, 247, 38, 874, 46, 239, 740, 475, 966, 155, 823, 629, 934, 837, 732, 218, 299, 822, 370, 746, 221, 273, 54, 584, 919, 853, 653, 704, 495, 841, 819, 658, 127, 899, 788, 367, 983, 553, 219, 868, 361, 248, 710, 693, 866, 631, 472, 874, 218, 459, 399, 693, 852, 796, 99, 664, 59, 447, 261, 577, 570, 866, 430, 888, 253, 467, 498, 971, 827, 18, 407, 893, 276, 670, 384, 400]
Tree:
None

Fitness:
12.362128152141862