Generation:
1000

Phenotype:
+9.9E-2*KS(x[:,0], 4.7E-0,5.1E-9,None)-2.4E-2*KP(x[:,0], 6.9E-1,6.4E-4,3)+4.2E-0*KS(x[:,0], 6.6E-7,8.9E-8,None)

Genotype:
[695, 300, 134, 939, 257, 622, 570, 147, 869, 390, 661, 631, 997, 319, 246, 189, 937, 46, 54, 993, 282, 572, 109, 651, 761, 644, 664, 7, 314, 578, 742, 286, 489, 772, 159, 370, 50, 536, 17, 417, 664, 379, 911, 598, 454, 762, 918, 472, 911, 170, 458, 102, 824, 508, 855, 982, 270, 671, 456, 320, 887, 795, 3, 191, 268, 283, 539, 22, 726, 511, 429, 32, 208, 753, 119, 312, 596, 575, 6, 823, 305, 60, 132, 955, 405, 321, 3, 300, 644, 274, 449, 907, 694, 914, 143, 419, 787, 150, 66, 267, 827, 521, 640, 609, 237, 399, 600, 65, 180, 882, 989, 253, 625, 194, 653, 640, 804, 738, 779, 44, 761, 956, 733, 784, 390, 975, 130, 485, 178, 119, 319, 659, 576, 53, 312]
Tree:
None

Fitness:
2.0443648411586297