Generation:
1000

Phenotype:
+6.8E-3*KS(x[:,0], 3.4E+3,9.6E-3,None)+6.4E-2*KS(x[:,0], 8.4E+8,3.2E+2,None)

Genotype:
[467, 174, 491, 318, 987, 383, 677, 764, 760, 683, 575, 536, 229, 363, 336, 190, 148, 275, 774, 305, 262, 502, 594, 536, 988, 245, 92, 200, 332, 809, 76, 857, 496, 193, 578, 662, 42, 157, 297, 244, 516, 627, 496, 76, 536, 888, 986, 922, 976, 20, 203, 258, 168, 952, 641, 488, 362, 913, 787, 578, 450, 599, 773, 715, 712, 370, 520, 158, 685, 560, 817, 834, 273, 128, 766, 791, 238, 445, 883, 641, 965, 629, 218, 681, 223, 351, 584, 288, 534, 224]
Tree:
None

Fitness:
2.3981536286115857