Generation:
1000

Phenotype:
+9.9E-1*KG(x[:,0], 3.0E+0,1.0E+0,None)-9.9E-2*KG(x[:,0], 9.5E+0,7.8E-9,None)-5.0E-2*KS(x[:,0], 9.8E-2,2.0E+0,None)

Genotype:
[667, 664, 530, 959, 85, 161, 137, 600, 168, 820, 459, 40, 678, 1000, 277, 505, 121, 692, 479, 27, 542, 332, 345, 456, 150, 312, 148, 689, 39, 338, 958, 941, 76, 570, 383, 712, 602, 528, 695, 352, 109, 190, 640, 230, 246, 279, 610, 240, 623, 222, 155, 616, 708, 59, 306, 403, 829, 302, 133, 758, 225, 164, 246, 871, 424, 250, 841, 603, 70, 975, 65, 936, 851, 704, 592, 487, 328, 377, 216, 417, 169, 608, 584, 530, 356, 619, 592, 398, 428, 135]
Tree:
None

Fitness:
0.035620599353389584