Generation:
1000

Phenotype:
+9.5E-0*KS(x[:,0], 7.2E-1,8.5E-2,None)+2.3E+0*KG(x[:,0], 4.1E-3,1.6E-3,None)

Genotype:
[11, 518, 854, 695, 269, 110, 924, 672, 211, 101, 664, 505, 631, 42, 890, 762, 930, 802, 983, 106, 740, 948, 111, 655, 383, 297, 446, 433, 593, 821, 696, 288, 482, 811, 526, 403, 623, 297, 215, 231, 395, 830, 907, 783, 380, 650, 651, 657, 184, 212, 648, 285, 581, 534, 488, 344, 222, 199, 636, 787, 730, 410, 173, 850, 271, 579, 922, 337, 454, 268, 310, 752, 818, 573, 364, 644, 541, 855, 151, 262, 858, 447, 813, 148, 554, 756, 508, 523, 233, 348]
Tree:
None

Fitness:
12.38675901082992