Generation:
1000

Phenotype:
+5.0E-2*KS(x[:,0], 4.4E+9,1.0E-9,None)

Genotype:
[760, 50, 616, 870, 693, 492, 912, 894, 246, 709, 270, 750, 75, 729, 484, 811, 975, 269, 2, 586, 571, 372, 430, 723, 718, 142, 2, 603, 650, 265, 594, 160, 885, 451, 456, 292, 131, 300, 786, 35, 353, 594, 376, 295, 695, 464, 404, 996, 876, 930, 609, 272, 697, 133, 240, 893, 141, 602, 875, 719, 787, 119, 929, 844, 50, 228, 798, 121, 789, 639, 602, 240, 189, 969, 656, 88, 486, 522, 155, 351, 295, 807, 975, 290, 722, 923, 217, 902, 793, 552, 971, 587, 298, 691, 453, 289, 901, 706, 103, 967, 920, 518, 87, 783, 637, 184, 784, 409, 940, 457, 310, 897, 344, 64, 213, 354, 432, 866, 938, 17, 644, 519, 278, 553, 528, 450, 663, 161, 230, 270, 140, 390, 35, 25, 166]
Tree:
None

Fitness:
2.2868615606190237