Generation:
1000

Phenotype:
+1.6E-1*KG(x[:,0], 6.7E-5,3.1E-0,None)+9.5E-0*KS(x[:,0], 9.8E+0,4.0E-1,None)+2.3E-2*KG(x[:,0], 4.5E-8,8.0E-8,None)

Genotype:
[31, 810, 756, 326, 313, 371, 275, 187, 73, 765, 344, 511, 691, 410, 102, 557, 140, 818, 895, 523, 390, 476, 578, 740, 70, 471, 860, 243, 311, 932, 168, 142, 181, 923, 933, 592, 381, 385, 419, 878, 88, 130, 323, 808, 849, 534, 363, 491, 129, 757, 864, 384, 362, 38, 843, 122, 272, 675, 470, 326, 709, 762, 987, 779, 48, 3, 10, 850, 683, 192, 540, 539, 721, 577, 448, 980, 722, 604, 226, 127, 490, 122, 306, 817, 842, 575, 809, 887, 476, 178, 935, 218, 490, 557, 442, 284, 532, 447, 24, 812, 144, 119, 156, 351, 212, 61, 349, 870, 931, 355, 853, 238, 297, 448, 289, 407, 615, 605, 395, 797, 707, 732, 385, 722, 196, 567, 696, 961, 255, 260, 861, 656, 80, 706, 77]
Tree:
None

Fitness:
43.26449343086845