Generation:
1000

Phenotype:
-3.9E-2*KP(x[:,0], 1.9E-1,2.5E-0,1)+9.6E-0*KS(x[:,0], 8.2E-2,9.7E+8,None)

Genotype:
[579, 89, 551, 879, 159, 602, 693, 389, 143, 621, 496, 815, 59, 150, 66, 562, 268, 530, 196, 371, 590, 979, 332, 653, 702, 395, 567, 806, 8, 837, 818, 660, 761, 10, 260, 638, 327, 537, 679, 490, 666, 140, 984, 674, 529, 672, 728, 857, 973, 262, 193, 355, 356, 758, 905, 507, 560, 638, 257, 540, 657, 738, 950, 667, 25, 199, 686, 290, 368, 654, 202, 822, 519, 402, 488, 46, 340, 757, 880, 739, 223, 288, 620, 266, 751, 759, 99, 509, 163, 359]
Tree:
None

Fitness:
61.1301022739614