Generation:
1000

Phenotype:
+9.9E-0*KS(x[:,0], 6.4E-1,3.7E-9,None)+6.2E+3*KS(x[:,0], 4.0E-8,3.9E-4,None)+3.3E-2*KS(x[:,0], 8.4E+2,9.7E+8,None)

Genotype:
[503, 104, 197, 89, 995, 840, 500, 144, 627, 471, 155, 727, 13, 839, 762, 473, 576, 374, 722, 680, 13, 12, 890, 385, 868, 884, 659, 855, 414, 754, 694, 468, 47, 883, 733, 392, 763, 494, 14, 592, 197, 667, 962, 308, 335, 719, 67, 803, 613, 911, 588, 325, 516, 550, 344, 240, 969, 867, 781, 554, 997, 390, 768, 741, 731, 853, 365]
Tree:
None

Fitness:
12.998175650061825