Generation:
1000

Phenotype:
+9.9E-1*KG(x[:,0], 3.1E+0,1.0E-0,None)-5.3E-2*KS(x[:,0], 4.9E+0,5.0E+0,None)

Genotype:
[313, 964, 836, 559, 335, 11, 938, 141, 708, 90, 135, 150, 309, 690, 218, 730, 289, 832, 513, 259, 352, 534, 709, 578, 960, 58, 390, 86, 130, 760, 359, 166, 552, 723, 534, 994, 179, 486, 593, 830, 369, 933, 341, 898, 551, 416, 870, 828, 679, 405, 334, 878, 972, 760, 975, 918, 481, 638, 351, 501, 960, 609, 972, 426, 127, 149, 530, 952, 756, 175, 54, 881, 554, 688, 859, 554, 539, 315, 342, 625, 91, 637, 192, 682, 254, 876, 663, 124, 363, 424, 515, 869, 45, 731, 621, 531, 83, 502, 637, 314, 615, 791, 589, 873, 313, 15, 289, 164, 617, 507, 843, 566]
Tree:
None

Fitness:
0.04591538211037657