Generation:
1000

Phenotype:
+9.9E-0*KS(x[:,0], 6.6E-1,1.0E-9,None)+3.6E+0*KS(x[:,0], 4.5E-1,1.6E+0,None)-7.6E-1*KP(x[:,0], 3.7E-1,9.9E-5,3)

Genotype:
[839, 396, 629, 29, 423, 650, 23, 776, 547, 351, 126, 20, 11, 829, 937, 899, 712, 92, 796, 442, 840, 930, 925, 281, 571, 90, 336, 210, 110, 639, 386, 761, 906, 126, 241, 691, 704, 567, 939, 951, 377, 839, 209, 975, 283, 870, 908, 617, 586, 781, 398, 487, 908, 896, 936, 529, 576, 307, 90, 372, 888, 552, 319, 922, 923, 421, 701, 617, 356, 508, 227, 376, 327, 913, 386, 810, 582, 549, 638, 368, 549, 172, 869, 376, 336, 83, 719, 838, 949, 480, 637, 489, 77, 56, 638, 233, 403, 769, 676, 127, 612, 328, 939, 954, 733, 430, 459, 123, 950, 662, 609, 808]
Tree:
None

Fitness:
11.844232512224337