Generation:
1000

Phenotype:
+4.3E+0*KS(x[:,0], 3.8E+9,9.1E-2,None)+4.1E+0*KP(x[:,0], 7.8E-0,9.7E-8,0)

Genotype:
[761, 310, 570, 273, 656, 830, 317, 628, 344, 19, 278, 211, 589, 192, 250, 500, 192, 372, 761, 818, 450, 231, 128, 317, 760, 800, 367, 183, 698, 350, 61, 42, 131, 78, 998, 199, 238, 513, 698, 840, 635, 940, 705, 647, 834, 890, 755, 813, 126, 943, 274, 354, 985, 992, 16, 667, 23, 56, 362, 774, 879, 886, 685, 285, 382, 885, 201, 913, 366, 126, 220, 394, 779, 508, 454, 471, 689, 583, 130, 438, 393, 792, 850, 920, 873, 924, 6, 798, 526, 669, 442, 366, 713, 297, 974, 281, 184, 174, 875, 67, 251, 927, 602, 703, 313, 79, 967, 731, 926, 700, 261, 805]
Tree:
None

Fitness:
36.220473933525014