Generation:
1000

Phenotype:
-9.9E-2*KG(x[:,0], 6.0E+0,1.7E-8,None)+9.9E-1*KG(x[:,0], 3.0E-0,9.8E-1,None)+9.3E-2*KS(x[:,0], 7.3E-6,4.1E-6,None)-5.1E-2*KS(x[:,0], 4.8E+0,5.1E-0,None)

Genotype:
[775, 403, 161, 209, 193, 862, 239, 30, 50, 160, 9, 937, 411, 38, 837, 637, 4, 638, 489, 525, 131, 299, 100, 617, 410, 350, 498, 599, 111, 302, 131, 348, 197, 723, 749, 932, 879, 453, 657, 796, 516, 691, 215, 986, 595, 136, 13, 346, 701, 509, 692, 93, 68, 496, 670, 715, 471, 253, 80, 656, 546, 758, 358, 536, 930, 363, 654, 773, 165, 248, 150, 731, 682, 728, 333, 565, 897, 60, 697, 684, 542, 237, 58, 144, 797, 676, 676, 179, 742, 721, 835, 724, 689, 745, 96, 342, 328, 798, 800, 799, 188, 516, 52, 777, 37, 88, 540, 26, 690, 647, 582, 872, 726, 163, 513, 79, 13, 552, 351, 97, 735, 541, 113, 139, 21, 423, 271, 564, 412, 392, 594, 707, 973, 7, 727]
Tree:
None

Fitness:
0.03262348985089103