Generation:
1000

Phenotype:
+6.5E-5*KP(x[:,0], 2.5E-7,4.5E-1,3)-2.6E-2*KS(x[:,0], 7.7E+9,4.3E+9,None)

Genotype:
[471, 992, 257, 455, 135, 875, 694, 645, 311, 987, 507, 555, 495, 861, 518, 886, 497, 127, 36, 859, 802, 159, 497, 184, 839, 966, 863, 684, 499, 948, 506, 367, 704, 489, 395, 260, 222, 683, 528, 311, 343, 801, 436, 937, 955, 849, 575, 889, 155, 276, 248, 687, 489, 82, 913, 194, 445, 931, 356, 951, 894, 581, 171, 379, 374, 32, 343, 104, 479, 633, 777, 894, 522, 597, 767, 244, 315, 349, 433, 270, 269, 740, 613, 64, 244, 773, 152, 94, 744, 929]
Tree:
None

Fitness:
2.35725322181569