Generation:
1000

Phenotype:
+8.8E-0*KS(x[:,0], 6.0E-1,4.3E-1,None)+9.4E+1*KS(x[:,0], 8.8E-3,8.4E-9,None)

Genotype:
[221, 118, 961, 278, 575, 40, 536, 660, 821, 421, 849, 143, 99, 831, 423, 682, 978, 971, 974, 352, 711, 277, 478, 75, 233, 61, 224, 875, 179, 165, 252, 458, 369, 27, 811, 863, 941, 897, 519, 135, 867, 516, 249, 648, 145, 298, 141, 969, 906, 476, 208, 713, 87, 102, 722, 542, 299, 740, 429, 65, 669, 911, 574, 762, 358, 22, 130, 545, 98, 715, 615, 632, 230, 122, 955, 953, 996, 743, 388, 908, 655, 941, 463, 149, 998, 370, 400, 62, 979, 877]
Tree:
None

Fitness:
14.218430949014579