Generation:
1000

Phenotype:
+8.3E+0*KS(x[:,0], 1.0E+0,2.6E-1,None)+9.9E-3*KP(x[:,0], 9.6E-2,3.9E-0,4)

Genotype:
[353, 356, 187, 573, 486, 120, 297, 90, 254, 150, 901, 566, 799, 801, 0, 116, 496, 719, 39, 169, 483, 242, 26, 329, 122, 578, 239, 181, 480, 954, 643, 499, 225, 502, 919, 943, 765, 771, 924, 973, 652, 794, 911, 965, 811, 17, 449, 539, 62, 500, 247, 622, 628, 105, 60, 955, 305, 753, 376, 59, 591, 577, 524, 882, 521, 279, 345, 573, 137, 640, 23, 3, 530, 745, 57, 515, 866, 782, 410, 715, 969, 972, 8, 241, 196, 262, 476, 513, 708, 745]
Tree:
None

Fitness:
13.667108462138891