Generation:
1000

Phenotype:
+3.7E+0*KG(x[:,0], 9.1E-2,9.0E-1,None)+9.9E-0*KS(x[:,0], 6.0E-1,6.7E-4,None)

Genotype:
[877, 206, 434, 457, 152, 100, 620, 961, 105, 202, 881, 340, 623, 141, 234, 892, 724, 818, 19, 69, 990, 590, 290, 165, 111, 707, 327, 705, 954, 533, 641, 566, 744, 404, 749, 832, 405, 988, 938, 165, 513, 806, 681, 331, 737, 273, 164, 186, 953, 688, 249, 372, 112, 440, 760, 701, 590, 94, 118, 520, 239, 229, 277, 928, 34, 558, 703, 572, 657, 784, 119, 106, 465, 566, 917, 703, 767, 445, 223, 992, 430, 484, 10, 471, 166, 391, 679, 554, 532, 135, 742, 681, 858, 912, 818, 785, 960, 575, 127, 833, 720, 959, 53, 244, 249, 554, 55, 342, 88, 733, 894, 464, 421, 127, 391, 273, 791, 764, 749, 620, 689, 904, 196, 661, 478, 148, 401, 555, 650, 241, 424, 932, 8, 765, 544]
Tree:
None

Fitness:
11.909992563276782