Generation:
1000

Phenotype:
-9.1E-2*KG(x[:,0], 8.7E-3,1.3E-7,None)+1.1E-0*KG(x[:,0], 3.1E+0,9.9E-1,None)

Genotype:
[937, 761, 143, 911, 589, 692, 268, 907, 639, 523, 495, 553, 369, 757, 508, 210, 806, 45, 941, 189, 520, 65, 721, 780, 750, 764, 929, 599, 471, 779, 14, 189, 691, 118, 871, 201, 820, 723, 828, 804, 280, 343, 252, 589, 723, 998, 656, 578, 452, 469, 553, 343, 672, 158, 358, 628, 963, 903, 833, 709, 107, 905, 825, 467, 410, 0, 643, 559, 612, 854, 561, 475, 330, 270, 859, 361, 771, 887, 29, 430, 864, 337, 122, 932, 968, 706, 699, 841, 879, 614, 159, 535, 980, 209, 25, 617, 775, 356, 569, 227, 773, 779, 835, 95, 162, 650, 391, 833, 834, 950, 719, 133, 465, 362, 400, 979, 418, 249, 649, 513, 892, 903, 895, 124, 910, 472, 182, 212, 924, 51, 549, 779, 62, 985, 747, 1, 609, 413, 783, 423, 283, 682, 936, 344, 435, 884, 64, 798, 105, 287, 716, 120, 343, 102, 915, 21, 359]
Tree:
None

Fitness:
0.03133454444917249