Generation:
1000

Phenotype:
+9.8E-0*KS(x[:,0], 6.9E-1,9.9E-3,None)+2.9E+0*KG(x[:,0], 3.3E-2,6.9E-2,None)

Genotype:
[905, 62, 89, 328, 119, 320, 311, 429, 671, 151, 251, 729, 373, 73, 151, 726, 976, 325, 599, 282, 170, 515, 43, 205, 72, 680, 969, 413, 62, 330, 580, 441, 533, 183, 620, 523, 776, 876, 878, 472, 205, 881, 810, 161, 313, 852, 340, 112, 630, 692, 159, 924, 45, 91, 692, 391, 859, 839, 531, 284, 43, 782, 967, 315, 782, 922, 548, 852, 700, 664, 123, 52, 139, 509, 714, 212, 109, 125, 162, 990, 873, 6, 600, 891, 521, 417, 231, 414, 769, 690]
Tree:
None

Fitness:
12.131208709640818