Generation:
1000

Phenotype:
+3.4E-4*KP(x[:,0], 4.7E-0,3.9E-9,1)+6.7E-7*KG(x[:,0], 4.9E-3,7.0E-2,None)-7.8E+0*KS(x[:,0], 5.2E-5,3.2E-8,None)

Genotype:
[705, 900, 308, 994, 479, 274, 435, 857, 405, 880, 164, 309, 787, 729, 11, 925, 436, 968, 587, 747, 587, 705, 259, 59, 983, 6, 680, 931, 42, 361, 100, 181, 186, 48, 730, 290, 355, 122, 311, 145, 848, 12, 287, 578, 274, 52, 441, 69, 763, 895, 499, 230, 199, 206, 914, 85, 721, 880, 171, 49, 519, 757, 498, 324, 608, 568, 677, 889, 131, 867, 338, 160, 388, 839, 96, 966, 591, 35, 60, 604, 554, 846, 452, 608, 984, 953, 412, 419, 700, 358, 989, 167, 999, 546, 370, 709, 456, 494, 503, 169, 104, 357, 708, 676, 598, 312, 43, 548, 258, 24, 30, 214, 74, 152, 539, 551, 856, 609, 850, 939, 45, 630, 916, 959, 536, 12, 913, 335, 992, 100, 769, 699, 126, 435, 258]
Tree:
None

Fitness:
2.4708016550151646