Generation:
1000

Phenotype:
+8.1E+5*KS(x[:,0], 3.3E-6,2.0E-6,None)+1.8E+0*KS(x[:,0], 3.0E+2,2.1E+2,None)+5.2E-1*KS(x[:,0], 2.9E+2,8.7E+1,None)

Genotype:
[89, 148, 88, 811, 732, 365, 668, 773, 257, 956, 766, 150, 811, 646, 937, 107, 428, 45, 738, 794, 330, 65, 190, 388, 72, 838, 161, 144, 622, 828, 58, 756, 967, 632, 725, 611, 514, 649, 306, 242, 97, 797, 764, 831, 793, 289, 598, 613, 0, 950, 350, 49, 84, 694, 223, 52, 535, 435, 865, 281, 609, 376, 785, 51, 687, 930, 830, 357, 814, 666, 522, 930, 124, 227, 814, 923, 163, 957, 740, 773, 147, 999, 84, 530, 221, 298, 923, 785, 933, 551, 866, 335, 238, 745, 902, 111, 932, 682, 207, 532, 926, 118, 463, 991, 379, 926, 423, 753, 477, 103, 695, 63]
Tree:
None

Fitness:
16.326347463643526