Generation:
1000

Phenotype:
-9.8E-2*KG(x[:,0], 6.4E-9,3.7E-3,None)-3.8E-1*KP(x[:,0], 6.6E-6,2.0E-1,4)+5.7E+0*KS(x[:,0], 1.1E-1,5.7E+2,None)+7.2E-0*KS(x[:,0], 9.0E+8,3.0E+5,None)

Genotype:
[787, 537, 134, 748, 707, 902, 662, 414, 757, 299, 839, 97, 327, 363, 175, 159, 785, 155, 248, 269, 91, 869, 616, 273, 506, 388, 890, 971, 971, 254, 707, 476, 283, 767, 782, 950, 531, 201, 245, 401, 148, 957, 370, 112, 984, 844, 394, 546, 552, 147, 800, 548, 970, 628, 368, 731, 340, 222, 465, 831, 159, 16, 186, 827, 784, 447, 245, 221, 341, 593, 495, 612, 33, 692, 757, 130, 545, 66, 184, 238, 702, 7, 502, 207, 719, 846, 362, 386, 320, 167]
Tree:
None

Fitness:
32.95292806986046