Generation:
1000

Phenotype:
+9.4E-0*KS(x[:,0], 7.3E-1,1.3E-1,None)+2.2E-0*KP(x[:,0], 9.0E+8,3.2E-0,0)

Genotype:
[47, 496, 800, 454, 321, 120, 33, 573, 641, 501, 396, 933, 991, 641, 336, 524, 540, 487, 522, 77, 560, 134, 470, 422, 678, 173, 842, 715, 80, 35, 486, 9, 480, 739, 170, 273, 383, 828, 349, 597, 727, 135, 367, 406, 473, 462, 208, 564, 694, 736, 737, 300, 975, 505, 314, 567, 164, 121, 709, 585, 585, 708, 17, 190, 280, 776, 420, 168, 239, 179, 69, 740, 198, 391, 270, 879, 133, 131, 613, 288, 68, 869, 795, 494, 262, 540, 810, 257, 489, 268, 171, 365, 37, 852, 146, 443, 416, 652, 217, 426, 859, 731, 506, 737, 150, 859, 76, 138, 227, 278, 935, 910, 101, 859, 0, 861, 550, 784, 864, 146, 341, 914, 210, 263, 478, 88, 10, 716, 764, 392, 648, 415, 988, 436, 365, 922, 900, 871, 30, 47, 607, 779, 582, 331, 286, 612, 774, 730, 388, 585, 205, 806, 660, 349, 274, 736, 356, 439, 862, 241, 363, 82, 744, 900, 984, 696, 365, 936, 943, 922, 294, 116, 931, 453, 10, 696, 610, 961, 985, 487]
Tree:
None

Fitness:
12.499364482771462