Generation:
1000

Phenotype:
+2.2E-0*KP(x[:,0], 6.1E+3,6.6E-9,0)+9.7E+0*KS(x[:,0], 7.0E-1,9.9E-2,None)-9.9E-2*KS(x[:,0], 6.3E+7,3.4E-9,None)

Genotype:
[267, 220, 190, 792, 567, 950, 806, 961, 774, 493, 608, 966, 907, 529, 750, 941, 572, 620, 287, 314, 520, 285, 220, 707, 931, 377, 439, 505, 802, 364, 808, 263, 728, 59, 483, 932, 860, 853, 214, 437, 416, 224, 105, 799, 612, 55, 471, 109, 46, 185, 634, 0, 994, 949, 956, 818, 807, 318, 930, 406, 255, 209, 35, 537, 521, 905, 167]
Tree:
None

Fitness:
12.304662633784787