Generation:
1000

Phenotype:
+9.7E-0*KS(x[:,0], 6.8E-1,9.9E-4,None)+2.6E+0*KS(x[:,0], 4.1E+1,6.3E+5,None)

Genotype:
[893, 986, 494, 987, 473, 640, 122, 658, 75, 701, 287, 799, 851, 284, 812, 616, 772, 289, 916, 748, 140, 525, 751, 642, 131, 968, 73, 684, 295, 482, 492, 4, 838, 727, 23, 264, 627, 536, 844, 338, 354, 139, 431, 330, 909, 644, 813, 48, 843, 23, 953, 5, 779, 279, 410, 695, 107, 627, 137, 859, 753, 23, 894, 170, 255, 818, 188, 807, 479, 31, 348, 861, 28, 835, 667, 917, 713, 3, 988, 541, 814, 638, 104, 736, 268, 975, 229, 693, 658, 57, 715, 135, 467, 988, 397, 428, 242, 432, 238, 19, 750, 937, 996, 489, 837, 926, 949, 49, 597, 244, 597, 612, 620, 267, 25, 402, 27, 913, 935, 673, 623, 626, 928, 672, 374, 148, 75, 950, 827, 114, 270, 797, 135, 380, 532]
Tree:
None

Fitness:
12.836074477975112