Generation:
1000

Phenotype:
+9.9E-1*KG(x[:,0], 3.1E+0,9.9E-1,None)-6.1E-2*KG(x[:,0], 7.6E-3,1.4E-4,None)+9.4E-3*KS(x[:,0], 3.6E-2,7.9E-8,None)

Genotype:
[247, 318, 881, 259, 981, 51, 596, 191, 860, 1000, 638, 59, 845, 421, 736, 859, 61, 149, 81, 503, 942, 249, 116, 367, 833, 729, 354, 411, 824, 935, 16, 914, 818, 734, 917, 293, 650, 426, 257, 492, 87, 729, 301, 688, 845, 726, 864, 314, 166, 334, 448, 836, 905, 208, 816, 311, 375, 623, 506, 505, 381, 506, 173, 727, 458, 637, 858, 828, 247, 194, 486, 356, 925, 663, 176, 535, 166, 198, 880, 261, 639, 547, 891, 965, 214, 358, 653, 577, 15, 873, 939, 939, 63, 370, 954, 568, 99, 45, 394, 267, 823, 813, 423, 583, 950, 392, 837, 693, 529, 892, 999, 228]
Tree:
None

Fitness:
0.047563561530753105