Generation:
1000

Phenotype:
+9.9E+0*KS(x[:,0], 6.5E-1,3.9E-1,None)

Genotype:
[496, 598, 206, 619, 186, 770, 59, 715, 421, 351, 182, 599, 187, 661, 969, 747, 922, 521, 636, 436, 534, 161, 875, 990, 802, 829, 751, 16, 471, 341, 72, 501, 593, 529, 312, 793, 247, 866, 199, 893, 846, 745, 335, 861, 559, 723, 859, 192, 383, 517, 426, 916, 795, 347, 541, 176, 73, 793, 756, 719, 46, 611, 974, 492, 624, 239, 749, 593, 326, 962, 627, 849, 612, 315, 866, 806, 802, 747, 143, 735, 900, 631, 177, 708, 476, 580, 838, 58, 216, 937]
Tree:
None

Fitness:
18.045831446534375