Generation:
1000

Phenotype:
-5.1E-9*KS(x[:,0], 6.3E-3,4.6E+5,None)+6.5E-5*KS(x[:,0], 1.5E+1,4.3E-9,None)+1.7E-4*KS(x[:,0], 4.6E+7,9.3E-1,None)

Genotype:
[575, 557, 121, 1, 399, 509, 725, 173, 599, 473, 858, 896, 612, 705, 611, 815, 612, 941, 875, 559, 565, 63, 515, 786, 31, 426, 223, 969, 539, 728, 94, 132, 207, 987, 137, 874, 156, 216, 792, 677, 827, 213, 173, 651, 811, 95, 755, 697, 602, 988, 364, 528, 978, 232, 631, 546, 906, 668, 292, 51, 351, 464, 170, 725, 107, 880, 550, 716, 52, 502, 151, 699, 438, 203, 178, 291, 339, 187, 455, 814, 382, 246, 884, 572, 918, 56, 985, 956, 804, 837, 293, 656, 293, 72, 398, 256, 557, 744, 73, 669, 259, 711, 336, 404, 826, 737, 479, 995, 204, 867, 681, 774, 739, 481, 509, 502, 185, 938, 338, 518, 805, 685, 472, 632, 945, 998, 199, 722, 195, 760, 739, 878, 162, 73, 772]
Tree:
None

Fitness:
2.471581339762259