Generation:
1000

Phenotype:
+9.7E-0*KS(x[:,0], 6.9E-1,9.6E-2,None)+2.3E+0*KG(x[:,0], 6.6E-3,9.8E-3,None)

Genotype:
[377, 690, 620, 607, 153, 0, 653, 659, 427, 191, 368, 96, 857, 502, 475, 474, 254, 478, 363, 400, 400, 977, 746, 347, 823, 368, 218, 911, 763, 795, 279, 121, 59, 434, 915, 18, 795, 311, 317, 770, 257, 622, 413, 789, 947, 925, 113, 801, 149, 179, 33, 441, 477, 418, 506, 421, 861, 94, 392, 369, 250, 277, 233, 545, 466, 999, 827, 989, 887, 462, 757, 445, 783, 143, 982, 338, 484, 223, 932, 299, 482, 936, 316, 25, 800, 376, 941, 230, 434, 999, 511, 334, 322, 707, 934, 516, 748, 792, 515, 581, 158, 155, 795, 309, 346, 891, 375, 277, 613, 610, 741, 960]
Tree:
None

Fitness:
12.315296205283754