Generation:
1000

Phenotype:
+5.6E-7*KS(x[:,0], 8.6E+7,7.8E+5,None)+8.2E-2*KS(x[:,0], 3.5E-6,3.3E+1,None)+8.3E-1*KP(x[:,0], 6.7E-3,7.5E-4,0)

Genotype:
[773, 572, 391, 656, 899, 757, 862, 946, 334, 507, 978, 48, 992, 855, 268, 71, 778, 790, 802, 893, 62, 920, 265, 263, 236, 299, 743, 694, 821, 631, 56, 188, 889, 453, 509, 311, 194, 177, 815, 483, 987, 565, 891, 534, 600, 496, 676, 673, 388, 258, 658, 950, 956, 688, 475, 935, 300, 574, 959, 200, 814, 493, 594, 22, 423, 291, 68, 176, 805, 693, 175, 875, 537, 29, 260, 462, 379, 513, 898, 296, 501, 898, 785, 139, 982, 403, 76, 277, 52, 331, 34, 495, 503, 814, 511, 854, 237, 44, 437, 846, 905, 793, 64, 49, 440, 479, 340, 879, 676, 156, 936, 169, 394, 930, 368, 288, 63, 828, 115, 696, 351, 934, 288, 916, 709, 619, 41, 918, 679, 617, 386, 657, 403, 901, 471, 134, 322, 45, 688, 99, 526, 922, 675, 204, 426, 426, 359, 452, 777, 789, 657, 529, 259, 132, 20, 106, 337, 394, 440, 493, 212, 775, 638, 800, 588, 92, 123, 996, 355, 517, 915, 773, 190, 516, 218, 927, 618, 143, 623, 517]
Tree:
None

Fitness:
77.21254621871626