Generation:
1000

Phenotype:
+9.9E-1*KG(x[:,0], 3.1E-0,9.9E-1,None)-6.1E-2*KG(x[:,0], 9.9E-3,1.2E-6,None)

Genotype:
[655, 276, 629, 139, 827, 721, 992, 1, 107, 900, 557, 629, 91, 561, 980, 276, 241, 383, 251, 779, 452, 368, 919, 691, 983, 45, 202, 65, 896, 396, 483, 349, 402, 371, 647, 90, 409, 517, 853, 553, 935, 729, 525, 787, 368, 412, 413, 804, 412, 381, 430, 358, 572, 636, 562, 861, 499, 613, 477, 773, 807, 252, 911, 323, 933, 259, 949, 88, 984, 519, 241, 362, 964, 534, 846, 290, 474, 862, 130, 215, 103, 537, 300, 279, 858, 175, 717, 769, 711, 538, 45, 166, 592, 250, 323, 719, 549, 108, 268, 842, 755, 829, 429, 530, 403, 817, 864, 841, 570, 260, 956, 266, 769, 534, 370, 557, 589, 278, 760, 339, 772, 845, 441, 735, 975, 90, 179, 693, 117, 327, 507, 12, 128, 647, 445, 881, 657, 971, 716, 57, 410, 788, 232, 361, 557, 500, 993, 405, 286, 257, 118, 582, 293, 20, 901, 483, 1000]
Tree:
None

Fitness:
0.04756582273637544