Generation:
1000

Phenotype:
+9.4E-3*KP(x[:,0], 7.7E+3,2.2E-1,0)+5.3E-0*KS(x[:,0], 4.8E+0,1.7E-6,None)+4.5E-2*KP(x[:,0], 1.7E-4,7.9E-0,2)+2.1E+0*KS(x[:,0], 3.3E-2,2.0E+0,None)

Genotype:
[747, 898, 161, 264, 631, 743, 285, 687, 674, 923, 271, 292, 261, 471, 230, 149, 924, 355, 673, 877, 170, 768, 268, 94, 920, 972, 577, 783, 736, 625, 111, 830, 570, 935, 855, 282, 279, 97, 191, 964, 6, 49, 789, 730, 862, 184, 914, 946, 641, 18, 270, 857, 463, 363, 982, 784, 610, 628, 280, 773, 69, 104, 844, 179, 338, 610, 371, 569, 419, 236, 937, 647, 44, 556, 332, 938, 825, 387, 328, 597, 261, 262, 276, 183, 107, 448, 41, 659, 714, 118]
Tree:
None

Fitness:
29.70788695470861