Generation:
1000

Phenotype:
+5.5E-8*KP(x[:,0], 5.4E+7,2.0E-6,1)+8.8E-0*KG(x[:,0], 7.8E-1,1.8E-0,None)

Genotype:
[315, 62, 184, 15, 139, 558, 733, 744, 370, 317, 946, 740, 401, 656, 356, 612, 414, 682, 618, 815, 470, 888, 438, 387, 501, 27, 328, 231, 370, 95, 494, 113, 798, 968, 934, 717, 674, 375, 482, 284, 517, 690, 590, 376, 424, 851, 77, 731, 242, 240, 524, 694, 785, 400, 601, 726, 728, 797, 565, 570, 927, 468, 773, 519, 559, 961, 415, 591, 456, 206, 823, 296, 859, 167, 296, 721, 494, 851, 784, 960, 20, 711, 298, 761, 599, 520, 99, 364, 279, 127, 878, 216, 939, 513, 286, 576, 901, 627, 207, 18, 105, 461, 107, 500, 286, 811, 784, 520, 764, 737, 483, 329]
Tree:
None

Fitness:
10.265947231136284