Generation:
1000

Phenotype:
+9.5E+2*KS(x[:,0], 5.4E-3,3.3E-3,None)-5.3E+8*KP(x[:,0], 3.0E-3,9.7E-4,4)

Genotype:
[5, 196, 674, 565, 412, 222, 463, 614, 233, 283, 614, 83, 959, 283, 106, 722, 773, 958, 923, 534, 918, 677, 190, 39, 893, 206, 487, 459, 554, 384, 87, 573, 508, 698, 25, 355, 67, 183, 508, 472, 737, 201, 417, 964, 835, 34, 687, 576, 512, 936, 645, 29, 474, 42, 935, 850, 64, 365, 406, 902, 575, 328, 334, 485, 567, 152, 244, 104, 192, 893, 867, 77, 475, 354, 746, 855, 490, 966, 530, 678, 409, 109, 566, 42, 432, 739, 88, 105, 993, 294, 45, 494, 732, 77, 417, 421, 712, 990, 854, 915, 684, 463, 688, 176, 974, 668, 664, 336, 709, 868, 886, 30]
Tree:
None

Fitness:
12.895796531834963