Generation:
1000

Phenotype:
-2.4E-3*KP(x[:,0], 8.9E-6,6.1E-9,0)+2.8E-7*KP(x[:,0], 4.8E-3,7.2E-6,3)

Genotype:
[315, 413, 136, 724, 345, 603, 511, 789, 277, 486, 851, 101, 991, 959, 470, 548, 840, 28, 468, 357, 187, 390, 598, 29, 733, 438, 902, 65, 296, 158, 672, 511, 127, 420, 724, 14, 36, 638, 979, 533, 634, 608, 893, 704, 721, 931, 436, 846, 740, 192, 677, 886, 807, 830, 818, 880, 94, 738, 617, 544, 321, 622, 715, 157, 619, 818, 107, 839, 121, 158, 830, 36, 814, 748, 248, 185, 458, 956, 183, 339, 259, 727, 143, 658, 906, 139, 623, 195, 717, 489]
Tree:
None

Fitness:
2.4323437540617387