Generation:
1000

Phenotype:
+9.9E+0*KS(x[:,0], 6.5E-1,3.9E-1,None)

Genotype:
[868, 854, 17, 909, 200, 10, 887, 545, 793, 141, 452, 579, 585, 251, 845, 1, 311, 38, 868, 767, 758, 231, 57, 120, 383, 736, 613, 122, 653, 676, 908, 985, 530, 650, 193, 928, 12, 956, 160, 216, 477, 281, 827, 847, 519, 771, 27, 189, 576, 423, 459, 716, 377, 537, 352, 417, 90, 468, 209, 621, 124, 398, 287, 679, 335, 803, 778, 935, 809, 34, 726, 807, 866, 751, 978, 68, 492, 607, 382, 907, 378, 597, 248, 203, 325, 725, 313, 411, 132, 460, 901, 35, 69, 33, 912, 591, 133, 54, 618, 433, 788, 85, 463, 214, 676, 852, 662, 348, 71, 755, 154, 926, 16, 666, 215, 453, 242, 181, 402, 916, 411, 525, 540, 712, 809, 611, 973, 857, 533, 86, 486, 722, 667, 409, 346, 540, 710, 788, 982, 324, 552, 987, 662, 864, 539, 908, 802, 59, 789, 290, 645, 103, 323, 244, 953, 280, 861, 892, 422, 905, 571, 415, 20, 22, 97, 992, 684, 834, 579, 368, 110, 259, 412, 994, 560, 628, 936, 759, 995, 15]
Tree:
None

Fitness:
18.045831446534375