Generation:
1000

Phenotype:
+1.1E-0*KG(x[:,0], 3.1E-0,9.9E-1,None)-9.9E-2*KG(x[:,0], 9.9E-2,7.8E-1,None)

Genotype:
[373, 42, 432, 251, 861, 380, 713, 131, 169, 350, 881, 509, 775, 581, 924, 528, 601, 530, 469, 347, 172, 494, 169, 15, 912, 474, 688, 375, 391, 287, 767, 400, 666, 20, 88, 929, 952, 53, 280, 883, 640, 601, 902, 39, 632, 134, 407, 232, 996, 596, 761, 933, 391, 1, 384, 211, 138, 263, 444, 805, 518, 525, 29, 513, 595, 896, 620, 602, 261, 268, 842, 750, 707, 810, 591, 333, 926, 655, 555, 875, 82, 351, 529, 302, 971, 461, 824, 206, 34, 161]
Tree:
None

Fitness:
0.028658723502452077