Generation:
1000

Phenotype:
+9.9E-1*KG(x[:,0], 3.1E+0,9.9E-1,None)-6.1E-2*KS(x[:,0], 4.7E-0,6.2E+4,None)

Genotype:
[577, 862, 242, 939, 557, 121, 335, 301, 582, 850, 899, 889, 429, 301, 355, 112, 893, 554, 871, 709, 182, 561, 327, 429, 460, 383, 502, 426, 474, 795, 381, 318, 512, 494, 257, 45, 209, 202, 380, 109, 651, 731, 211, 914, 678, 868, 927, 389, 7, 285, 164, 694, 545, 396, 288, 245, 8, 365, 854, 821, 681, 760, 255, 789, 528, 371, 326, 250, 471, 30, 409, 646, 320, 131, 650, 650, 285, 545, 162, 821, 755, 800, 7, 474, 64, 932, 244, 940, 391, 875, 907, 760, 532, 406, 280, 677, 46, 839, 986, 974, 30, 739, 448, 432, 505, 867, 459, 427, 66, 366, 500, 273]
Tree:
None

Fitness:
0.0475943661938737