Generation:
1000

Phenotype:
+9.4E-0*KS(x[:,0], 7.5E-1,4.2E-2,None)+2.6E-0*KS(x[:,0], 8.1E-0,7.6E+9,None)

Genotype:
[707, 160, 800, 214, 889, 120, 609, 405, 715, 51, 273, 162, 387, 852, 904, 346, 194, 874, 166, 527, 120, 448, 751, 55, 270, 411, 466, 534, 619, 524, 658, 527, 625, 604, 932, 777, 2, 521, 874, 944, 956, 443, 921, 451, 677, 992, 488, 365, 99, 466, 682, 323, 937, 620, 357, 670, 507, 645, 648, 171, 288, 902, 314, 903, 966, 819, 516, 431, 49, 371, 918, 484, 502, 189, 923, 274, 774, 80, 512, 695, 711, 406, 506, 958, 372, 973, 750, 41, 316, 702]
Tree:
None

Fitness:
12.644875171104145