Generation:
1000

Phenotype:
+9.9E-1*KG(x[:,0], 4.0E-0,1.0E+0,None)-1.2E-2*KS(x[:,0], 2.4E+0,9.1E-3,None)

Genotype:
[763, 318, 611, 239, 313, 861, 723, 500, 655, 340, 162, 820, 568, 360, 425, 646, 793, 945, 862, 461, 462, 595, 374, 34, 780, 800, 231, 129, 773, 864, 70, 716, 144, 583, 117, 694, 916, 920, 773, 529, 837, 382, 299, 515, 695, 474, 166, 993, 961, 824, 474, 48, 691, 157, 129, 569, 9, 573, 288, 177, 926, 604, 825, 931, 603, 441, 78, 187, 844, 396, 246, 973, 982, 676, 362, 636, 351, 183, 701, 676, 319, 108, 463, 631, 712, 237, 220, 1, 503, 44]
Tree:
None

Fitness:
0.2985157379183129