Generation:
1000

Phenotype:
+1.1E+0*KG(x[:,0], 3.2E+0,9.9E-1,None)-8.4E-2*KG(x[:,0], 7.9E-4,9.0E-3,None)

Genotype:
[877, 536, 801, 381, 72, 870, 722, 612, 802, 450, 701, 579, 357, 741, 220, 240, 377, 628, 134, 805, 572, 330, 219, 133, 224, 494, 560, 129, 153, 35, 772, 46, 706, 403, 595, 28, 115, 197, 649, 746, 576, 801, 698, 149, 287, 899, 430, 440, 507, 98, 783, 391, 163, 916, 987, 345, 419, 215, 494, 865, 653, 354, 401, 940, 634, 906, 793, 503, 190, 573, 284, 829, 624, 348, 716, 557, 138, 322, 685, 397, 34, 558, 595, 766, 90, 959, 886, 935, 385, 762, 37, 675, 537, 142, 207, 502, 601, 271, 163, 519, 512, 2, 35, 732, 921, 660, 819, 394, 555, 72, 959, 591, 136, 214, 1000, 767, 572, 894, 119, 605, 599, 291, 37, 603, 797, 66, 619, 633, 284, 114, 80, 235, 806, 427, 192]
Tree:
None

Fitness:
0.031551419753313714