Generation:
1000

Phenotype:
-9.9E-2*KG(x[:,0], 1.0E+1,5.0E-5,None)-5.2E-2*KS(x[:,0], 8.8E+0,9.0E-0,None)+9.9E-1*KG(x[:,0], 3.0E+0,1.0E+0,None)+4.9E-3*KS(x[:,0], 8.8E+0,5.3E-1,None)

Genotype:
[253, 439, 548, 919, 689, 382, 504, 160, 498, 841, 85, 710, 825, 215, 66, 323, 85, 418, 902, 125, 512, 817, 548, 500, 40, 413, 590, 37, 860, 121, 871, 946, 71, 49, 267, 721, 695, 510, 910, 770, 90, 490, 352, 990, 480, 976, 198, 579, 709, 153, 43, 7, 778, 258, 470, 364, 663, 487, 431, 781, 931, 143, 204, 393, 705, 510, 824]
Tree:
None

Fitness:
0.034197141036638116