Generation:
1000

Phenotype:
+9.8E-0*KS(x[:,0], 6.7E-1,9.9E-2,None)+2.2E-0*KS(x[:,0], 4.0E-5,3.1E+0,None)-6.9E-3*KS(x[:,0], 2.0E+3,1.5E-7,None)

Genotype:
[323, 380, 413, 128, 145, 970, 887, 137, 67, 361, 908, 999, 641, 322, 774, 629, 330, 172, 302, 859, 860, 165, 970, 539, 315, 452, 91, 700, 660, 270, 796, 171, 356, 999, 347, 973, 136, 70, 810, 853, 666, 35, 561, 517, 553, 738, 529, 845, 37, 79, 761, 11, 116, 150, 501, 991, 905, 582, 33, 110, 908, 663, 843, 238, 88, 292, 388, 410, 259, 292, 710, 140, 656, 891, 430, 855, 215, 499, 566, 929, 53, 31, 721, 885, 79, 387, 434, 655, 906, 956, 469, 351, 591, 40, 235, 902, 266, 405, 845, 319, 121, 880, 189, 55, 817, 909, 853, 711, 698, 773, 183, 631, 244, 144, 511, 179, 757, 547, 930, 348, 49, 108, 646, 725, 870, 315, 21, 636, 679, 282, 627, 552, 566, 364, 695]
Tree:
None

Fitness:
12.378162848557126