Generation:
1000

Phenotype:
+9.3E+0*KS(x[:,0], 8.0E-1,1.1E-1,None)+2.5E+0*KS(x[:,0], 8.0E-5,2.2E-0,None)

Genotype:
[191, 684, 755, 823, 710, 490, 187, 920, 363, 81, 468, 161, 447, 371, 38, 646, 452, 460, 395, 330, 450, 358, 700, 77, 345, 181, 472, 519, 760, 580, 423, 708, 840, 645, 302, 564, 132, 597, 107, 374, 28, 134, 16, 344, 280, 440, 80, 300, 132, 208, 630, 924, 185, 83, 613, 213, 965, 870, 719, 699, 282, 441, 999, 496, 622, 707, 869, 575, 914, 930, 588, 489, 144, 438, 24, 595, 128, 723, 293, 635, 380, 488, 184, 58, 126, 63, 695, 898, 157, 612]
Tree:
None

Fitness:
12.617033409315995