Generation:
1000

Phenotype:
-5.9E-3*KS(x[:,0], 3.2E-8,4.7E+2,None)

Genotype:
[154, 31, 517, 129, 117, 833, 272, 872, 307, 388, 714, 537, 198, 902, 770, 978, 397, 924, 571, 711, 928, 549, 889, 879, 933, 34, 975, 582, 809, 121, 757, 388, 302, 76, 93, 129, 209, 544, 509, 438, 481, 146, 705, 129, 129, 578, 416, 205, 461, 668, 860, 150, 90, 613, 974, 317, 489, 368, 489, 305, 652, 864, 390, 872, 686, 731, 521, 963, 797, 930, 622, 506, 91, 784, 430, 174, 869, 135, 218, 556, 338, 896, 924, 698, 261, 92, 772, 540, 902, 22, 118, 236, 688, 710, 900, 758, 274, 82, 238, 542, 163, 429, 79, 333, 532, 79, 24, 190, 598, 752, 6, 797, 529, 315, 218, 512, 863, 53, 849, 17, 289, 589, 173, 238, 177, 180, 277, 577, 117, 996, 776, 617, 543, 587, 960, 630, 547, 32, 105, 743, 851, 101, 15, 653, 385, 456, 293, 697, 593, 842, 748, 883, 314, 797, 31, 165, 504, 704, 755, 143, 920, 227, 329, 808, 598, 734, 888, 868, 977, 888, 678, 437, 399, 719, 949, 361, 845, 26, 25, 49]
Tree:
None

Fitness:
2.438660827232295