Generation:
1000

Phenotype:
+9.9E-0*KS(x[:,0], 6.9E-1,9.1E-4,None)+3.1E-0*KG(x[:,0], 3.9E-2,6.7E-2,None)

Genotype:
[647, 750, 197, 879, 259, 760, 140, 949, 395, 861, 143, 191, 187, 284, 87, 606, 734, 479, 401, 415, 710, 722, 579, 275, 22, 248, 107, 201, 882, 39, 291, 111, 106, 605, 285, 944, 88, 380, 430, 116, 695, 882, 147, 902, 404, 525, 930, 659, 998, 707, 449, 187, 379, 2, 371, 374, 582, 221, 52, 61, 161, 532, 78, 84, 969, 929, 198, 869, 410, 752, 440, 610, 534, 301, 387, 924, 769, 5, 734, 168, 94, 95, 446, 290, 317, 845, 118, 467, 429, 247]
Tree:
None

Fitness:
12.04701815468718