Generation:
1000

Phenotype:
+9.5E+0*KG(x[:,0], 9.6E-1,1.8E+0,None)+6.5E-0*KP(x[:,0], 4.6E-1,6.9E-4,1)

Genotype:
[301, 510, 278, 575, 712, 540, 521, 616, 513, 901, 207, 678, 380, 710, 439, 506, 140, 149, 995, 845, 500, 651, 716, 897, 121, 77, 809, 751, 164, 991, 571, 880, 746, 948, 874, 71, 557, 572, 832, 136, 288, 592, 174, 785, 834, 730, 806, 535, 385, 989, 820, 579, 195, 810, 88, 847, 600, 509, 926, 729, 174, 578, 322, 115, 202, 542, 279, 513, 919, 64, 530, 789, 373, 261, 461, 596, 237, 834, 35, 376, 787, 20, 418, 875, 774, 880, 952, 44, 298, 318]
Tree:
None

Fitness:
9.978216229054937