Generation:
1000

Phenotype:
+7.7E-0*KS(x[:,0], 2.3E-4,3.6E+0,None)+9.9E-9*KS(x[:,0], 8.7E-1,5.3E+1,None)-8.3E-3*KS(x[:,0], 2.7E+3,8.6E-9,None)+6.4E-4*KG(x[:,0], 9.3E-6,4.4E-4,None)

Genotype:
[167, 304, 816, 597, 69, 220, 73, 713, 117, 364, 146, 496, 198, 250, 498, 233, 258, 620, 259, 223, 679, 88, 357, 465, 191, 229, 3, 794, 541, 257, 911, 867, 205, 863, 37, 3, 154, 87, 512, 823, 97, 406, 35, 149, 189, 672, 696, 230, 404, 757, 194, 512, 513, 857, 986, 966, 144, 859, 984, 766, 91, 566, 220, 763, 991, 354, 225, 192, 508, 935, 838, 971, 723, 411, 269, 359, 479, 119, 875, 164, 735, 994, 948, 826, 688, 530, 389, 104, 590, 208, 986, 898, 622, 63, 222, 948, 778, 619, 393, 728, 505, 822, 802, 386, 103, 137, 550, 854, 958, 357, 784, 877]
Tree:
None

Fitness:
59.9292900715453