Generation:
1000

Phenotype:
+9.9E-1*KG(x[:,0], 3.3E-0,9.8E-1,None)+4.9E-3*KS(x[:,0], 8.4E+3,9.4E+8,None)-5.1E-2*KS(x[:,0], 4.9E+0,5.8E+0,None)

Genotype:
[391, 602, 224, 459, 881, 391, 515, 213, 883, 960, 62, 748, 819, 171, 988, 5, 668, 255, 329, 719, 803, 160, 984, 616, 633, 269, 224, 696, 868, 689, 808, 629, 760, 151, 265, 222, 957, 549, 252, 200, 346, 738, 712, 480, 973, 360, 836, 514, 256, 814, 642, 775, 474, 580, 874, 243, 906, 247, 968, 729, 478, 329, 998, 650, 226, 778, 146, 512, 111, 80, 271, 666, 663, 937, 910, 291, 499, 590, 830, 922, 892, 157, 521, 461, 470, 632, 719, 97, 563, 706]
Tree:
None

Fitness:
0.04857245918907491