Generation:
1000

Phenotype:
+3.5E-0*KP(x[:,0], 4.8E-7,6.7E+7,0)-7.1E-7*KS(x[:,0], 8.0E+8,1.8E-0,None)-8.7E-6*KS(x[:,0], 6.1E+9,7.4E-0,None)

Genotype:
[741, 920, 632, 505, 145, 280, 624, 88, 717, 67, 563, 677, 78, 747, 530, 605, 185, 798, 71, 963, 287, 547, 790, 46, 548, 540, 828, 371, 210, 297, 370, 451, 457, 247, 45, 556, 806, 581, 342, 629, 186, 674, 577, 880, 898, 176, 266, 696, 688, 182, 647, 412, 976, 705, 929, 636, 332, 706, 429, 581, 52, 322, 581, 82, 976, 282, 58, 865, 550, 579, 961, 440, 90, 692, 439, 103, 939, 706, 308, 310, 255, 759, 381, 394, 580, 967, 862, 88, 565, 386]
Tree:
None

Fitness:
65.49105942775837