Generation:
1000

Phenotype:
+1.1E+0*KG(x[:,0], 3.2E-0,9.9E-1,None)-8.4E-2*KS(x[:,0], 2.6E-7,3.2E+2,None)

Genotype:
[523, 224, 612, 1, 340, 300, 704, 672, 275, 780, 800, 179, 383, 981, 547, 298, 187, 268, 454, 685, 132, 613, 436, 447, 627, 245, 632, 322, 462, 884, 143, 44, 690, 512, 891, 930, 512, 929, 112, 718, 506, 153, 490, 733, 727, 591, 635, 290, 604, 64, 699, 726, 946, 266, 689, 877, 548, 592, 284, 191, 194, 646, 788, 187, 165, 496, 823, 884, 734, 6, 386, 913, 115, 567, 310, 517, 733, 409, 154, 577, 261, 242, 865, 297, 526, 220, 31, 299, 389, 82, 565, 759, 771, 391, 601, 65, 546, 722, 135, 54, 818, 443, 99, 990, 394, 748, 884, 624, 73, 738, 260, 326, 137, 442, 485, 85, 131, 843, 661, 893, 361, 435, 641, 109, 703, 339, 815, 555, 943, 635, 449, 32, 601, 978, 285, 670, 890, 737, 472, 618, 474, 834, 949, 99, 45, 312, 806, 652, 841, 322, 387, 983, 805, 138, 980, 221, 927]
Tree:
None

Fitness:
0.03157847612081736