Generation:
1000

Phenotype:
+9.7E+0*KS(x[:,0], 7.1E-1,5.9E-5,None)-2.1E-2*KS(x[:,0], 7.1E+0,1.8E-5,None)+2.7E+0*KG(x[:,0], 1.1E-4,6.7E-0,None)

Genotype:
[275, 852, 449, 497, 470, 90, 240, 421, 33, 761, 139, 319, 215, 805, 959, 689, 783, 37, 881, 741, 712, 870, 691, 892, 20, 162, 238, 547, 585, 100, 138, 310, 199, 617, 408, 340, 756, 411, 863, 424, 131, 587, 169, 660, 488, 748, 872, 942, 909, 38, 538, 894, 239, 589, 765, 704, 43, 770, 632, 343, 965, 707, 893, 773, 697, 169, 112, 594, 278, 824, 795, 90, 312, 663, 303, 741, 146, 462, 63, 677, 862, 229, 982, 153, 725, 331, 709, 233, 826, 237, 715, 742, 817, 63, 639, 754, 769, 832, 123, 715, 780, 434, 643, 254, 151, 322, 312, 411, 626, 654, 155, 623]
Tree:
None

Fitness:
12.87061335208793