Generation:
1000

Phenotype:
+6.9E-0*KS(x[:,0], 7.7E-1,3.0E-3,None)+4.9E-0*KS(x[:,0], 4.4E-1,8.5E-1,None)

Genotype:
[695, 352, 914, 779, 241, 220, 195, 977, 305, 51, 902, 520, 489, 453, 841, 436, 340, 642, 579, 965, 540, 237, 184, 555, 101, 583, 515, 19, 121, 251, 951, 307, 615, 78, 478, 899, 609, 353, 965, 550, 181, 251, 655, 766, 868, 104, 157, 911, 354, 320, 67, 166, 19, 912, 961, 210, 677, 311, 98, 969, 69, 584, 667, 251, 816, 319, 531, 207, 77, 132, 496, 70, 146, 263, 786, 592, 896, 175, 278, 446, 562, 516, 306, 207, 760, 102, 964, 948, 82, 531, 307, 253, 668, 965, 805, 365, 441, 949, 647, 625, 782, 623, 395, 937, 696, 968, 426, 44, 309, 178, 295, 175, 910, 999, 398, 150, 982, 755, 730, 63, 227, 442, 652, 827, 818, 107, 966, 830, 159, 366, 917, 393, 427, 950, 321, 682, 54, 445, 764, 385, 222, 249, 823, 499, 764, 805, 289, 925, 153, 921, 99, 298, 718, 52, 510, 478, 152, 204, 265, 382, 770, 329, 787, 286, 785, 661, 777, 375, 53, 468, 407, 491, 243, 216, 197, 824, 722, 348, 979, 364]
Tree:
None

Fitness:
12.670106058591454