Generation:
1000

Phenotype:
+9.9E-1*KG(x[:,0], 3.2E+0,9.9E-1,None)-5.0E-2*KS(x[:,0], 1.1E+8,1.7E+8,None)

Genotype:
[451, 280, 701, 519, 479, 941, 209, 912, 598, 80, 926, 669, 605, 331, 256, 472, 9, 58, 820, 633, 412, 630, 961, 98, 558, 891, 197, 910, 558, 275, 99, 419, 472, 813, 171, 934, 126, 529, 122, 170, 107, 155, 716, 198, 236, 548, 248, 816, 819, 327, 22, 24, 243, 533, 401, 84, 416, 66, 755, 60, 210, 366, 901, 938, 49, 4, 973, 970, 400, 203, 364, 138, 78, 979, 372, 277, 971, 500, 858, 855, 238, 151, 272, 730, 620, 881, 120, 469, 767, 698, 720, 650, 586, 624, 850, 957, 820, 850, 718, 834, 902, 572, 371, 547, 770, 324, 827, 797, 978, 338, 519, 733, 713, 433, 249, 2, 616, 660, 689, 431, 80, 299, 419, 469, 107, 463, 832, 92, 739, 321, 156, 689, 597, 808, 791, 560, 382, 294, 673, 802, 864, 715, 613, 497, 412, 758, 479, 123, 245, 180, 427, 611, 580, 513, 740, 759, 612]
Tree:
None

Fitness:
0.04774202794891681