Generation:
1000

Phenotype:
+9.2E-0*KS(x[:,0], 7.1E-1,9.3E-3,None)+7.0E-0*KG(x[:,0], 4.3E+0,1.9E+0,None)+2.3E+0*KG(x[:,0], 2.8E-6,2.8E-6,None)+2.5E+2*KP(x[:,0], 9.3E-5,6.7E-9,4)

Genotype:
[635, 34, 485, 492, 411, 820, 438, 251, 455, 661, 863, 693, 809, 343, 775, 493, 914, 249, 870, 901, 90, 768, 753, 380, 600, 846, 919, 328, 300, 568, 445, 360, 901, 273, 28, 410, 919, 968, 147, 36, 172, 558, 127, 736, 716, 974, 546, 181, 605, 302, 502, 917, 203, 521, 825, 545, 977, 703, 789, 839, 789, 441, 852, 823, 161, 354, 236]
Tree:
None

Fitness:
7.849043980629366