Generation:
1000

Phenotype:
+9.9E-1*KG(x[:,0], 3.2E+0,9.9E-1,None)-5.5E-2*KS(x[:,0], 2.6E-0,3.1E+0,None)

Genotype:
[571, 250, 962, 689, 185, 51, 848, 192, 918, 10, 638, 959, 151, 511, 284, 106, 767, 994, 965, 343, 262, 325, 116, 753, 80, 551, 671, 44, 330, 509, 969, 139, 527, 966, 476, 710, 69, 356, 340, 672, 184, 455, 845, 679, 234, 981, 737, 493, 400, 637, 260, 330, 276, 786, 210, 935, 410, 724, 232, 98, 499, 759, 605, 880, 447, 158, 627, 518, 196, 24, 939, 778, 927, 281, 264, 233, 895, 771, 698, 813, 666, 306, 594, 515, 542, 663, 937, 576, 994, 357, 395, 992, 670, 649, 221, 390, 679, 720, 886, 933, 975, 871, 983, 751, 901, 180, 98, 23, 364, 305, 295, 663]
Tree:
None

Fitness:
0.04656900342006079