Generation:
1000

Phenotype:
+9.8E+0*KS(x[:,0], 6.8E-1,9.9E-2,None)+2.3E-0*KG(x[:,0], 3.9E-3,1.4E-1,None)

Genotype:
[59, 514, 71, 638, 630, 890, 77, 598, 223, 971, 584, 789, 223, 252, 808, 570, 800, 316, 223, 823, 130, 578, 79, 391, 683, 198, 614, 621, 261, 4, 802, 970, 616, 850, 837, 560, 347, 545, 752, 901, 611, 460, 299, 678, 704, 644, 244, 818, 352, 710, 714, 477, 138, 888, 28, 490, 883, 826, 386, 694, 356, 142, 863, 752, 558, 271, 96, 477, 325, 112, 682, 976, 822, 192, 121, 662, 183, 886, 23, 188, 922, 466, 718, 816, 107, 502, 218, 576, 792, 95, 188, 900, 527, 268, 57, 41, 658, 540, 315, 729, 507, 894, 241, 101, 384, 835, 702, 294, 567, 405, 174, 195]
Tree:
None

Fitness:
12.362269969603886