Generation:
1000

Phenotype:
+5.2E-2*KS(x[:,0], 5.1E+8,6.9E+6,None)

Genotype:
[820, 484, 625, 722, 525, 782, 4, 91, 972, 248, 491, 409, 780, 786, 872, 497, 969, 471, 329, 766, 262, 412, 496, 145, 640, 196, 117, 575, 414, 539, 264, 66, 496, 547, 496, 640, 85, 770, 334, 844, 143, 968, 276, 705, 37, 200, 862, 562, 947, 625, 199, 394, 951, 948, 413, 30, 88, 961, 776, 256, 135, 724, 991, 780, 390, 884, 663, 820, 929, 751, 404, 865, 404, 671, 137, 519, 685, 314, 36, 958, 223, 429, 357, 499, 877, 224, 717, 871, 366, 926, 350, 468, 70, 488, 119, 182, 983, 579, 632, 402, 833, 72, 45, 966, 349, 975, 38, 506, 908, 738, 799, 502]
Tree:
None

Fitness:
2.3847776809456542