Generation:
1000

Phenotype:
+5.8E+0*KG(x[:,0], 2.6E-1,1.7E-0,None)+9.5E-0*KS(x[:,0], 4.5E-1,5.2E-2,None)

Genotype:
[337, 746, 625, 668, 656, 310, 874, 696, 461, 41, 477, 957, 157, 600, 554, 196, 784, 269, 375, 367, 300, 696, 845, 923, 921, 58, 932, 213, 592, 583, 650, 293, 710, 376, 447, 240, 992, 272, 554, 639, 371, 64, 244, 392, 792, 200, 687, 684, 794, 785, 865, 708, 629, 307, 534, 253, 860, 915, 359, 712, 158, 326, 146, 515, 512, 602, 748, 816, 320, 749, 567, 175, 977, 558, 539, 53, 211, 558, 142, 786, 294, 839, 646, 868, 122, 696, 431, 828, 66, 564]
Tree:
None

Fitness:
11.16652362680711