Generation:
1000

Phenotype:
+5.0E-2*KS(x[:,0], 6.8E+1,1.0E-9,None)

Genotype:
[448, 440, 94, 380, 505, 712, 923, 268, 616, 921, 819, 100, 451, 829, 149, 397, 437, 971, 309, 979, 580, 849, 985, 361, 468, 541, 172, 332, 543, 154, 354, 342, 413, 887, 346, 194, 940, 158, 216, 82, 322, 310, 467, 243, 31, 744, 863, 610, 626, 687, 952, 538, 583, 196, 605, 730, 713, 319, 537, 487, 57, 154, 829, 993, 713, 4, 582, 219, 828, 701, 791, 467, 399, 548, 513, 142, 94, 546, 122, 318, 919, 329, 259, 888, 889, 773, 193, 253, 286, 844]
Tree:
None

Fitness:
2.2868615606190232