Generation:
1000

Phenotype:
+9.9E-0*KS(x[:,0], 5.9E-1,9.7E-9,None)+2.7E+2*KS(x[:,0], 2.3E-6,9.7E-3,None)

Genotype:
[59, 942, 854, 929, 895, 390, 139, 549, 591, 551, 467, 837, 837, 909, 77, 166, 244, 127, 587, 556, 342, 658, 113, 121, 286, 647, 407, 849, 483, 673, 308, 492, 677, 493, 904, 711, 605, 550, 708, 716, 779, 923, 539, 902, 93, 107, 291, 193, 866, 444, 650, 834, 409, 492, 73, 547, 79, 726, 769, 514, 814, 235, 981, 164, 722, 913, 954, 984, 697, 510, 389, 608, 758, 189, 643, 194, 930, 317, 586, 190, 528, 334, 30, 11, 518, 632, 839, 309, 634, 615, 876, 57, 858, 73, 798, 266, 417, 87, 210, 136, 707, 957, 387, 574, 611, 383, 857, 786, 952, 562, 8, 996]
Tree:
None

Fitness:
13.630210072829476