Generation:
1000

Phenotype:
+8.1E-2*KS(x[:,0], 5.9E-0,4.2E-8,None)-8.1E-7*KP(x[:,0], 7.2E-0,6.5E-1,4)

Genotype:
[521, 766, 655, 631, 853, 92, 787, 899, 531, 300, 309, 842, 915, 888, 696, 320, 401, 133, 351, 103, 887, 348, 212, 543, 880, 347, 625, 341, 81, 179, 870, 174, 984, 456, 633, 743, 576, 982, 820, 729, 392, 653, 568, 604, 813, 95, 915, 691, 132, 308, 211, 966, 319, 514, 802, 863, 509, 48, 328, 980, 860, 426, 451, 789, 790, 468, 537, 92, 68, 418, 635, 224, 411, 220, 499, 811, 433, 389, 547, 175, 639, 257, 12, 957, 446, 376, 515, 510, 972, 222, 139, 181, 906, 148, 487, 702, 713, 990, 665, 665, 142, 522, 639, 776, 882, 173, 63, 605, 974, 712, 222, 893]
Tree:
None

Fitness:
2.086318727375062