Generation:
1000

Phenotype:
+3.5E-2*KS(x[:,0], 6.4E+2,4.2E+5,None)-7.4E-2*KS(x[:,0], 1.1E+5,7.8E+7,None)

Genotype:
[59, 218, 893, 545, 995, 222, 977, 204, 312, 12, 399, 182, 444, 585, 196, 322, 683, 582, 904, 631, 802, 450, 561, 248, 335, 600, 978, 332, 717, 743, 936, 160, 764, 390, 692, 500, 149, 118, 261, 458, 158, 324, 466, 198, 869, 494, 866, 840, 47, 458, 850, 31, 150, 356, 763, 666, 928, 975, 773, 308, 432, 430, 715, 650, 582, 506, 85, 17, 655, 136, 112, 995, 355, 507, 696, 224, 111, 673, 302, 76, 22, 814, 732, 503, 951, 508, 455, 325, 990, 508]
Tree:
None

Fitness:
2.3947637302936338