Generation:
1000

Phenotype:
+3.0E+0*KS(x[:,0], 4.7E-3,2.3E+6,None)+9.2E+0*KS(x[:,0], 8.2E-1,4.1E-5,None)

Genotype:
[29, 972, 614, 200, 654, 740, 696, 47, 169, 33, 271, 783, 148, 796, 323, 856, 622, 107, 502, 762, 390, 664, 142, 859, 551, 669, 841, 767, 735, 382, 816, 580, 74, 48, 708, 645, 586, 568, 549, 851, 362, 39, 97, 730, 305, 344, 920, 441, 62, 957, 32, 926, 311, 456, 997, 85, 367, 970, 344, 969, 697, 695, 995, 909, 544, 355, 591, 262, 391, 854, 182, 868, 594, 432, 269, 117, 395, 760, 372, 354, 65, 198, 269, 601, 379, 944, 676, 402, 932, 905, 784, 197, 489, 453, 341, 169, 582, 103, 287, 353, 878, 645, 986, 600, 558, 157, 459, 896, 89, 700, 207, 694, 49, 249, 397, 276, 333, 195, 147, 895, 441, 867, 203, 332, 916, 862, 432, 583, 260, 679, 68, 326, 691, 196, 938, 332, 671, 620, 438, 445, 10, 845, 581, 874, 605, 824, 142, 993, 854, 17, 935, 988, 643, 133, 448, 620, 86, 870, 698, 666, 816, 145, 564, 504, 79, 325, 191, 457, 923, 603, 916, 988, 880, 11, 788, 921, 451, 509, 783, 636]
Tree:
None

Fitness:
13.373661870511187