Generation:
1000

Phenotype:
-7.0E-3*KS(x[:,0], 5.1E-3,5.9E+7,None)

Genotype:
[88, 379, 726, 210, 673, 163, 4, 671, 915, 573, 148, 109, 664, 887, 527, 243, 392, 366, 226, 946, 828, 166, 525, 53, 657, 382, 704, 756, 544, 304, 28, 445, 317, 344, 25, 631, 729, 420, 81, 177, 882, 540, 1, 111, 197, 326, 116, 859, 455, 666, 173, 994, 931, 766, 425, 560, 138, 745, 570, 293, 711, 13, 454, 727, 511, 417, 526, 184, 675, 237, 409, 245, 119, 199, 23, 753, 661, 557, 245, 174, 392, 831, 924, 328, 513, 985, 800, 439, 240, 878, 120, 757, 319, 86, 157, 723, 240, 921, 70, 44, 923, 676, 848, 680, 125, 756, 93, 781, 36, 589, 181, 528, 391, 406, 91, 814, 215, 815, 487, 524, 369, 756, 375, 77, 194, 761, 995, 270, 909, 579, 79, 135, 671, 793, 86]
Tree:
None

Fitness:
2.440646193085953