Generation:
1000

Phenotype:
+9.1E+5*KS(x[:,0], 6.1E-6,4.4E-8,None)-3.4E+0*KS(x[:,0], 7.8E+9,5.8E-1,None)

Genotype:
[665, 936, 422, 821, 964, 765, 158, 151, 693, 406, 786, 114, 711, 748, 372, 460, 501, 947, 874, 56, 930, 483, 678, 28, 149, 274, 548, 785, 851, 712, 402, 181, 267, 718, 91, 66, 341, 988, 110, 104, 67, 126, 172, 307, 309, 176, 171, 407, 798, 562, 432, 129, 863, 31, 624, 653, 245, 817, 757, 394, 910, 299, 314, 289, 630, 265, 217, 881, 511, 787, 190, 58, 554, 874, 492, 262, 528, 466, 42, 81, 329, 709, 741, 106, 763, 513, 172, 494, 607, 85]
Tree:
None

Fitness:
38.366579558885775