Generation:
1000

Phenotype:
+3.0E+0*KS(x[:,0], 1.1E+0,3.0E-0,None)+9.0E+0*KS(x[:,0], 7.6E-1,9.5E-4,None)

Genotype:
[593, 874, 461, 900, 736, 170, 558, 561, 848, 680, 47, 360, 843, 870, 816, 550, 92, 440, 40, 382, 500, 357, 396, 487, 211, 683, 785, 859, 194, 632, 931, 59, 494, 568, 48, 482, 382, 269, 523, 682, 712, 187, 335, 292, 512, 479, 786, 287, 525, 356, 840, 206, 891, 813, 983, 475, 88, 96, 859, 822, 194, 584, 540, 443, 162, 204, 619, 219, 155, 274, 628, 550, 311, 19, 477, 223, 621, 874, 220, 227, 651, 831, 188, 761, 620, 766, 416, 448, 165, 144, 940, 652, 104, 60, 578, 306, 226, 983, 12, 584, 353, 642, 314, 833, 432, 323, 849, 315, 717, 536, 960, 503, 61, 288, 104, 589, 359, 481, 524, 110, 790, 665, 317, 841, 604, 841, 472, 980, 473, 475, 395, 331, 295, 416, 453, 486, 975, 77, 819, 739, 938, 981, 917, 676, 781, 122, 500, 891, 959, 536, 617, 925, 58, 598, 327, 759, 821, 400, 703, 439, 258, 683, 260, 747, 4, 697, 177, 834, 854, 228, 348, 466, 747, 621, 660, 946, 374, 29, 737, 631]
Tree:
None

Fitness:
12.724718661135958