Generation:
1000

Phenotype:
+9.9E-1*KG(x[:,0], 3.1E-0,1.0E+0,None)-5.0E-2*KS(x[:,0], 8.1E+0,3.6E+9,None)

Genotype:
[469, 10, 260, 789, 779, 121, 767, 511, 989, 800, 135, 920, 550, 290, 20, 184, 757, 661, 250, 737, 962, 628, 121, 120, 370, 893, 626, 414, 739, 271, 678, 218, 59, 975, 749, 127, 508, 530, 98, 82, 133, 392, 42, 830, 120, 6, 464, 670, 312, 264, 846, 312, 626, 633, 566, 347, 359, 574, 688, 124, 2, 837, 843, 694, 225, 653, 659, 683, 376, 967, 441, 623, 29, 674, 957, 386, 256, 214, 685, 972, 215, 363, 977, 185, 670, 472, 573, 873, 657, 162]
Tree:
None

Fitness:
0.04727360102415093