Generation:
1000

Phenotype:
+9.9E+0*KS(x[:,0], 6.6E-1,4.0E-1,None)

Genotype:
[826, 960, 512, 169, 162, 90, 473, 536, 501, 291, 453, 150, 731, 921, 725, 904, 107, 152, 881, 14, 841, 372, 841, 210, 795, 542, 661, 696, 65, 380, 525, 783, 745, 681, 708, 997, 380, 403, 916, 190, 9, 164, 924, 930, 683, 554, 904, 974, 236, 900, 456, 828, 659, 316, 919, 682, 741, 27, 279, 723, 860, 982, 47, 73, 13, 907, 869, 549, 169, 563, 979, 386, 942, 277, 465, 543, 389, 549, 546, 765, 780, 899, 298, 584, 780, 402, 928, 496, 382, 970]
Tree:
None

Fitness:
18.0502401757406