Generation:
1000

Phenotype:
+6.9E+1*KS(x[:,0], 6.7E-2,3.3E-3,None)-1.8E+0*KG(x[:,0], 3.8E-4,3.1E-9,None)+4.9E+0*KS(x[:,0], 1.9E+3,4.5E+8,None)

Genotype:
[833, 74, 293, 299, 844, 121, 518, 507, 763, 392, 587, 343, 151, 43, 661, 853, 889, 585, 588, 66, 330, 812, 888, 507, 344, 785, 441, 975, 949, 173, 856, 728, 471, 589, 746, 280, 981, 779, 680, 803, 84, 845, 956, 768, 922, 567, 130, 98, 763, 206, 202, 909, 298, 167, 363, 849, 589, 210, 634, 400, 50, 860, 71, 457, 71, 894, 878]
Tree:
None

Fitness:
25.868154672427167