Generation:
1000

Phenotype:
+8.3E-4*KP(x[:,0], 8.7E-6,2.5E+3,1)+1.4E-1*KG(x[:,0], 4.5E-9,6.8E-2,None)+6.4E+2*KP(x[:,0], 9.1E-3,3.2E-3,2)

Genotype:
[255, 836, 439, 433, 545, 314, 727, 287, 997, 486, 514, 95, 740, 213, 456, 577, 828, 900, 424, 477, 771, 669, 805, 323, 369, 680, 868, 907, 102, 31, 302, 150, 257, 424, 138, 422, 116, 201, 237, 633, 128, 122, 129, 873, 932, 536, 74, 719, 534, 26, 88, 111, 658, 615, 948, 383, 534, 868, 465, 449, 890, 683, 87, 26, 876, 386, 173, 116, 759, 428, 622, 381, 429, 486, 988, 335, 6, 285, 545, 178, 285, 752, 86, 356, 278, 331, 674, 873, 90, 759, 377, 439, 770, 164, 692, 230, 571, 995, 800, 145, 703, 549, 974, 876, 651, 661, 990, 813, 808, 9, 935, 484, 529, 22, 288, 392, 329, 979, 324, 989, 32, 550, 908, 793, 668, 465, 437, 209, 550, 985, 526, 835, 768, 927, 980, 621, 332, 272, 791, 498, 409, 631, 52, 324, 822, 639, 825, 546, 844, 887, 748, 875, 642, 685, 921, 664, 511, 100, 234, 465, 396, 769, 164, 624, 568, 557, 220, 226, 566, 917, 411, 828, 698, 173, 248, 144, 208, 78, 884, 739]
Tree:
None

Fitness:
68.53881084550758