Generation:
1000

Phenotype:
+9.9E-1*KG(x[:,0], 3.0E-0,1.0E-0,None)-6.1E-2*KS(x[:,0], 4.6E-6,3.0E+3,None)

Genotype:
[391, 618, 692, 539, 429, 491, 353, 210, 889, 740, 369, 910, 5, 700, 890, 958, 91, 140, 581, 13, 712, 678, 916, 103, 296, 533, 280, 612, 543, 43, 188, 273, 590, 607, 899, 2, 37, 12, 654, 908, 176, 273, 610, 516, 458, 457, 951, 701, 262, 623, 320, 699, 414, 481, 422, 824, 894, 594, 881, 674, 998, 12, 126, 352, 160, 499, 788, 644, 200, 350, 436, 549, 663, 491, 210, 28, 748, 584, 25, 182, 186, 602, 580, 619, 164, 69, 674, 134, 870, 217, 650, 651, 850, 447, 554, 408, 770, 380, 55, 487, 465, 541, 810, 536, 409, 834, 792, 926, 255, 243, 167, 639]
Tree:
None

Fitness:
0.04722225097251797