Generation:
1000

Phenotype:
+9.7E-2*KS(x[:,0], 5.8E-0,1.1E-8,None)-9.9E-7*KP(x[:,0], 2.0E+1,9.9E-7,3)

Genotype:
[251, 910, 98, 547, 363, 932, 526, 28, 647, 360, 171, 721, 691, 88, 430, 362, 665, 503, 679, 635, 927, 73, 960, 852, 981, 260, 109, 699, 527, 203, 184, 635, 303, 58, 303, 658, 825, 395, 705, 715, 920, 983, 337, 987, 949, 612, 457, 803, 992, 828, 87, 975, 95, 316, 328, 979, 785, 137, 217, 5, 440, 267, 811, 90, 793, 215, 603, 99, 419, 640, 482, 162, 859, 890, 469, 680, 833, 73, 903, 170, 815, 455, 736, 369, 318, 335, 353, 822, 265, 59]
Tree:
None

Fitness:
2.047038824586081