Generation:
1000

Phenotype:
+9.9E+0*KS(x[:,0], 6.5E-1,3.9E-1,None)

Genotype:
[76, 172, 647, 609, 576, 480, 563, 935, 445, 251, 272, 759, 937, 211, 577, 143, 416, 352, 337, 355, 821, 678, 136, 977, 24, 425, 406, 147, 178, 472, 883, 8, 949, 593, 210, 901, 465, 527, 895, 540, 143, 300, 329, 219, 217, 287, 206, 932, 680, 254, 445, 614, 733, 759, 573, 553, 343, 471, 519, 49, 314, 157, 178, 69, 738, 368, 662, 816, 899, 185, 499, 676, 665, 615, 899, 695, 653, 836, 621, 719, 808, 467, 799, 590, 649, 224, 976, 665, 923, 678]
Tree:
None

Fitness:
18.045831446534375