Generation:
1000

Phenotype:
+9.8E-1*KG(x[:,0], 4.0E+0,9.7E-1,None)-7.2E-2*KP(x[:,0], 7.3E-4,4.1E+0,0)

Genotype:
[361, 176, 728, 58, 93, 781, 102, 40, 126, 90, 125, 507, 205, 51, 580, 38, 235, 249, 562, 323, 242, 780, 283, 129, 874, 390, 801, 964, 230, 305, 328, 407, 945, 550, 127, 104, 450, 879, 727, 531, 972, 224, 717, 759, 714, 786, 445, 121, 848, 863, 78, 158, 309, 310, 88, 395, 273, 656, 534, 190, 190, 456, 925, 760, 621, 840, 921, 765, 896, 711, 682, 129, 142, 855, 157, 901, 183, 990, 941, 294, 137, 96, 684, 308, 439, 207, 511, 523, 717, 878, 458, 694, 765, 856, 599, 302, 306, 746, 31, 885, 266, 369, 951, 815, 303, 319, 322, 282, 973, 515, 198, 664]
Tree:
None

Fitness:
0.3363881427195652