Generation:
1000

Phenotype:
+2.9E-0*KS(x[:,0], 5.3E+3,2.2E+7,None)+8.6E+0*KS(x[:,0], 1.0E-0,7.3E-2,None)

Genotype:
[887, 700, 37, 169, 821, 580, 643, 693, 754, 803, 433, 232, 676, 467, 94, 418, 682, 763, 846, 258, 610, 567, 790, 975, 190, 438, 63, 221, 662, 675, 0, 121, 19, 714, 375, 21, 570, 38, 490, 931, 45, 498, 129, 669, 544, 928, 193, 618, 509, 681, 972, 256, 200, 717, 639, 116, 212, 664, 872, 417, 530, 962, 835, 255, 93, 387, 443, 631, 95, 588, 530, 854, 476, 707, 730, 643, 486, 614, 187, 465, 871, 953, 539, 526, 451, 296, 556, 115, 703, 536, 636, 788, 812, 111, 3, 391, 555, 655, 801, 135, 432, 638, 844, 313, 915, 694, 972, 544, 36, 939, 550, 781, 119, 434, 5, 546, 822, 128, 921, 982, 769, 769, 712, 195, 932, 730, 885, 252, 899, 672, 750, 828, 951, 92, 485]
Tree:
None

Fitness:
14.024150139454166