Generation:
1000

Phenotype:
+4.0E-0*KS(x[:,0], 9.2E-1,7.3E+5,None)+9.3E-6*KS(x[:,0], 8.5E-7,8.0E+2,None)+5.5E+0*KS(x[:,0], 8.6E+9,4.2E+6,None)

Genotype:
[473, 570, 876, 70, 841, 280, 809, 732, 155, 291, 600, 773, 740, 135, 77, 653, 150, 215, 913, 153, 246, 466, 725, 721, 187, 403, 650, 218, 202, 570, 208, 714, 130, 635, 516, 280, 682, 576, 42, 189, 534, 542, 840, 426, 813, 39, 754, 597, 31, 790, 173, 508, 76, 367, 334, 846, 349, 103, 73, 964, 196, 652, 375, 354, 464, 661, 445, 695, 519, 840, 375, 160, 899, 771, 528, 518, 535, 283, 601, 58, 477, 594, 661, 299, 388, 415, 101, 457, 925, 454]
Tree:
None

Fitness:
32.64068042776343