Generation:
1000

Phenotype:
+9.3E+0*KS(x[:,0], 8.0E-1,9.9E-2,None)+2.6E-0*KG(x[:,0], 9.6E-8,8.1E+2,None)

Genotype:
[467, 424, 935, 633, 752, 320, 133, 20, 223, 11, 62, 209, 93, 612, 983, 990, 882, 757, 506, 59, 200, 143, 616, 415, 48, 367, 161, 826, 952, 527, 596, 31, 213, 203, 614, 741, 618, 100, 202, 330, 51, 156, 345, 780, 160, 594, 381, 146, 714, 222, 423, 578, 647, 129, 39, 83, 648, 401, 32, 874, 845, 184, 785, 969, 725, 202, 649, 523, 183, 82, 718, 716, 306, 29, 9, 863, 998, 490, 669, 450, 390, 358, 969, 163, 942, 499, 551, 115, 251, 854, 783, 454, 437, 395, 709, 204, 34, 45, 853, 734, 47, 606, 136, 224, 754, 486, 886, 83, 922, 657, 100, 397, 175, 586, 66, 846, 268, 224, 361, 566, 920, 787, 361, 950, 265, 963, 724, 188, 788, 877, 321, 769, 47, 115, 33, 300, 943, 920, 237, 533, 865, 982, 186, 522, 534, 529, 392, 255, 931, 573, 757, 135, 1000, 234, 732, 881, 148, 189, 916, 843, 576, 442, 3, 532, 461, 393, 731, 252, 333, 454, 132, 931, 115, 514, 804, 485, 753, 893, 710, 350]
Tree:
None

Fitness:
12.59973903971414