Generation:
1000

Phenotype:
+9.0E+0*KS(x[:,0], 7.6E-1,8.0E-2,None)+2.9E-4*KP(x[:,0], 1.4E-9,7.4E-1,2)+5.5E+0*KG(x[:,0], 3.5E+0,2.1E+0,None)+2.1E+0*KS(x[:,0], 2.2E-5,2.2E+4,None)

Genotype:
[509, 396, 557, 130, 730, 750, 213, 486, 203, 801, 754, 580, 403, 332, 4, 951, 590, 460, 299, 845, 864, 270, 624, 831, 489, 645, 654, 957, 681, 132, 259, 420, 670, 275, 930, 100, 227, 805, 468, 920, 505, 741, 728, 490, 355, 682, 848, 226, 341, 788, 70, 469, 792, 307, 935, 604, 672, 228, 74, 350, 953, 505, 741, 190, 414, 895, 991, 646, 54, 105, 66, 89, 740, 667, 73, 571, 160, 461, 839, 272, 797, 674, 669, 479, 236, 168, 652, 979, 226, 211]
Tree:
None

Fitness:
5.457329231598961