Generation:
1000

Phenotype:
+9.5E-0*KS(x[:,0], 6.8E-1,5.0E-9,None)+4.6E-0*KG(x[:,0], 9.9E-2,1.8E-0,None)-9.7E-1*KS(x[:,0], 2.0E+1,1.4E-9,None)

Genotype:
[623, 540, 251, 915, 493, 840, 527, 458, 901, 71, 769, 430, 255, 569, 946, 481, 48, 498, 376, 145, 100, 440, 909, 653, 642, 432, 208, 847, 630, 568, 220, 249, 269, 907, 305, 291, 964, 260, 780, 911, 108, 674, 701, 279, 315, 972, 41, 442, 21, 257, 846, 238, 293, 53, 308, 590, 425, 698, 176, 742, 398, 708, 973, 129, 604, 744, 609]
Tree:
None

Fitness:
10.740454107501513