Generation:
1000

Phenotype:
+1.1E+1*KS(x[:,0], 5.4E-1,1.9E-1,None)+1.3E-0*KG(x[:,0], 7.9E-3,1.0E-9,None)

Genotype:
[131, 14, 747, 21, 654, 241, 103, 654, 635, 51, 990, 569, 267, 771, 950, 342, 258, 675, 93, 711, 570, 609, 189, 63, 373, 387, 200, 685, 729, 331, 326, 125, 188, 376, 481, 365, 315, 92, 206, 586, 378, 575, 184, 442, 783, 829, 366, 527, 269, 946, 549, 441, 794, 340, 875, 173, 327, 913, 320, 891, 827, 704, 143, 193, 288, 559, 238, 310, 753, 562, 106, 35, 912, 297, 480, 697, 810, 197, 767, 332, 474, 320, 936, 464, 348, 101, 404, 237, 107, 50, 165, 850, 499, 563, 310, 201, 348, 48, 33, 86, 134, 307, 307, 80, 579, 5, 631, 317, 220, 29, 420, 136, 166, 221, 70, 428, 850, 511, 419, 632, 116, 258, 238, 638, 934, 341, 757, 940, 699, 89, 279, 168, 851, 12, 184]
Tree:
None

Fitness:
12.782066242174956