Generation:
1000

Phenotype:
+9.9E+0*KS(x[:,0], 6.6E-1,4.0E-1,None)

Genotype:
[178, 590, 332, 939, 784, 880, 617, 716, 419, 81, 282, 350, 897, 321, 319, 371, 627, 803, 700, 207, 79, 811, 813, 54, 59, 255, 256, 530, 757, 324, 206, 314, 923, 707, 837, 747, 360, 6, 446, 154, 139, 356, 175, 292, 427, 631, 544, 166, 129, 999, 984, 460, 480, 50, 14, 520, 501, 841, 571, 413, 168, 335, 970, 149, 756, 125, 804, 719, 406, 462, 472, 150, 767, 636, 803, 469, 422, 288, 109, 822, 25, 979, 562, 857, 825, 416, 652, 46, 21, 7]
Tree:
None

Fitness:
18.0502401757406