Generation:
1000

Phenotype:
+9.8E-0*KS(x[:,0], 6.8E-1,7.9E-2,None)+2.4E+0*KG(x[:,0], 9.9E-3,1.4E-9,None)

Genotype:
[815, 532, 746, 688, 483, 970, 77, 118, 765, 931, 978, 959, 877, 632, 664, 690, 954, 298, 964, 398, 260, 611, 159, 241, 673, 846, 424, 755, 99, 819, 657, 660, 959, 595, 203, 373, 787, 472, 134, 14, 101, 597, 17, 937, 879, 862, 969, 55, 238, 618, 322, 200, 561, 67, 741, 49, 501, 994, 302, 662, 571, 572, 939, 595, 477, 169, 291, 678, 967, 164, 417, 93, 457, 429, 238, 778, 119, 637, 734, 359, 694, 271, 39, 821, 50, 51, 112, 522, 263, 584]
Tree:
None

Fitness:
12.272625978291332