Generation:
1000

Phenotype:
+4.4E-5*KS(x[:,0], 7.7E-5,5.1E+3,None)-9.9E-3*KS(x[:,0], 7.1E-1,8.6E-7,None)

Genotype:
[563, 896, 426, 824, 547, 665, 375, 17, 669, 85, 427, 791, 22, 603, 435, 208, 911, 215, 219, 839, 453, 906, 681, 633, 231, 16, 836, 523, 497, 654, 327, 489, 456, 835, 681, 34, 593, 923, 307, 922, 522, 11, 265, 684, 618, 737, 242, 35, 262, 894, 507, 957, 745, 14, 882, 624, 681, 199, 328, 592, 476, 477, 941, 594, 611, 246, 696, 703, 296, 159, 224, 911, 772, 919, 309, 489, 890, 789, 288, 153, 546, 604, 929, 636, 282, 239, 598, 622, 193, 664]
Tree:
None

Fitness:
2.4649648448898356