Generation:
1000

Phenotype:
+9.9E-2*KS(x[:,0], 3.4E-0,9.8E-4,None)+8.4E-2*KS(x[:,0], 3.4E-0,8.9E-4,None)-9.8E-7*KP(x[:,0], 9.9E+4,1.1E-9,1)

Genotype:
[371, 932, 404, 979, 613, 352, 920, 124, 447, 520, 737, 838, 65, 804, 259, 533, 742, 34, 114, 321, 872, 227, 394, 595, 590, 241, 189, 277, 754, 702, 32, 799, 719, 458, 801, 877, 260, 939, 856, 54, 189, 1, 949, 659, 771, 537, 607, 294, 939, 549, 249, 670, 901, 276, 158, 261, 897, 551, 628, 189, 304, 419, 433, 26, 887, 686, 712, 408, 339, 827, 509, 653, 377, 620, 290, 874, 136, 820, 169, 631, 800, 799, 783, 304, 67, 690, 980, 836, 543, 595]
Tree:
None

Fitness:
1.962575803824113