Generation:
1000

Phenotype:
+9.1E-0*KP(x[:,0], 8.4E-5,7.1E-1,4)-3.6E-7*KP(x[:,0], 1.2E+7,3.2E-7,0)-9.8E-8*KS(x[:,0], 7.1E+1,9.5E+6,None)+9.4E-0*KS(x[:,0], 7.4E-1,9.6E-2,None)+9.6E-2*KG(x[:,0], 5.7E+0,7.2E-7,None)

Genotype:
[177, 502, 98, 351, 965, 500, 304, 284, 925, 445, 465, 281, 587, 601, 119, 549, 863, 434, 426, 417, 927, 540, 762, 170, 427, 434, 412, 395, 157, 770, 23, 633, 215, 368, 941, 308, 798, 691, 532, 311, 359, 705, 166, 836, 752, 755, 352, 503, 84, 177, 230, 186, 364, 971, 551, 629, 856, 979, 502, 771, 954, 688, 629, 676, 573, 412, 355, 527, 184, 360, 528, 932, 861, 437, 298, 937, 213, 78, 821, 53, 440, 271, 122, 951, 13, 22, 291, 713, 931, 639, 184, 412, 951, 471, 888, 782, 11, 764, 333, 391, 452, 341, 372, 811, 219, 918, 766, 890, 721, 476, 96, 143, 9, 145, 444, 812, 406, 355, 606, 513, 214, 479, 717, 78, 48, 298, 317, 84, 170, 580, 723, 838, 785, 65, 482, 608, 75, 822, 31, 338, 47, 551, 676, 525, 540, 191, 654, 616, 89, 364, 630, 412, 284, 801, 619, 521, 787]
Tree:
None

Fitness:
12.436438373829905