Generation:
1000

Phenotype:
+5.0E-2*KS(x[:,0], 6.8E+1,1.0E-9,None)

Genotype:
[202, 68, 58, 280, 13, 932, 365, 118, 504, 131, 315, 320, 973, 859, 855, 551, 736, 709, 937, 943, 311, 802, 964, 857, 106, 7, 383, 240, 73, 349, 886, 963, 149, 671, 795, 830, 254, 189, 70, 204, 606, 584, 166, 81, 874, 525, 48, 273, 457, 616, 429, 644, 571, 389, 353, 898, 816, 663, 264, 191, 312, 209, 939, 401, 407, 86, 79, 337, 226, 921, 244, 2, 989, 94, 563, 814, 558, 268, 239, 831, 351, 17, 984, 491, 54, 798, 509, 411, 21, 294]
Tree:
None

Fitness:
2.2868615606190232