Generation:
1000

Phenotype:
+7.9E-2*KS(x[:,0], 9.3E+0,4.2E-9,None)-8.3E+4*KS(x[:,0], 5.6E-7,2.8E-8,None)

Genotype:
[851, 382, 267, 129, 353, 452, 350, 543, 524, 300, 894, 322, 515, 339, 656, 34, 323, 385, 13, 846, 714, 310, 396, 597, 437, 388, 438, 649, 258, 623, 392, 65, 775, 141, 334, 93, 803, 973, 232, 866, 332, 475, 730, 835, 683, 643, 712, 735, 967, 265, 759, 438, 126, 537, 130, 211, 371, 189, 67, 640, 654, 954, 843, 149, 53, 826, 18, 639, 487, 600, 0, 88, 992, 575, 458, 728, 632, 753, 470, 529, 677, 269, 759, 828, 242, 137, 834, 926, 607, 512]
Tree:
None

Fitness:
2.126563174585497