Generation:
1000

Phenotype:
+1.9E-1*KS(x[:,0], 4.3E+0,1.7E-8,None)-8.9E+0*KP(x[:,0], 9.0E-3,1.3E-9,1)

Genotype:
[965, 986, 135, 959, 615, 481, 723, 593, 750, 870, 729, 817, 559, 888, 299, 230, 51, 376, 639, 16, 390, 944, 570, 705, 893, 279, 243, 111, 909, 6, 208, 954, 732, 994, 294, 495, 359, 724, 319, 135, 591, 39, 62, 574, 160, 761, 217, 919, 746, 37, 372, 313, 917, 983, 170, 996, 407, 196, 599, 784, 977, 319, 677, 829, 435, 976, 674, 734, 253, 772, 862, 838, 962, 492, 792, 787, 706, 84, 93, 887, 881, 812, 494, 280, 177, 87, 253, 276, 514, 413, 386, 359, 584, 707, 248, 670, 936, 36, 798, 113, 809, 589, 58, 852, 389, 272, 563, 387, 395, 109, 547, 570]
Tree:
None

Fitness:
2.0033941672433837