Generation:
1000

Phenotype:
+9.3E+0*KS(x[:,0], 7.5E-1,6.2E-2,None)+2.4E+0*KG(x[:,0], 8.8E-5,6.9E-1,None)

Genotype:
[659, 426, 341, 453, 140, 670, 141, 455, 639, 981, 590, 422, 507, 672, 58, 732, 354, 631, 294, 524, 270, 286, 638, 97, 75, 599, 119, 295, 971, 908, 847, 278, 902, 76, 535, 219, 570, 530, 942, 843, 817, 782, 650, 250, 526, 141, 945, 128, 545, 165, 990, 152, 928, 389, 449, 881, 253, 881, 823, 361, 162, 163, 256, 175, 955, 996, 640, 198, 388, 471, 901, 119, 988, 102, 731, 551, 726, 42, 534, 256, 345, 554, 319, 82, 100, 110, 735, 621, 788, 94, 622, 899, 863, 671, 104, 820, 637, 30, 211, 676, 303, 279, 899, 908, 645, 608, 960, 665, 951, 643, 163, 830, 811, 711, 342, 301, 827, 96, 713, 573, 748, 243, 656, 628, 312, 971, 452, 978, 727, 482, 538, 32, 212, 747, 904, 481, 14, 397, 773, 333, 92, 217, 919, 141, 166, 654, 635, 522, 156, 465, 396, 122, 145, 205, 30, 493, 952, 883, 949, 692, 730, 770, 885, 663, 688, 112, 322, 844, 315, 165, 420, 380, 585, 490, 614, 922, 619, 174, 13, 76]
Tree:
None

Fitness:
12.555191237981694