Generation:
1000

Phenotype:
+6.4E+0*KS(x[:,0], 2.2E-8,3.9E-1,None)+9.5E-0*KS(x[:,0], 7.5E-1,9.9E-2,None)

Genotype:
[491, 286, 320, 434, 516, 0, 937, 992, 287, 788, 596, 919, 377, 121, 247, 934, 464, 890, 195, 915, 330, 708, 95, 535, 401, 467, 709, 171, 202, 194, 328, 51, 231, 955, 205, 586, 525, 203, 405, 525, 414, 575, 569, 737, 331, 500, 343, 659, 360, 927, 148, 421, 839, 288, 881, 630, 597, 395, 371, 859, 412, 846, 210, 346, 768, 785, 974, 12, 765, 220, 222, 785, 207, 607, 739, 341, 933, 728, 638, 32, 213, 537, 829, 943, 408, 142, 708, 852, 96, 337, 710, 108, 70, 674, 493, 381, 416, 969, 120, 841, 528, 57, 840, 690, 578, 659, 291, 684, 208, 255, 69, 85]
Tree:
None

Fitness:
12.500000377112533