Generation:
1000

Phenotype:
+9.9E+0*KS(x[:,0], 6.1E-1,3.7E-6,None)+3.6E-0*KG(x[:,0], 8.3E-2,9.9E-1,None)-5.5E-4*KG(x[:,0], 7.6E-9,9.8E-9,None)-2.8E-1*KS(x[:,0], 2.8E+8,5.1E-4,None)

Genotype:
[725, 434, 557, 249, 48, 600, 392, 461, 317, 891, 317, 337, 553, 716, 63, 31, 716, 56, 16, 485, 910, 727, 553, 1, 232, 881, 279, 817, 911, 898, 979, 371, 922, 185, 319, 204, 726, 16, 661, 469, 242, 238, 797, 559, 971, 328, 453, 802, 808, 661, 91, 217, 898, 430, 878, 805, 131, 955, 114, 661, 226, 954, 118, 248, 752, 59, 618, 936, 46, 205, 139, 621, 165, 65, 795, 200, 569, 910, 85, 881, 712, 3, 829, 342, 371, 394, 457, 694, 139, 538]
Tree:
None

Fitness:
11.649639978870844