Generation:
1000

Phenotype:
+1.2E+1*KS(x[:,0], 4.9E-1,3.0E-1,None)

Genotype:
[424, 132, 108, 112, 772, 521, 768, 329, 165, 311, 542, 150, 909, 471, 947, 432, 559, 780, 552, 434, 184, 354, 913, 886, 447, 808, 469, 741, 23, 59, 415, 275, 268, 502, 539, 895, 849, 742, 673, 97, 748, 94, 792, 363, 159, 612, 184, 600, 624, 48, 14, 409, 262, 494, 610, 367, 734, 627, 670, 566, 181, 86, 245, 308, 301, 477, 631, 902, 63, 598, 442, 796, 854, 746, 404, 778, 501, 578, 194, 580, 332, 335, 480, 388, 12, 984, 174, 3, 525, 536]
Tree:
None

Fitness:
13.257636871959114