Generation:
1000

Phenotype:
+2.5E-0*KG(x[:,0], 9.5E-3,1.1E-9,None)+9.5E+0*KS(x[:,0], 7.3E-1,6.6E-2,None)

Genotype:
[679, 80, 892, 245, 763, 990, 332, 125, 537, 503, 90, 251, 451, 479, 266, 814, 206, 836, 85, 292, 350, 744, 93, 681, 501, 23, 736, 913, 102, 382, 321, 701, 224, 828, 951, 448, 974, 239, 877, 748, 666, 539, 72, 359, 554, 770, 427, 711, 432, 542, 820, 935, 303, 676, 399, 448, 246, 422, 937, 905, 173, 988, 486, 764, 470, 278, 154, 100, 766, 124, 550, 85, 908, 751, 284, 195, 597, 936, 554, 328, 48, 297, 589, 903, 399, 271, 504, 784, 400, 407, 620, 774, 830, 933, 106, 387, 758, 995, 501, 1000, 312, 640, 262, 209, 519, 65, 259, 476, 362, 578, 179, 567]
Tree:
None

Fitness:
12.398274172812886