Generation:
1000

Phenotype:
+5.0E-2*KS(x[:,0], 6.8E+1,1.0E-9,None)

Genotype:
[994, 802, 85, 680, 157, 72, 455, 878, 622, 901, 558, 450, 673, 989, 878, 135, 281, 67, 275, 66, 610, 617, 842, 735, 380, 601, 711, 157, 818, 799, 602, 332, 745, 349, 947, 703, 775, 40, 756, 705, 278, 435, 519, 157, 677, 65, 400, 325, 659, 292, 903, 296, 800, 532, 61, 939, 647, 63, 71, 198, 53, 737, 305, 487, 603, 66, 871, 478, 581, 220, 282, 687, 540, 775, 618, 769, 808, 583, 906, 677, 123, 261, 152, 960, 600, 747, 303, 398, 202, 322, 883, 91, 952, 92, 165, 27, 886, 158, 534, 659, 70, 92, 226, 51, 785, 185, 726, 341, 877, 782, 445, 321, 14, 542, 462, 799, 548, 486, 192, 497, 187, 212, 56, 708, 438, 424, 57, 441, 325, 441, 974, 909, 544, 195, 216, 147, 41, 693, 129, 564, 918, 65, 837, 597, 522, 567, 653, 681, 541, 744, 745, 390, 21, 882, 458, 622, 509, 335, 928, 536, 515, 298, 364, 508, 829, 187, 490, 404, 482, 885, 161, 919, 319, 165, 551, 638, 901, 51, 410, 390]
Tree:
None

Fitness:
2.2868615606190232