Generation:
1000

Phenotype:
+9.9E-1*KG(x[:,0], 3.3E+0,9.3E-1,None)-5.8E-2*KG(x[:,0], 4.3E-5,3.2E-5,None)

Genotype:
[403, 356, 899, 459, 387, 701, 164, 913, 820, 710, 26, 353, 351, 301, 681, 966, 713, 913, 168, 805, 72, 957, 873, 183, 325, 587, 562, 11, 935, 389, 228, 86, 801, 521, 978, 380, 825, 363, 159, 99, 313, 409, 268, 588, 768, 996, 705, 692, 215, 254, 689, 182, 830, 418, 178, 316, 468, 52, 885, 607, 809, 966, 562, 593, 17, 88, 597, 797, 63, 56, 220, 110, 281, 670, 134, 250, 930, 209, 524, 61, 881, 847, 360, 700, 663, 209, 774, 850, 496, 782, 972, 239, 458, 919, 71, 844, 985, 686, 308, 738, 968, 768, 583, 722, 424, 101, 635, 186, 26, 75, 815, 812, 771, 146, 842, 766, 621, 346, 526, 937, 317, 670, 913, 613, 148, 626, 335, 569, 897, 234, 649, 392, 534, 75, 383, 134, 743, 96, 696, 103, 460, 902, 648, 138, 81, 101, 332, 591, 469, 467, 813, 143, 335, 402, 988, 682, 937]
Tree:
None

Fitness:
0.26348870031587657