Generation:
1000

Phenotype:
+3.0E-0*KG(x[:,0], 3.0E-5,8.5E-6,None)-9.0E-6*KS(x[:,0], 6.8E+7,7.6E+9,None)+8.8E-0*KS(x[:,0], 1.0E-0,2.3E-9,None)

Genotype:
[811, 598, 533, 40, 545, 570, 101, 800, 293, 305, 358, 455, 389, 786, 545, 785, 517, 35, 520, 635, 526, 671, 838, 342, 717, 69, 776, 940, 279, 242, 94, 230, 538, 888, 855, 780, 54, 390, 103, 620, 217, 783, 123, 469, 335, 862, 952, 582, 515, 139, 331, 646, 118, 155, 129, 217, 158, 200, 294, 452, 344, 788, 630, 560, 137, 345, 243]
Tree:
None

Fitness:
14.249796148721494