Generation:
1000

Phenotype:
+4.0E-0*KS(x[:,0], 6.1E-1,3.9E-1,None)+5.5E-7*KS(x[:,0], 5.1E-0,6.8E-4,None)+3.0E-0*KS(x[:,0], 7.8E+1,5.4E-5,None)

Genotype:
[65, 528, 975, 420, 993, 970, 509, 231, 871, 431, 758, 989, 307, 361, 59, 317, 236, 553, 725, 991, 487, 778, 521, 661, 790, 797, 338, 785, 474, 251, 628, 238, 245, 230, 733, 910, 132, 878, 958, 651, 985, 4, 867, 925, 753, 931, 922, 755, 486, 328, 703, 22, 181, 786, 539, 56, 86, 813, 811, 780, 638, 344, 420, 578, 230, 459, 198, 626, 687, 157, 719, 993, 126, 403, 772, 174, 440, 914, 312, 310, 457, 394, 927, 753, 540, 468, 950, 195, 920, 443, 337, 468, 941, 947, 671, 751, 361, 756, 619, 536, 735, 470, 696, 149, 314, 663, 267, 65, 611, 578, 187, 916, 168, 582, 712, 627, 47, 226, 248, 587, 458, 869, 584, 737, 283, 576, 405, 785, 536, 142, 395, 966, 449, 924, 578, 325, 949, 742, 13, 393, 438, 963, 86, 712, 736, 455, 299, 171, 44, 713, 781, 764, 248, 120, 71, 557, 165, 340, 688, 262, 465, 823, 686, 140, 622, 967, 806, 294, 53, 814, 715, 395, 215, 126, 719, 989, 385, 676, 721, 909]
Tree:
None

Fitness:
34.28669751680506