Generation:
1000

Phenotype:
+8.9E-2*KS(x[:,0], 8.5E+0,1.3E-8,None)+9.9E-5*KS(x[:,0], 3.6E-8,1.0E+7,None)-7.6E+6*KP(x[:,0], 4.1E-5,3.4E-5,2)

Genotype:
[731, 280, 52, 669, 987, 582, 574, 435, 810, 730, 207, 103, 933, 428, 798, 977, 94, 728, 969, 651, 285, 317, 86, 815, 268, 558, 800, 432, 237, 428, 212, 721, 699, 476, 36, 556, 993, 561, 921, 55, 695, 934, 729, 915, 307, 920, 522, 377, 163, 149, 115, 915, 143, 622, 479, 42, 721, 57, 668, 846, 781, 311, 995, 629, 379, 137, 398]
Tree:
None

Fitness:
2.0823837175752486