Generation:
1000

Phenotype:
+9.4E+0*KS(x[:,0], 7.4E-1,5.9E-2,None)+2.4E+0*KP(x[:,0], 6.4E-9,1.9E-8,0)-9.5E-3*KS(x[:,0], 9.1E+9,3.5E+5,None)

Genotype:
[563, 624, 143, 474, 302, 110, 879, 114, 831, 41, 634, 149, 463, 112, 525, 975, 540, 784, 54, 352, 760, 284, 4, 349, 29, 432, 499, 19, 978, 870, 4, 677, 287, 385, 767, 233, 629, 161, 574, 519, 596, 315, 38, 305, 171, 296, 874, 674, 913, 857, 453, 826, 598, 282, 413, 917, 116, 580, 202, 118, 726, 267, 423, 714, 281, 140, 983, 278, 478, 952, 447, 497, 976, 864, 925, 889, 663, 588, 810, 786, 492, 735, 841, 187, 771, 4, 849, 433, 215, 544]
Tree:
None

Fitness:
12.513716817179208