Generation:
1000

Phenotype:
+2.5E+0*KG(x[:,0], 8.8E-3,5.2E-5,None)+9.6E-0*KS(x[:,0], 7.1E-1,5.7E-2,None)

Genotype:
[937, 660, 496, 395, 758, 900, 97, 78, 921, 13, 751, 952, 83, 655, 103, 454, 934, 269, 966, 649, 940, 276, 631, 671, 591, 202, 367, 281, 982, 641, 403, 901, 35, 324, 932, 334, 976, 58, 614, 746, 681, 652, 895, 929, 271, 217, 110, 652, 347, 304, 576, 88, 123, 210, 439, 484, 535, 297, 350, 769, 706, 850, 563, 954, 379, 328, 765, 13, 960, 46, 566, 835, 77, 761, 521, 216, 764, 534, 287, 336, 945, 42, 852, 208, 688, 864, 666, 57, 663, 392]
Tree:
None

Fitness:
12.333409253394914