Generation:
1000

Phenotype:
+8.0E-0*KS(x[:,0], 9.7E+9,8.3E+6,None)-1.7E-9*KS(x[:,0], 8.6E-9,1.8E-5,None)+5.1E-1*KS(x[:,0], 3.4E-3,8.5E+0,None)

Genotype:
[773, 238, 394, 380, 709, 590, 494, 537, 988, 689, 988, 323, 426, 56, 461, 239, 215, 864, 47, 301, 359, 502, 126, 893, 979, 315, 878, 447, 985, 246, 316, 446, 130, 431, 133, 641, 272, 764, 511, 673, 799, 505, 226, 170, 975, 718, 194, 40, 111, 12, 349, 443, 588, 516, 559, 404, 401, 992, 722, 479, 0, 221, 919, 685, 861, 251, 617, 652, 392, 982, 173, 214, 512, 891, 770, 533, 67, 628, 446, 782, 121, 14, 311, 878, 432, 752, 116, 300, 440, 672]
Tree:
None

Fitness:
42.22827985756724