Generation:
1000

Phenotype:
+2.1E-0*KS(x[:,0], 9.5E+0,1.0E-8,None)+4.4E-6*KP(x[:,0], 4.3E-4,8.6E+4,1)+4.8E+0*KG(x[:,0], 2.8E-7,8.7E-9,None)

Genotype:
[479, 150, 361, 711, 469, 550, 980, 255, 498, 270, 882, 970, 855, 658, 966, 531, 436, 246, 884, 389, 126, 669, 383, 827, 264, 952, 616, 824, 944, 826, 504, 746, 354, 398, 740, 600, 235, 258, 679, 377, 241, 407, 965, 809, 383, 78, 222, 935, 19, 873, 870, 415, 129, 500, 851, 763, 571, 333, 908, 424, 388, 594, 403, 763, 658, 860, 297]
Tree:
None

Fitness:
45.705873569286915