Generation:
1000

Phenotype:
+2.7E+0*KG(x[:,0], 2.2E-2,1.9E-6,None)+9.8E-0*KS(x[:,0], 7.1E-1,6.7E-2,None)

Genotype:
[991, 252, 757, 617, 412, 50, 154, 242, 397, 902, 594, 619, 909, 286, 631, 850, 852, 872, 338, 411, 70, 825, 221, 717, 921, 878, 907, 987, 322, 2, 613, 514, 834, 664, 107, 37, 618, 341, 484, 669, 885, 245, 975, 892, 171, 642, 981, 180, 426, 309, 905, 224, 42, 538, 907, 222, 601, 300, 543, 825, 905, 73, 69, 421, 327, 160, 476, 726, 732, 265, 514, 53, 998, 221, 567, 359, 781, 159, 403, 663, 159, 857, 568, 22, 871, 285, 886, 924, 894, 738]
Tree:
None

Fitness:
12.243347787877752