Generation:
1000

Phenotype:
+5.0E-2*KS(x[:,0], 9.3E+1,1.0E-9,None)

Genotype:
[736, 304, 868, 700, 153, 312, 467, 763, 350, 481, 639, 810, 975, 339, 336, 743, 855, 591, 252, 958, 255, 200, 448, 242, 328, 468, 174, 404, 105, 388, 893, 173, 38, 851, 372, 945, 646, 580, 256, 541, 243, 203, 666, 122, 769, 12, 363, 963, 949, 443, 336, 792, 86, 945, 331, 194, 247, 146, 124, 789, 400, 329, 480, 372, 129, 664, 917, 922, 16, 216, 8, 122, 859, 480, 989, 237, 338, 725, 231, 631, 776, 800, 281, 985, 401, 281, 916, 626, 681, 101]
Tree:
None

Fitness:
2.2868615606190237