Generation:
1000

Phenotype:
+9.8E-1*KG(x[:,0], 3.8E-0,9.8E-1,None)-9.9E-4*KP(x[:,0], 2.1E-0,9.8E-6,2)

Genotype:
[139, 962, 161, 448, 583, 651, 875, 228, 545, 190, 719, 328, 793, 651, 801, 506, 285, 503, 109, 951, 164, 208, 391, 647, 760, 206, 248, 539, 986, 22, 6, 217, 95, 574, 607, 637, 149, 796, 680, 628, 5, 637, 405, 995, 671, 939, 161, 716, 893, 22, 739, 650, 413, 821, 150, 938, 940, 731, 801, 665, 508, 981, 36, 498, 31, 946, 408, 636, 929, 333, 596, 824, 813, 876, 707, 199, 239, 141, 379, 165, 209, 593, 945, 704, 850, 505, 658, 539, 434, 253, 524, 358, 289, 942, 559, 224, 829, 80, 302, 467, 480, 801, 949, 617, 682, 508, 567, 426, 119, 438, 86, 2]
Tree:
None

Fitness:
0.28563395508495193