Generation:
1000

Phenotype:
+1.5E-1*KG(x[:,0], 5.6E-4,4.8E-6,None)-8.9E-7*KG(x[:,0], 1.8E-8,7.1E+2,None)

Genotype:
[397, 676, 333, 905, 189, 971, 661, 276, 519, 404, 444, 948, 913, 286, 430, 732, 897, 70, 89, 385, 877, 945, 238, 851, 278, 537, 791, 12, 612, 984, 863, 405, 674, 34, 264, 777, 182, 101, 696, 639, 384, 23, 520, 888, 529, 948, 542, 187, 545, 736, 166, 932, 546, 652, 185, 96, 947, 694, 877, 817, 147, 649, 419, 851, 783, 504, 418, 184, 199, 757, 961, 245, 730, 963, 94, 4, 580, 342, 635, 684, 290, 536, 976, 79, 357, 305, 444, 68, 908, 211, 707, 451, 724, 121, 343, 232, 391, 810, 461, 886, 200, 834, 740, 928, 522, 99, 516, 864, 523, 714, 367, 591, 113, 247, 795, 234, 887, 594, 944, 78, 521, 286, 130, 174, 862, 908, 96, 792, 541, 996, 521, 195, 329, 567, 609, 513, 885, 864, 676, 14, 62, 785, 235, 756, 628, 589, 637, 24, 588, 225, 979, 713, 939, 152, 730, 747, 110, 754, 386, 392, 862, 414, 934, 160, 311, 369, 98, 123, 980, 184, 103, 760, 844, 421, 291, 491, 679, 817, 376, 726]
Tree:
None

Fitness:
81.16707429413785