Generation:
1000

Phenotype:
+1.2E+1*KS(x[:,0], 5.0E-1,3.0E-1,None)

Genotype:
[748, 498, 342, 172, 192, 951, 958, 0, 691, 831, 407, 610, 517, 141, 473, 597, 551, 450, 114, 569, 869, 147, 808, 351, 55, 325, 467, 81, 636, 239, 261, 90, 126, 876, 776, 118, 577, 659, 50, 767, 993, 847, 736, 667, 180, 590, 309, 168, 828, 95, 757, 53, 553, 500, 447, 450, 515, 663, 418, 999, 576, 947, 32, 104, 669, 692, 971, 914, 987, 892, 646, 664, 729, 851, 903, 727, 968, 638, 906, 494, 605, 696, 372, 913, 995, 341, 201, 11, 103, 94, 45, 64, 561, 550, 824, 355, 325, 622, 737, 494, 625, 748, 553, 283, 742, 734, 897, 83, 80, 536, 339, 357]
Tree:
None

Fitness:
13.212228486581271