Generation:
1000

Phenotype:
+9.9E-1*KG(x[:,0], 3.1E+0,9.9E-1,None)-6.2E-2*KS(x[:,0], 8.3E-9,2.2E+0,None)

Genotype:
[727, 254, 773, 619, 419, 441, 929, 281, 964, 320, 584, 649, 785, 341, 498, 784, 825, 365, 132, 445, 612, 448, 663, 693, 39, 829, 252, 794, 700, 811, 202, 825, 203, 323, 346, 462, 845, 570, 391, 396, 362, 827, 513, 627, 342, 302, 705, 408, 281, 160, 393, 675, 26, 208, 855, 945, 833, 205, 517, 639, 696, 988, 92, 621, 47, 423, 262, 229, 120, 490, 796, 60, 496, 132, 23, 201, 1, 38, 959, 389, 954, 931, 937, 206, 827, 145, 473, 311, 381, 923]
Tree:
None

Fitness:
0.04759059538021832