Generation:
1000

Phenotype:
+9.7E-0*KS(x[:,0], 7.0E-1,6.8E-2,None)+2.4E+0*KG(x[:,0], 3.8E-3,9.1E-3,None)

Genotype:
[389, 0, 593, 697, 237, 500, 969, 150, 69, 41, 230, 48, 659, 22, 389, 504, 170, 559, 884, 230, 350, 38, 68, 439, 833, 755, 931, 71, 883, 528, 82, 280, 649, 484, 257, 220, 950, 819, 433, 394, 561, 426, 601, 946, 643, 342, 341, 304, 897, 225, 39, 706, 449, 28, 553, 976, 888, 349, 784, 40, 135, 711, 237, 316, 323, 588, 149, 327, 26, 29, 800, 776, 686, 362, 221, 819, 133, 592, 590, 529, 898, 106, 262, 27, 668, 399, 744, 232, 165, 496]
Tree:
None

Fitness:
12.375597900525067