Generation:
1000

Phenotype:
+4.1E-8*KP(x[:,0], 7.4E-5,6.8E+6,0)+6.5E-9*KS(x[:,0], 7.2E+3,9.9E-9,None)-7.7E-0*KP(x[:,0], 8.3E-9,6.7E-2,2)

Genotype:
[681, 576, 372, 951, 131, 828, 825, 94, 541, 765, 329, 808, 686, 506, 595, 539, 720, 509, 185, 863, 239, 555, 172, 268, 653, 287, 199, 303, 519, 131, 752, 431, 843, 257, 681, 290, 700, 303, 315, 529, 158, 127, 483, 22, 392, 414, 412, 244, 444, 224, 29, 254, 788, 523, 474, 483, 728, 986, 26, 726, 305, 295, 424, 109, 627, 630, 540, 580, 560, 634, 982, 65, 338, 44, 627, 36, 734, 389, 466, 350, 315, 912, 533, 564, 957, 936, 201, 507, 985, 815]
Tree:
None

Fitness:
2.37977008432186