Generation:
1000

Phenotype:
+9.3E-0*KS(x[:,0], 7.7E-1,9.8E-4,None)-6.4E-7*KP(x[:,0], 5.6E-0,3.8E-0,4)+2.7E+0*KP(x[:,0], 6.2E-3,1.3E+9,0)

Genotype:
[401, 42, 287, 593, 737, 800, 618, 7, 783, 501, 764, 818, 215, 984, 414, 69, 107, 500, 944, 889, 317, 373, 956, 605, 500, 362, 638, 385, 790, 264, 704, 322, 730, 537, 942, 460, 464, 32, 51, 853, 594, 353, 758, 859, 50, 906, 419, 256, 820, 887, 44, 139, 410, 322, 882, 754, 855, 629, 32, 482, 656, 873, 957, 590, 808, 930, 14, 798, 155, 257, 245, 571, 818, 460, 257, 787, 819, 180, 181, 297, 736, 510, 381, 953, 105, 392, 565, 402, 168, 759]
Tree:
None

Fitness:
12.716023294688574