Generation:
1000

Phenotype:
+1.1E+0*KG(x[:,0], 3.2E-0,9.9E-1,None)-8.4E-2*KS(x[:,0], 7.5E+6,1.9E+8,None)

Genotype:
[559, 272, 180, 311, 374, 340, 650, 462, 773, 440, 971, 839, 343, 431, 253, 634, 23, 214, 564, 629, 612, 609, 615, 290, 626, 711, 139, 158, 708, 70, 871, 821, 877, 710, 997, 687, 241, 698, 901, 387, 741, 199, 903, 292, 960, 422, 952, 663, 384, 134, 759, 49, 289, 170, 240, 691, 251, 502, 525, 180, 282, 383, 398, 754, 261, 677, 278, 942, 580, 902, 430, 462, 539, 510, 156, 102, 952, 834, 241, 933, 130, 240, 488, 222, 10, 526, 519, 87, 445, 93]
Tree:
None

Fitness:
0.03157847612081736