Generation:
1000

Phenotype:
+7.6E-6*KG(x[:,0], 8.2E-9,2.3E+4,None)+1.1E-6*KG(x[:,0], 8.0E-3,7.2E-8,None)

Genotype:
[793, 928, 987, 536, 277, 886, 583, 742, 515, 649, 253, 263, 358, 844, 2, 324, 404, 567, 771, 885, 346, 862, 140, 821, 933, 789, 992, 459, 858, 495, 175, 990, 594, 408, 646, 859, 643, 841, 73, 652, 388, 320, 395, 67, 887, 420, 958, 492, 264, 97, 994, 665, 924, 729, 141, 835, 783, 814, 479, 799, 751, 673, 12, 277, 825, 11, 773, 406, 69, 738, 370, 161, 646, 350, 842, 76, 302, 646, 365, 15, 204, 52, 461, 362, 469, 548, 401, 750, 875, 860, 806, 106, 881, 161, 760, 224, 767, 46, 580, 325, 827, 882, 765, 367, 223, 767, 336, 772, 819, 221, 772, 69, 306, 966, 183, 80, 51, 990, 603, 89, 798, 422, 723, 977, 574, 206, 444, 669, 694, 335, 831, 517, 742, 61, 849, 641, 161, 324, 817, 733, 112, 632, 786, 558, 271, 166, 750, 857, 106, 839, 519, 246, 932, 45, 478, 811, 12, 355, 616, 954, 545, 598, 670, 4, 703, 679, 436, 486, 996, 346, 412, 43, 881, 981, 625, 925, 350, 290, 272, 572]
Tree:
None

Fitness:
2.4724292253776827