Generation:
1000

Phenotype:
+7.7E-2*KS(x[:,0], 7.8E+0,6.0E-3,None)-4.2E-4*KP(x[:,0], 7.1E-0,9.4E-4,2)

Genotype:
[737, 170, 177, 777, 165, 702, 969, 968, 242, 170, 482, 670, 645, 183, 300, 242, 965, 813, 732, 575, 34, 546, 411, 187, 420, 836, 294, 261, 904, 802, 905, 655, 446, 419, 40, 297, 991, 517, 189, 796, 730, 434, 446, 725, 330, 218, 680, 350, 653, 472, 661, 682, 627, 981, 268, 765, 916, 95, 721, 989, 685, 426, 648, 488, 559, 700, 801, 531, 714, 346, 283, 825, 76, 740, 43, 71, 500, 934, 103, 487, 911, 680, 283, 790, 167, 567, 621, 202, 702, 987, 206, 627, 198, 860, 481, 940, 668, 288, 469, 420, 698, 957, 402, 15, 416, 217, 397, 688, 230, 837, 57, 211]
Tree:
None

Fitness:
2.0797930032838945