Generation:
1000

Phenotype:
+8.5E+0*KS(x[:,0], 4.6E-1,7.9E-3,None)+7.0E+0*KG(x[:,0], 2.9E-1,1.9E-0,None)

Genotype:
[485, 452, 754, 835, 788, 510, 381, 196, 121, 291, 168, 229, 855, 53, 10, 912, 430, 411, 440, 640, 330, 784, 69, 719, 211, 45, 409, 603, 180, 44, 388, 213, 73, 551, 612, 885, 43, 317, 899, 222, 319, 159, 687, 573, 247, 162, 389, 877, 8, 597, 98, 641, 936, 964, 727, 463, 981, 278, 629, 150, 419, 989, 467, 785, 86, 422, 679, 758, 523, 804, 204, 447, 469, 821, 243, 359, 849, 192, 288, 954, 825, 386, 579, 386, 638, 251, 835, 423, 296, 727]
Tree:
None

Fitness:
10.863513986995551