Generation:
1000

Phenotype:
+9.9E-1*KG(x[:,0], 4.0E-0,9.9E-1,None)

Genotype:
[828, 206, 440, 189, 43, 981, 363, 350, 861, 360, 845, 69, 219, 771, 613, 672, 210, 174, 710, 148, 293, 992, 885, 62, 223, 347, 61, 314, 739, 353, 103, 123, 528, 123, 660, 154, 498, 716, 245, 785, 92, 516, 695, 638, 776, 933, 680, 171, 525, 861, 872, 313, 770, 755, 268, 111, 475, 946, 538, 531, 665, 452, 462, 815, 753, 396, 690, 51, 697, 873, 185, 659, 8, 873, 641, 214, 607, 714, 271, 455, 54, 765, 453, 349, 970, 325, 780, 551, 464, 494]
Tree:
None

Fitness:
0.32430525933371085