Generation:
1000

Phenotype:
+9.9E-1*KG(x[:,0], 3.0E+0,9.8E-1,None)-5.5E-2*KG(x[:,0], 6.7E-6,5.5E-5,None)-9.9E-2*KG(x[:,0], 6.9E+0,1.0E-6,None)

Genotype:
[397, 248, 134, 809, 27, 761, 20, 540, 796, 460, 836, 598, 745, 151, 396, 991, 707, 877, 305, 939, 932, 923, 837, 843, 676, 121, 865, 365, 875, 641, 264, 215, 125, 979, 721, 502, 815, 59, 636, 80, 927, 220, 645, 626, 423, 348, 443, 533, 962, 287, 255, 827, 830, 85, 167, 112, 154, 848, 711, 116, 572, 532, 963, 582, 69, 447, 306, 693, 647, 788, 427, 244, 374, 313, 754, 301, 968, 176, 52, 803, 788, 108, 447, 830, 744, 813, 634, 776, 463, 48]
Tree:
None

Fitness:
0.034481173935184004