Generation:
1000

Phenotype:
+5.2E-2*KS(x[:,0], 8.0E+5,6.3E-7,None)-4.4E+6*KS(x[:,0], 6.9E-9,5.7E-9,None)+7.4E-3*KS(x[:,0], 5.9E-1,6.9E+5,None)

Genotype:
[587, 326, 184, 272, 91, 162, 493, 690, 88, 65, 824, 663, 383, 827, 537, 983, 529, 678, 984, 978, 666, 329, 369, 969, 889, 976, 717, 809, 759, 817, 478, 148, 420, 74, 325, 103, 292, 319, 859, 431, 464, 109, 976, 405, 938, 576, 958, 528, 329, 74, 593, 703, 207, 442, 794, 107, 624, 178, 990, 211, 372, 684, 505, 119, 184, 452, 19, 883, 425, 276, 875, 528, 810, 124, 756, 809, 474, 45, 238, 411, 678, 413, 609, 6, 491, 395, 627, 11, 471, 21]
Tree:
None

Fitness:
2.236656414019487