Generation:
1000

Phenotype:
+3.9E-4*KS(x[:,0], 3.7E-8,9.7E+1,None)-9.5E-7*KP(x[:,0], 5.6E+3,1.7E-6,1)

Genotype:
[371, 52, 425, 939, 105, 244, 704, 957, 861, 938, 341, 617, 754, 11, 719, 710, 321, 719, 555, 723, 77, 67, 936, 656, 663, 108, 607, 845, 376, 76, 980, 664, 561, 23, 309, 280, 55, 340, 32, 928, 724, 772, 570, 962, 936, 792, 166, 34, 447, 175, 912, 968, 251, 184, 308, 879, 747, 773, 790, 723, 882, 892, 430, 325, 816, 971, 423, 288, 880, 879, 129, 856, 528, 812, 465, 734, 395, 268, 467, 46, 66, 820, 698, 149, 327, 614, 951, 771, 419, 659]
Tree:
None

Fitness:
2.459672243890727