Generation:
1000

Phenotype:
+9.9E-1*KG(x[:,0], 3.1E+0,9.9E-1,None)-7.5E-5*KP(x[:,0], 1.0E-9,9.3E+0,3)

Genotype:
[289, 488, 899, 459, 869, 801, 560, 981, 252, 340, 404, 29, 443, 711, 15, 632, 861, 618, 675, 117, 675, 918, 400, 459, 749, 755, 373, 980, 750, 648, 245, 560, 908, 209, 820, 190, 405, 516, 481, 100, 267, 10, 71, 737, 588, 742, 9, 668, 158, 646, 947, 983, 445, 365, 687, 757, 163, 405, 586, 538, 573, 334, 516, 983, 954, 191, 649, 628, 47, 619, 794, 235, 313, 569, 909, 263, 499, 103, 998, 615, 456, 663, 310, 570, 685, 710, 821, 810, 816, 881, 77, 204, 530, 358, 763, 211, 736, 140, 183, 810, 54, 545, 336, 329, 165, 957, 358, 450, 882, 668, 888, 304]
Tree:
None

Fitness:
0.04759472462560636