Generation:
1000

Phenotype:
+1.2E+1*KS(x[:,0], 5.0E-1,3.0E-1,None)

Genotype:
[874, 156, 540, 382, 312, 781, 58, 440, 885, 71, 47, 960, 367, 211, 594, 746, 419, 857, 361, 658, 496, 457, 422, 716, 755, 563, 199, 163, 272, 34, 201, 833, 703, 351, 949, 489, 85, 999, 426, 377, 402, 574, 853, 326, 908, 557, 320, 647, 591, 308, 239, 652, 585, 877, 940, 302, 800, 245, 267, 77, 598, 154, 587, 832, 280, 231, 457, 762, 999, 252, 882, 132, 692, 729, 340, 583, 964, 482, 957, 785, 389, 199, 432, 187, 574, 595, 154, 783, 707, 551]
Tree:
None

Fitness:
13.212228486581271