Generation:
1000

Phenotype:
+9.9E-1*KG(x[:,0], 2.9E+0,9.9E-1,None)-6.6E-2*KG(x[:,0], 6.7E-3,1.3E-9,None)

Genotype:
[331, 374, 44, 19, 773, 91, 325, 809, 252, 850, 170, 549, 239, 281, 565, 288, 933, 239, 506, 383, 732, 410, 747, 29, 443, 513, 903, 195, 419, 213, 70, 6, 7, 916, 724, 333, 560, 127, 57, 205, 202, 307, 353, 860, 464, 945, 190, 921, 358, 852, 556, 712, 61, 361, 599, 212, 987, 279, 161, 516, 569, 970, 246, 340, 622, 614, 702, 69, 277, 677, 354, 703, 517, 11, 95, 464, 754, 12, 42, 165, 148, 259, 449, 834, 10, 834, 157, 301, 762, 341]
Tree:
None

Fitness:
0.048093073119874825