Generation:
1000

Phenotype:
+9.9E+0*KS(x[:,0], 1.1E-0,1.0E-0,None)-4.1E-0*KG(x[:,0], 1.0E+0,1.9E-1,None)

Genotype:
[809, 808, 395, 979, 630, 450, 729, 591, 563, 470, 873, 280, 487, 420, 339, 36, 479, 525, 921, 153, 710, 954, 530, 862, 860, 630, 659, 681, 861, 199, 23, 82, 834, 750, 718, 249, 474, 116, 985, 349, 524, 595, 591, 670, 336, 371, 169, 584, 853, 514, 714, 556, 421, 682, 275, 480, 749, 654, 900, 234, 683, 301, 156, 479, 86, 1, 421, 28, 534, 387, 781, 451, 556, 127, 870, 454, 810, 301, 480, 424, 722, 390, 442, 436, 868, 805, 191, 245, 817, 663]
Tree:
None

Fitness:
17.295836246948568