Generation:
1000

Phenotype:
+8.1E-1*KG(x[:,0], 3.9E+0,1.0E+0,None)

Genotype:
[684, 176, 376, 581, 807, 841, 551, 79, 174, 920, 882, 390, 34, 590, 461, 428, 503, 781, 61, 403, 781, 27, 525, 159, 501, 713, 683, 921, 902, 257, 327, 520, 373, 754, 488, 850, 994, 383, 180, 351, 766, 938, 233, 289, 854, 437, 126, 305, 592, 910, 405, 535, 635, 921, 41, 658, 556, 122, 479, 806, 863, 361, 677, 666, 599, 301, 757, 206, 868, 187, 827, 352, 781, 875, 341, 255, 937, 774, 842, 431, 549, 28, 913, 834, 456, 252, 999, 460, 949, 12]
Tree:
None

Fitness:
0.7791863311946118