Generation:
1000

Phenotype:
+2.3E+0*KS(x[:,0], 7.0E+0,5.0E+2,None)+9.7E-0*KS(x[:,0], 6.9E-1,8.8E-2,None)

Genotype:
[347, 892, 127, 293, 100, 150, 42, 770, 814, 990, 823, 690, 970, 372, 642, 856, 600, 53, 907, 695, 960, 95, 799, 723, 261, 34, 678, 343, 292, 212, 229, 62, 509, 801, 170, 714, 896, 270, 70, 877, 337, 368, 25, 110, 681, 567, 786, 635, 342, 534, 530, 720, 360, 536, 902, 130, 835, 256, 17, 120, 832, 720, 262, 513, 426, 344, 626, 561, 59, 294, 394, 455, 125, 688, 954, 770, 866, 541, 942, 884, 478, 957, 452, 977, 286, 655, 491, 939, 190, 778, 554, 372, 832, 568, 399, 169, 832, 925, 231, 61, 468, 719, 19, 206, 370, 165, 343, 604, 747, 454, 605, 101, 631, 556, 346, 174, 966, 54, 81, 936, 613, 167, 293, 9, 32, 517, 72, 463, 393, 884, 422, 86, 432, 267, 251, 985, 470, 860, 406, 215, 111, 157, 771, 350, 331, 122, 907, 928, 976, 975, 190, 352, 193, 733, 10, 502, 410, 17, 452, 155, 400, 805, 523, 808, 929, 798, 570, 114, 980, 737, 616, 416, 841, 59, 287, 518, 842, 916, 348, 694]
Tree:
None

Fitness:
12.422180551205804