Generation:
1000

Phenotype:
+2.4E-0*KP(x[:,0], 7.8E-2,2.6E-2,0)-8.1E-3*KG(x[:,0], 8.2E-5,7.4E-4,None)+9.8E+0*KS(x[:,0], 6.5E-1,7.1E-2,None)

Genotype:
[81, 522, 622, 724, 569, 490, 267, 388, 667, 492, 73, 666, 897, 572, 135, 589, 25, 655, 831, 81, 823, 916, 802, 107, 685, 573, 714, 245, 444, 652, 304, 512, 836, 348, 854, 830, 149, 85, 331, 141, 483, 751, 575, 812, 933, 600, 100, 148, 123, 437, 262, 496, 390, 447, 200, 705, 753, 170, 971, 425, 234, 306, 240, 590, 680, 349, 142]
Tree:
None

Fitness:
12.72481058065577