Generation:
1000

Phenotype:
-6.4E-4*KG(x[:,0], 4.6E-2,3.2E+0,None)-4.3E-2*KP(x[:,0], 3.3E-4,3.9E-6,0)

Genotype:
[589, 569, 563, 664, 959, 934, 210, 216, 791, 382, 56, 372, 380, 210, 494, 788, 247, 462, 553, 119, 462, 155, 53, 993, 464, 119, 689, 305, 626, 875, 469, 15, 8, 931, 856, 798, 887, 210, 934, 863, 405, 410, 17, 892, 128, 718, 386, 456, 374, 664, 91, 271, 379, 263, 958, 527, 13, 240, 106, 354, 124, 508, 88, 622, 853, 515, 724, 678, 603, 106, 552, 950, 607, 7, 206, 379, 938, 526, 647, 121, 378, 484, 965, 386, 111, 783, 167, 594, 803, 537, 320, 811, 835, 694, 250, 345, 520, 163, 842, 58, 10, 937, 509, 986, 639, 502, 880, 741, 338, 121, 423, 798]
Tree:
None

Fitness:
2.4101653308800457