Generation:
1000

Phenotype:
+9.8E-0*KS(x[:,0], 8.1E+1,1.8E-7,None)+2.3E+0*KG(x[:,0], 8.7E-4,3.8E+1,None)

Genotype:
[983, 982, 440, 948, 927, 490, 34, 321, 314, 221, 999, 398, 227, 107, 547, 444, 270, 622, 563, 524, 920, 844, 457, 189, 664, 911, 868, 176, 841, 387, 515, 502, 614, 905, 260, 925, 272, 864, 134, 624, 777, 73, 849, 819, 128, 995, 712, 45, 633, 226, 195, 23, 128, 559, 52, 894, 683, 725, 227, 500, 120, 553, 497, 949, 185, 440, 464, 302, 206, 160, 566, 951, 564, 74, 760, 500, 399, 770, 389, 883, 757, 327, 929, 754, 216, 460, 269, 260, 473, 205]
Tree:
None

Fitness:
42.23438579074233