Generation:
1000

Phenotype:
-2.3E-3*KS(x[:,0], 3.8E-8,3.4E+5,None)-4.2E-2*KG(x[:,0], 6.4E+0,1.9E-2,None)

Genotype:
[935, 633, 91, 943, 301, 363, 218, 798, 175, 678, 587, 774, 52, 605, 57, 462, 323, 363, 62, 499, 262, 203, 624, 642, 960, 360, 959, 507, 352, 212, 412, 653, 750, 210, 996, 805, 146, 780, 649, 789, 213, 78, 937, 817, 414, 231, 949, 437, 828, 66, 730, 562, 239, 177, 671, 32, 912, 621, 54, 578, 789, 682, 955, 425, 897, 232, 807, 210, 267, 877, 862, 90, 142, 340, 229, 499, 200, 170, 2, 393, 663, 455, 721, 807, 479, 11, 44, 874, 814, 470, 828, 683, 600, 546, 814, 872, 316, 93, 210, 622, 485, 130, 699, 148, 547, 74, 86, 163, 0, 424, 887, 674, 62, 986, 513, 753, 250, 470, 796, 496, 193, 964, 404, 691, 430, 80, 273, 730, 195, 315, 26, 163, 298, 879, 303, 341, 785, 962, 28, 566, 134, 119, 213, 778, 451, 32, 790, 83, 872, 533, 362, 948, 898, 212, 897, 89, 912]
Tree:
None

Fitness:
2.3648502481708626