Generation:
1000

Phenotype:
+9.9E-1*KG(x[:,0], 3.0E-0,9.9E-1,None)-5.8E-2*KG(x[:,0], 3.0E-6,2.3E-8,None)

Genotype:
[793, 452, 971, 499, 41, 361, 452, 770, 177, 250, 575, 269, 289, 51, 965, 630, 999, 193, 918, 417, 962, 335, 690, 521, 716, 37, 693, 431, 128, 726, 67, 224, 742, 336, 840, 73, 450, 629, 979, 978, 195, 704, 700, 72, 439, 736, 686, 951, 375, 939, 795, 514, 103, 920, 52, 168, 205, 72, 313, 126, 501, 560, 135, 286, 335, 230, 883, 219, 862, 570, 121, 5, 481, 430, 117, 790, 87, 727, 128, 623, 451, 793, 937, 422, 358, 749, 941, 942, 838, 797]
Tree:
None

Fitness:
0.047913758895834185