Generation:
1000

Phenotype:
+6.6E-8*KP(x[:,0], 6.0E+4,1.2E-8,1)+9.2E-6*KP(x[:,0], 9.0E-6,9.0E-0,1)+5.5E+0*KS(x[:,0], 7.6E+7,8.0E-7,None)

Genotype:
[609, 342, 374, 136, 323, 328, 635, 140, 988, 34, 342, 2, 207, 118, 991, 375, 496, 269, 582, 411, 666, 638, 490, 271, 216, 548, 110, 7, 290, 216, 46, 390, 994, 415, 760, 920, 834, 726, 768, 717, 304, 280, 545, 337, 579, 662, 941, 317, 311, 220, 531, 97, 372, 888, 772, 851, 193, 143, 491, 144, 897, 512, 533, 623, 722, 26, 404]
Tree:
None

Fitness:
46.53549345855181