Generation:
1000

Phenotype:
+5.0E-2*KS(x[:,0], 6.8E+1,1.0E-9,None)

Genotype:
[976, 774, 913, 240, 681, 682, 437, 448, 778, 781, 882, 370, 151, 579, 19, 331, 273, 299, 491, 447, 687, 140, 36, 125, 986, 220, 394, 637, 803, 929, 976, 903, 950, 768, 532, 401, 105, 416, 132, 24, 763, 525, 24, 551, 792, 188, 85, 367, 925, 775, 894, 989, 789, 265, 14, 620, 487, 77, 681, 557, 610, 805, 410, 133, 589, 713, 732, 944, 457, 296, 840, 102, 456, 603, 321, 807, 678, 565, 690, 415, 402, 443, 707, 257, 447, 846, 139, 493, 410, 546]
Tree:
None

Fitness:
2.2868615606190232