Generation:
1000

Phenotype:
-4.6E+2*KS(x[:,0], 5.9E-6,3.5E-2,None)+4.0E-1*KP(x[:,0], 6.9E-3,7.5E-0,2)-5.5E-6*KG(x[:,0], 6.2E-7,8.3E+0,None)

Genotype:
[545, 119, 66, 76, 406, 262, 832, 469, 851, 446, 443, 765, 407, 152, 456, 87, 122, 624, 590, 245, 461, 284, 609, 275, 943, 150, 935, 895, 350, 902, 60, 995, 895, 145, 903, 296, 113, 992, 515, 697, 880, 803, 506, 450, 748, 11, 98, 387, 602, 481, 449, 562, 689, 384, 208, 104, 967, 16, 530, 213, 641, 372, 240, 704, 475, 165, 656, 872, 405, 669, 252, 250, 625, 440, 955, 941, 322, 410, 996, 219, 24, 479, 660, 170, 496, 210, 295, 473, 17, 470, 11, 452, 260, 677, 331, 875, 101, 411, 559, 18, 692, 998, 828, 481, 205, 521, 557, 583, 957, 927, 192, 383, 322, 18, 485, 253, 822, 723, 903, 995, 896, 738, 761, 389, 711, 10, 890, 25, 287, 151, 691, 881, 928, 833, 77, 782, 486, 993, 109, 269, 632, 467, 737, 702, 150, 518, 610, 120, 484, 641, 355, 685, 292, 996, 355, 503, 805]
Tree:
None

Fitness:
59.30202006916224