Generation:
1000

Phenotype:
+9.7E-0*KS(x[:,0], 6.9E-1,6.5E-2,None)+2.4E-0*KG(x[:,0], 9.0E-3,1.0E-7,None)

Genotype:
[695, 552, 755, 107, 523, 10, 680, 529, 37, 271, 491, 855, 377, 942, 175, 432, 626, 19, 494, 973, 310, 485, 710, 395, 743, 216, 440, 729, 17, 749, 893, 730, 549, 713, 643, 93, 397, 207, 378, 535, 261, 231, 276, 248, 858, 869, 828, 533, 561, 625, 621, 559, 413, 268, 748, 808, 874, 639, 554, 643, 172, 331, 879, 553, 542, 549, 215, 458, 36, 186, 438, 905, 577, 852, 118, 6, 55, 642, 899, 1, 161, 173, 253, 691, 889, 864, 604, 906, 636, 977, 143, 404, 553, 859, 272, 436, 645, 599, 506, 10, 817, 638, 424, 455, 513, 585, 109, 711, 221, 452, 64, 717]
Tree:
None

Fitness:
12.308989943782663