Generation:
1000

Phenotype:
+2.6E-0*KS(x[:,0], 1.9E-1,1.9E-0,None)+8.9E+0*KS(x[:,0], 8.3E-1,6.8E-2,None)

Genotype:
[407, 336, 433, 16, 473, 100, 234, 789, 861, 371, 882, 859, 129, 990, 61, 982, 740, 889, 509, 574, 290, 142, 853, 319, 991, 500, 618, 307, 992, 124, 367, 782, 51, 206, 775, 548, 817, 818, 55, 364, 15, 173, 411, 905, 757, 657, 717, 622, 433, 588, 635, 379, 544, 900, 84, 840, 829, 428, 4, 884, 64, 591, 448, 653, 402, 226, 951, 628, 317, 659, 541, 486, 124, 771, 640, 586, 764, 707, 703, 253, 496, 699, 375, 721, 751, 291, 83, 972, 306, 306]
Tree:
None

Fitness:
12.900299498994176