Generation:
1000

Phenotype:
+5.6E-0*KS(x[:,0], 1.3E+9,1.2E+8,None)

Genotype:
[22, 692, 409, 586, 789, 860, 198, 753, 854, 419, 90, 752, 620, 878, 14, 649, 41, 860, 965, 834, 665, 856, 344, 352, 321, 601, 794, 272, 321, 348, 587, 447, 796, 258, 521, 202, 257, 984, 485, 668, 58, 732, 656, 315, 560, 278, 911, 752, 906, 653, 941, 831, 509, 370, 576, 852, 676, 932, 208, 75, 74, 681, 6, 283, 154, 633, 538, 280, 489, 760, 731, 675, 32, 382, 379, 143, 866, 0, 644, 316, 822, 161, 429, 344, 51, 257, 926, 842, 172, 423, 609, 636, 566, 849, 15, 561, 407, 356, 405, 905, 204, 20, 268, 934, 539, 994, 231, 864, 4, 131, 100, 782, 886, 332, 173, 946, 310, 540, 509, 245, 387, 12, 413, 922, 182, 828, 281, 639, 491, 97, 312, 874, 142, 979, 363]
Tree:
None

Fitness:
45.99540154612644