Generation:
1000

Phenotype:
+7.5E-0*KG(x[:,0], 5.3E-6,8.5E-2,None)+8.1E-9*KS(x[:,0], 1.7E-6,7.9E+4,None)+4.5E-6*KS(x[:,0], 9.1E-0,5.6E-7,None)

Genotype:
[133, 662, 492, 625, 665, 500, 166, 523, 695, 666, 988, 245, 285, 432, 361, 647, 980, 574, 871, 155, 719, 873, 457, 377, 606, 609, 869, 690, 654, 702, 928, 174, 273, 445, 551, 36, 449, 891, 445, 530, 715, 376, 201, 357, 116, 797, 663, 935, 325, 954, 874, 334, 223, 141, 549, 624, 597, 115, 338, 319, 825, 158, 948, 849, 13, 136, 821, 694, 824, 84, 537, 531, 929, 469, 742, 560, 936, 107, 592, 671, 314, 494, 857, 772, 888, 948, 967, 408, 783, 762, 128, 596, 244, 491, 532, 234, 767, 186, 903, 215, 735, 367, 905, 954, 236, 33, 743, 854, 142, 414, 319, 647, 62, 879, 220, 998, 391, 62, 665, 976, 956, 899, 20, 395, 928, 319, 285, 758, 183, 607, 478, 345, 276, 616, 842, 388, 68, 317, 413, 629, 500, 465, 929, 718, 432, 454, 706, 625, 493, 465, 526, 163, 236, 279, 777, 708, 311, 107, 313, 359, 1, 956, 985, 729, 494, 465, 656, 134, 67, 525, 281, 945, 326, 280, 111, 152, 223, 755, 695, 90]
Tree:
None

Fitness:
59.845008913971085