Generation:
1000

Phenotype:
-3.3E+2*KS(x[:,0], 8.9E-8,7.7E-7,None)+2.0E-7*KS(x[:,0], 8.7E+5,3.9E+2,None)+3.9E-0*KS(x[:,0], 5.9E+2,5.4E-1,None)+7.6E+0*KS(x[:,0], 6.6E-7,3.5E+9,None)

Genotype:
[755, 235, 713, 803, 598, 832, 349, 999, 213, 8, 519, 527, 819, 867, 370, 263, 978, 343, 560, 229, 947, 853, 957, 520, 185, 20, 479, 260, 102, 754, 863, 900, 254, 809, 977, 810, 373, 519, 416, 162, 589, 244, 415, 301, 108, 256, 978, 519, 616, 602, 190, 923, 286, 451, 707, 659, 385, 248, 199, 772, 140, 514, 118, 506, 858, 262, 23, 631, 184, 34, 420, 146, 702, 809, 757, 811, 354, 276, 480, 4, 227, 127, 464, 813, 740, 751, 778, 400, 76, 784, 240, 736, 819, 969, 504, 188, 248, 931, 874, 335, 94, 246, 515, 360, 103, 620, 266, 789, 823, 40, 221, 969]
Tree:
None

Fitness:
38.83096498920412