Generation:
1000

Phenotype:
+1.9E-2*KS(x[:,0], 2.2E+5,1.5E-5,None)+6.3E-1*KS(x[:,0], 5.6E-3,9.4E+9,None)-4.3E-2*KS(x[:,0], 9.6E+3,2.8E+0,None)

Genotype:
[527, 876, 972, 989, 143, 82, 802, 402, 376, 155, 351, 605, 433, 675, 488, 329, 112, 248, 563, 221, 951, 148, 946, 539, 523, 413, 64, 798, 899, 974, 202, 721, 615, 3, 189, 892, 170, 886, 24, 203, 955, 718, 866, 180, 99, 980, 367, 912, 807, 242, 430, 894, 634, 160, 579, 670, 725, 998, 837, 827, 659, 569, 242, 875, 177, 882, 795, 334, 760, 724, 742, 119, 116, 788, 98, 329, 279, 531, 867, 1000, 950, 231, 844, 270, 342, 805, 518, 324, 124, 891]
Tree:
None

Fitness:
78.84938415812096