Generation:
1000

Phenotype:
+9.8E-1*KG(x[:,0], 3.7E+0,9.9E-1,None)-9.6E-7*KP(x[:,0], 6.3E+4,2.4E-1,1)+1.1E-5*KS(x[:,0], 8.7E+5,8.9E-1,None)+9.0E-2*KS(x[:,0], 5.5E-0,6.0E-5,None)

Genotype:
[697, 964, 593, 728, 407, 201, 722, 717, 356, 880, 476, 969, 155, 341, 670, 843, 933, 8, 916, 455, 597, 788, 873, 78, 864, 298, 754, 317, 11, 231, 839, 528, 387, 291, 283, 595, 502, 867, 304, 345, 637, 499, 695, 661, 628, 160, 220, 665, 1000, 555, 442, 517, 535, 697, 610, 707, 310, 573, 795, 473, 34, 425, 449, 957, 667, 449, 14]
Tree:
None

Fitness:
0.13342483133056746