Generation:
1000

Phenotype:
+1.2E+0*KG(x[:,0], 3.6E-0,1.0E-0,None)+2.8E-8*KG(x[:,0], 1.1E-5,5.1E-5,None)-9.2E-2*KS(x[:,0], 2.7E+3,6.8E+7,None)

Genotype:
[637, 962, 117, 372, 374, 890, 866, 616, 249, 600, 738, 980, 907, 870, 490, 49, 236, 289, 238, 957, 258, 396, 381, 923, 725, 688, 571, 67, 695, 697, 616, 561, 719, 112, 579, 272, 658, 817, 192, 573, 563, 548, 940, 597, 236, 908, 463, 283, 417, 703, 956, 719, 754, 358, 5, 325, 215, 790, 69, 245, 611, 442, 133, 256, 457, 951, 731]
Tree:
None

Fitness:
0.06300676151901924