Generation:
1000

Phenotype:
+9.9E-1*KG(x[:,0], 3.1E-0,1.0E+0,None)-4.9E-2*KP(x[:,0], 6.0E-1,8.2E+7,0)

Genotype:
[613, 688, 395, 449, 677, 831, 497, 511, 195, 560, 18, 10, 236, 530, 437, 776, 995, 642, 29, 129, 932, 572, 690, 567, 411, 106, 512, 330, 207, 135, 39, 237, 400, 548, 314, 150, 218, 660, 190, 114, 474, 103, 585, 597, 282, 929, 99, 602, 62, 970, 684, 129, 460, 976, 83, 339, 131, 724, 782, 846, 954, 372, 654, 677, 887, 994, 802, 218, 9, 353, 408, 936, 490, 437, 898, 972, 822, 119, 456, 623, 969, 858, 163, 148, 240, 199, 367, 232, 993, 561, 42, 761, 162, 257, 210, 86, 383, 129, 749, 996, 356, 314, 899, 347, 570, 409, 11, 681, 735, 326, 820, 140, 792, 17, 700, 331, 331, 36, 361, 553, 422, 982, 299, 888, 296, 867, 119, 993, 957, 10, 950, 402, 949, 108, 394]
Tree:
None

Fitness:
0.04730053476186799