Generation:
1000

Phenotype:
+9.9E-1*KG(x[:,0], 3.1E+0,9.9E-1,None)-5.9E-2*KS(x[:,0], 1.7E-0,2.2E+0,None)

Genotype:
[637, 308, 674, 389, 899, 121, 218, 661, 320, 280, 53, 959, 309, 471, 683, 610, 861, 409, 439, 505, 572, 576, 687, 385, 760, 289, 422, 406, 340, 535, 730, 655, 143, 22, 461, 647, 763, 520, 468, 175, 430, 594, 118, 720, 505, 256, 807, 456, 338, 525, 672, 749, 563, 425, 797, 336, 755, 244, 662, 153, 580, 374, 500, 834, 392, 455, 989, 961, 864, 819, 632, 105, 880, 535, 3, 296, 442, 266, 716, 257, 716, 335, 197, 239, 450, 377, 614, 51, 201, 176]
Tree:
None

Fitness:
0.04652963915765673