Generation:
1000

Phenotype:
+5.2E-2*KS(x[:,0], 6.0E+2,6.2E-3,None)+1.6E-9*KP(x[:,0], 5.0E-1,7.7E+4,1)+9.6E-5*KS(x[:,0], 2.7E-6,4.5E+9,None)

Genotype:
[263, 974, 139, 252, 857, 342, 698, 860, 604, 692, 23, 242, 23, 313, 479, 339, 590, 711, 366, 895, 489, 661, 910, 153, 201, 618, 67, 46, 744, 516, 976, 190, 602, 666, 607, 425, 55, 377, 849, 716, 534, 735, 710, 729, 255, 66, 917, 785, 662, 491, 105, 540, 283, 16, 0, 618, 167, 817, 307, 913, 136, 710, 815, 903, 328, 105, 759, 317, 838, 168, 191, 429, 365, 433, 97, 812, 456, 782, 883, 657, 371, 945, 677, 231, 773, 638, 783, 612, 882, 505]
Tree:
None

Fitness:
2.350635773481876