Generation:
1000

Phenotype:
-1.0E+0*KS(x[:,0], 5.6E+3,1.5E-8,None)+3.0E-0*KP(x[:,0], 5.8E-4,9.3E-1,3)+9.9E-0*KS(x[:,0], 8.7E-1,9.2E-2,None)

Genotype:
[731, 687, 144, 580, 586, 320, 742, 466, 160, 63, 657, 195, 651, 768, 162, 573, 390, 38, 40, 701, 910, 40, 798, 235, 654, 881, 993, 231, 721, 398, 520, 198, 377, 809, 265, 950, 187, 477, 397, 861, 269, 372, 369, 822, 666, 384, 783, 224, 69, 664, 510, 189, 695, 551, 222, 42, 152, 401, 441, 428, 353, 683, 838, 165, 49, 497, 138, 795, 292, 211, 888, 655, 901, 304, 284, 685, 682, 318, 465, 416, 32, 302, 975, 775, 598, 895, 988, 846, 931, 265, 27, 99, 943, 157, 815, 565, 285, 468, 101, 562, 863, 936, 256, 222, 48, 63, 519, 496, 165, 655, 236, 679, 165, 948, 869, 130, 115, 938, 388, 842, 550, 620, 763, 682, 550, 981, 832, 5, 591, 485, 166, 873, 230, 770, 272, 767, 171, 292, 240, 778, 979, 153, 372, 768, 267, 264, 266, 338, 116, 90, 50, 34, 69, 762, 177, 189, 191, 374, 800, 643, 159, 76, 462, 863, 669, 697, 669, 131, 468, 116, 747, 130, 503, 4, 800, 137, 702, 133, 344, 742]
Tree:
None

Fitness:
12.041992987509138