Generation:
1000

Phenotype:
+9.9E-1*KG(x[:,0], 3.1E-0,9.9E-1,None)-7.6E-9*KP(x[:,0], 2.5E-9,8.0E+6,1)

Genotype:
[295, 48, 980, 829, 503, 851, 542, 811, 877, 430, 737, 879, 847, 101, 687, 506, 721, 663, 926, 275, 109, 856, 395, 241, 269, 340, 940, 84, 356, 261, 760, 25, 227, 281, 288, 850, 923, 511, 80, 9, 377, 771, 519, 884, 466, 905, 111, 434, 533, 735, 434, 323, 175, 326, 508, 66, 580, 306, 122, 853, 444, 848, 175, 879, 772, 723, 420, 859, 744, 162, 543, 282, 840, 633, 175, 973, 525, 366, 848, 757, 661, 449, 468, 430, 900, 676, 457, 974, 531, 314, 623, 380, 271, 610, 465, 887, 391, 822, 94, 601, 548, 386, 846, 504, 980, 30, 843, 981, 13, 800, 988, 627]
Tree:
None

Fitness:
0.0475894881450932