Generation:
1000

Phenotype:
+9.9E-0*KS(x[:,0], 7.0E-1,2.0E-8,None)+3.3E+0*KG(x[:,0], 4.7E-2,8.5E-2,None)

Genotype:
[689, 266, 314, 519, 153, 240, 24, 720, 885, 541, 109, 660, 851, 818, 169, 60, 84, 263, 13, 472, 570, 543, 27, 25, 322, 781, 645, 975, 282, 311, 396, 741, 455, 368, 956, 78, 136, 730, 967, 435, 163, 846, 203, 368, 486, 446, 921, 318, 237, 352, 796, 868, 158, 903, 473, 976, 934, 678, 13, 589, 838, 220, 564, 588, 27, 473, 873, 831, 525, 140, 669, 328, 248, 632, 631, 729, 803, 229, 688, 127, 518, 172, 458, 495, 53, 147, 718, 275, 411, 368]
Tree:
None

Fitness:
12.057418082288939