Generation:
1000

Phenotype:
+9.4E+0*KS(x[:,0], 7.4E-1,7.3E-2,None)-7.4E-0*KS(x[:,0], 8.7E-0,4.0E+1,None)+9.8E+0*KS(x[:,0], 5.0E-3,2.5E+9,None)

Genotype:
[293, 344, 359, 574, 450, 530, 348, 314, 387, 951, 303, 113, 255, 912, 927, 521, 625, 690, 644, 371, 800, 439, 727, 285, 780, 525, 270, 606, 841, 443, 46, 118, 188, 878, 562, 670, 751, 720, 433, 243, 325, 75, 782, 609, 994, 691, 108, 507, 89, 664, 542, 15, 87, 806, 876, 990, 331, 58, 930, 643, 722, 489, 695, 286, 49, 759, 251, 291, 563, 244, 697, 570, 382, 283, 692, 352, 942, 424, 351, 48, 834, 265, 811, 37, 454, 792, 362, 762, 798, 756, 388, 101, 543, 132, 107, 971, 130, 651, 190, 551, 505, 933, 197, 317, 192, 413, 822, 239, 251, 194, 940, 727]
Tree:
None

Fitness:
12.491052175846797