Generation:
1000

Phenotype:
+1.1E-0*KP(x[:,0], 2.7E+0,9.9E-3,1)+9.3E-0*KG(x[:,0], 9.9E-1,1.9E-0,None)

Genotype:
[831, 550, 207, 221, 115, 130, 379, 137, 414, 120, 260, 609, 413, 343, 191, 240, 490, 575, 63, 901, 220, 458, 29, 229, 61, 765, 219, 565, 600, 212, 394, 291, 115, 373, 214, 736, 856, 454, 171, 741, 308, 610, 522, 903, 731, 154, 709, 119, 309, 651, 909, 929, 57, 863, 179, 272, 892, 310, 973, 360, 899, 246, 72, 649, 822, 4, 802, 622, 70, 342, 42, 960, 670, 671, 467, 291, 209, 987, 783, 880, 263, 784, 915, 292, 153, 923, 995, 35, 354, 722, 190, 485, 973, 14, 993, 592, 595, 106, 890, 621, 240, 256, 483, 525, 360, 118, 567, 581, 265, 298, 595, 313, 430, 606, 510, 521, 235, 429, 80, 395, 448, 590, 151, 778, 553, 512, 148, 283, 523, 604, 40, 410, 978, 103, 499]
Tree:
None

Fitness:
9.89210344291058