Generation:
1000

Phenotype:
+9.6E-0*KS(x[:,0], 7.1E-1,1.2E-1,None)+2.2E-0*KG(x[:,0], 9.9E-4,9.9E-2,None)

Genotype:
[119, 408, 323, 406, 843, 810, 582, 471, 131, 81, 261, 562, 751, 121, 535, 522, 346, 316, 502, 117, 870, 350, 99, 267, 694, 26, 199, 227, 162, 318, 825, 395, 511, 380, 596, 798, 900, 507, 67, 461, 217, 212, 851, 304, 215, 206, 794, 212, 44, 265, 781, 411, 664, 22, 4, 285, 359, 411, 451, 154, 459, 296, 326, 489, 577, 887, 383, 740, 606, 63, 927, 872, 470, 309, 926, 477, 764, 370, 400, 819, 128, 358, 708, 993, 973, 462, 77, 195, 544, 802, 414, 82, 736, 976, 558, 206, 459, 322, 914, 137, 334, 589, 947, 279, 755, 889, 478, 500, 926, 253, 258, 812, 772, 521, 529, 150, 964, 166, 756, 488, 129, 490, 762, 160, 86, 815, 657, 2, 620, 537, 661, 177, 623, 258, 223]
Tree:
None

Fitness:
12.3706402444258