Generation:
1000

Phenotype:
+3.8E-2*KP(x[:,0], 1.2E+2,9.8E+1,1)-7.3E+5*KP(x[:,0], 9.3E-4,3.2E-8,2)

Genotype:
[123, 476, 218, 778, 795, 722, 765, 302, 508, 992, 530, 438, 70, 1, 631, 758, 171, 42, 473, 998, 395, 548, 813, 485, 194, 839, 652, 129, 148, 812, 917, 986, 50, 181, 503, 111, 520, 554, 709, 603, 550, 692, 102, 990, 242, 2, 631, 144, 574, 454, 112, 318, 472, 676, 761, 917, 324, 732, 973, 352, 759, 229, 862, 370, 805, 576, 194, 280, 859, 299, 761, 314, 722, 318, 526, 731, 877, 133, 368, 464, 611, 537, 344, 368, 541, 787, 678, 169, 262, 431]
Tree:
None

Fitness:
14.242854990844503