Generation:
1000

Phenotype:
+9.7E-1*KG(x[:,0], 3.1E+0,9.9E-1,None)-5.3E-2*KS(x[:,0], 8.4E+5,2.3E+7,None)

Genotype:
[67, 426, 17, 177, 589, 891, 245, 111, 24, 580, 746, 169, 189, 61, 779, 268, 543, 670, 883, 183, 72, 907, 714, 392, 175, 613, 703, 722, 597, 826, 692, 313, 348, 867, 345, 947, 547, 205, 973, 926, 555, 269, 371, 799, 302, 110, 392, 153, 837, 207, 740, 622, 36, 47, 574, 66, 112, 69, 960, 778, 659, 641, 361, 991, 813, 609, 27, 701, 955, 748, 304, 633, 698, 436, 401, 545, 201, 713, 805, 740, 736, 461, 941, 261, 91, 44, 986, 450, 186, 192]
Tree:
None

Fitness:
0.05132392675933132