Generation:
1000

Phenotype:
+9.8E+0*KS(x[:,0], 6.0E-1,8.2E-4,None)+3.7E+0*KG(x[:,0], 8.8E-2,9.9E-1,None)

Genotype:
[977, 996, 314, 378, 232, 750, 392, 430, 65, 921, 349, 302, 361, 664, 596, 114, 688, 515, 677, 862, 530, 124, 628, 329, 392, 962, 829, 429, 421, 459, 179, 141, 915, 701, 730, 762, 75, 34, 230, 67, 803, 367, 307, 795, 508, 94, 221, 720, 920, 847, 939, 446, 55, 646, 499, 445, 818, 476, 490, 568, 821, 897, 201, 205, 480, 721, 537, 850, 64, 70, 139, 771, 154, 814, 115, 778, 226, 247, 874, 641, 122, 465, 248, 435, 849, 186, 998, 895, 907, 54]
Tree:
None

Fitness:
11.881083577778409