Generation:
1000

Phenotype:
+1.1E+0*KG(x[:,0], 3.1E-0,9.9E-1,None)-8.9E-2*KS(x[:,0], 1.9E-0,2.1E+0,None)-1.8E-3*KP(x[:,0], 2.3E+1,1.8E+1,0)

Genotype:
[319, 700, 963, 911, 158, 150, 2, 431, 511, 290, 278, 709, 941, 371, 447, 527, 321, 133, 229, 575, 492, 882, 509, 447, 850, 343, 851, 300, 280, 293, 848, 489, 153, 858, 777, 513, 523, 103, 472, 941, 189, 748, 12, 481, 190, 7, 37, 726, 751, 135, 326, 674, 742, 206, 951, 697, 563, 930, 601, 479, 149, 401, 77, 956, 305, 136, 52, 761, 576, 208, 773, 803, 234, 977, 901, 532, 920, 659, 475, 585, 407, 576, 672, 219, 425, 726, 531, 178, 771, 523, 580, 402, 496, 586, 380, 837, 721, 662, 167, 218, 356, 906, 881, 255, 782, 401, 213, 918, 533, 734, 343, 720, 957, 116, 483, 479, 157, 495, 784, 246, 253, 729, 453, 896, 512, 226, 838, 692, 238, 610, 399, 37, 757, 424, 318, 927, 888, 598, 182, 882, 583, 651, 934, 684, 674, 791, 752, 174, 411, 610, 289, 888, 219, 837, 324, 570, 18]
Tree:
None

Fitness:
0.02725125675381057