Generation:
1000

Phenotype:
+9.9E-1*KG(x[:,0], 3.1E+0,9.9E-1,None)-9.3E-2*KS(x[:,0], 1.0E-9,7.8E-1,None)

Genotype:
[367, 792, 503, 179, 43, 881, 227, 511, 490, 620, 485, 369, 635, 631, 855, 838, 339, 755, 603, 857, 932, 0, 520, 599, 299, 114, 958, 943, 41, 22, 300, 287, 968, 948, 693, 820, 624, 842, 658, 483, 315, 28, 627, 252, 3, 379, 960, 893, 693, 919, 430, 242, 553, 448, 958, 417, 297, 988, 635, 881, 348, 187, 961, 684, 653, 854, 783, 139, 874, 750, 460, 1, 688, 316, 889, 548, 565, 580, 818, 319, 951, 854, 895, 549, 7, 209, 951, 510, 678, 628, 314, 19, 153, 682, 175, 426, 162, 887, 116, 286, 973, 988, 899, 937, 246, 793, 864, 251, 411, 67, 360, 161, 633, 624, 491, 568, 943, 893, 696, 375, 169, 219, 625, 34, 384, 984, 798, 996, 819, 424, 379, 231, 226, 390, 524]
Tree:
None

Fitness:
0.04758709116235772