Generation:
1000

Phenotype:
+7.3E-2*KS(x[:,0], 5.0E+5,5.8E+1,None)-2.5E-2*KS(x[:,0], 2.4E+2,3.7E+1,None)

Genotype:
[665, 898, 852, 973, 699, 72, 850, 260, 554, 435, 940, 548, 66, 241, 600, 838, 347, 262, 575, 807, 362, 793, 64, 986, 502, 524, 107, 706, 921, 305, 320, 466, 663, 656, 402, 870, 685, 124, 358, 201, 621, 169, 55, 985, 330, 578, 329, 599, 359, 726, 658, 788, 434, 635, 351, 42, 100, 756, 424, 729, 974, 860, 741, 0, 397, 425, 578, 264, 138, 175, 172, 258, 145, 910, 473, 439, 608, 154, 269, 290, 963, 901, 498, 298, 641, 526, 160, 114, 811, 500]
Tree:
None

Fitness:
2.3214878395412253