Generation:
1000

Phenotype:
+2.3E-0*KS(x[:,0], 8.5E-9,4.0E+0,None)+9.7E+0*KS(x[:,0], 6.9E-1,8.8E-2,None)

Genotype:
[761, 524, 595, 593, 323, 170, 331, 885, 723, 869, 147, 300, 102, 490, 910, 808, 360, 683, 457, 992, 470, 428, 139, 423, 1, 916, 178, 935, 612, 737, 215, 732, 247, 760, 914, 931, 607, 446, 990, 125, 381, 626, 821, 43, 407, 755, 600, 40, 980, 557, 336, 284, 476, 212, 241, 404, 148, 605, 567, 868, 402, 442, 298, 395, 420, 278, 262, 519, 872, 608, 724, 330, 353, 21, 635, 449, 105, 666, 145, 577, 558, 162, 181, 625, 218, 336, 933, 294, 208, 555, 748, 248, 679, 364, 508, 512, 800, 619, 307, 506, 630, 548, 360, 989, 718, 583, 215, 508, 214, 127, 207, 844, 935, 88, 393, 373, 203, 683, 111, 738, 599, 299, 992, 551, 948, 279, 994, 945, 921, 727, 415, 110, 900, 241, 808]
Tree:
None

Fitness:
12.421700065980653