Generation:
1000

Phenotype:
-2.5E-2*KP(x[:,0], 2.1E-9,1.3E-9,0)+8.9E-6*KG(x[:,0], 8.0E-9,2.9E+1,None)+1.5E-4*KS(x[:,0], 6.7E-0,8.1E-7,None)

Genotype:
[453, 367, 154, 275, 447, 822, 136, 291, 415, 449, 351, 953, 733, 39, 890, 889, 948, 43, 869, 163, 666, 511, 260, 31, 529, 748, 369, 936, 481, 607, 616, 122, 468, 265, 943, 204, 104, 407, 617, 370, 709, 721, 437, 367, 12, 190, 855, 956, 922, 65, 760, 229, 862, 945, 588, 878, 922, 188, 492, 913, 465, 777, 453, 34, 568, 685, 262]
Tree:
None

Fitness:
2.3475278987270776