Generation:
1000

Phenotype:
-2.7E-3*KP(x[:,0], 9.7E-1,6.4E-2,4)+8.5E-2*KS(x[:,0], 6.2E-0,3.0E-3,None)

Genotype:
[921, 513, 901, 87, 367, 263, 872, 37, 673, 551, 95, 64, 865, 952, 634, 226, 280, 547, 345, 305, 102, 320, 52, 375, 690, 218, 1000, 9, 933, 458, 189, 503, 722, 766, 749, 894, 835, 418, 404, 498, 301, 350, 671, 503, 228, 507, 551, 9, 827, 607, 922, 81, 772, 922, 201, 446, 989, 215, 595, 702, 564, 138, 0, 294, 239, 228, 300, 698, 40, 432, 855, 20, 619, 913, 164, 628, 846, 20, 171, 602, 912, 16, 274, 13, 421, 932, 180, 184, 793, 879, 225, 754, 754, 392, 29, 686, 232, 287, 100, 789, 796, 882, 874, 672, 840, 277, 438, 167, 821, 624, 898, 459, 949, 565, 448, 727, 516, 839, 80, 619, 102, 169, 703, 211, 929, 849, 63, 183, 811, 568, 192, 367, 288, 305, 977]
Tree:
None

Fitness:
2.099586835202378