Generation:
1000

Phenotype:
+3.9E-0*KS(x[:,0], 2.5E+8,1.6E+1,None)+5.0E-2*KP(x[:,0], 8.7E-7,1.0E-0,3)

Genotype:
[485, 124, 317, 89, 289, 800, 541, 205, 236, 728, 414, 366, 302, 761, 186, 458, 230, 337, 290, 819, 662, 232, 597, 211, 467, 702, 120, 991, 790, 483, 413, 153, 296, 581, 137, 787, 798, 839, 656, 753, 19, 152, 760, 465, 446, 355, 497, 168, 397, 144, 367, 409, 480, 235, 454, 125, 746, 386, 75, 875, 224, 533, 59, 143, 868, 498, 218, 358, 523, 985, 131, 937, 366, 516, 34, 931, 602, 161, 810, 538, 668, 831, 422, 966, 827, 859, 691, 694, 566, 288, 161, 773, 660, 62, 545, 922, 69, 113, 675, 571, 413, 342, 273, 492, 146, 950, 619, 540, 595, 612, 176, 826, 182, 780, 69, 408, 12, 853, 437, 773, 612, 7, 179, 453, 727, 786, 847, 855, 551, 58, 736, 324, 595, 207, 363, 683, 422, 812, 905, 272, 218, 355, 132, 463, 704, 785, 149, 853, 289, 812, 507, 826, 989, 170, 103, 50, 84, 434, 213, 354, 95, 156, 667, 620, 971, 352, 635, 815, 297, 281, 790, 69, 57, 129, 809, 505, 301, 863, 998, 545]
Tree:
None

Fitness:
52.714988561080546