Generation:
1000

Phenotype:
+9.9E-1*KG(x[:,0], 3.1E+0,9.9E-1,None)-5.9E-2*KG(x[:,0], 9.8E-3,4.4E-7,None)

Genotype:
[769, 894, 116, 599, 173, 231, 263, 591, 238, 650, 962, 629, 347, 431, 773, 96, 919, 805, 949, 309, 572, 224, 798, 967, 933, 12, 24, 647, 997, 257, 962, 126, 474, 492, 828, 663, 581, 606, 567, 248, 384, 358, 214, 16, 461, 214, 285, 262, 341, 910, 320, 959, 808, 375, 577, 500, 88, 921, 118, 581, 508, 689, 211, 281, 930, 339, 704, 215, 752, 424, 57, 602, 19, 368, 922, 201, 575, 377, 324, 911, 895, 307, 535, 304, 136, 321, 706, 625, 165, 907, 506, 490, 274, 77, 766, 321, 299, 36, 968, 709, 993, 659, 916, 181, 123, 408, 970, 257, 250, 131, 4, 421]
Tree:
None

Fitness:
0.04760423026145227