Generation:
1000

Phenotype:
-3.6E-2*KP(x[:,0], 2.4E+6,1.2E-7,0)+9.7E-1*KG(x[:,0], 3.5E-0,9.9E-1,None)

Genotype:
[969, 97, 308, 816, 211, 392, 811, 184, 474, 986, 873, 672, 665, 427, 120, 282, 34, 179, 717, 789, 441, 398, 905, 569, 580, 980, 9, 615, 741, 908, 20, 945, 600, 68, 725, 985, 900, 611, 364, 860, 300, 957, 590, 541, 7, 648, 49, 754, 99, 34, 146, 356, 706, 777, 838, 691, 441, 279, 195, 308, 783, 372, 106, 484, 827, 711, 69, 143, 269, 504, 699, 583, 312, 494, 211, 343, 328, 121, 96, 535, 117, 136, 290, 997, 456, 667, 849, 85, 698, 514]
Tree:
None

Fitness:
0.0546624998569635