Generation:
1000

Phenotype:
+9.0E-0*KP(x[:,0], 1.7E+6,1.6E-9,0)

Genotype:
[476, 878, 818, 660, 981, 180, 360, 977, 20, 676, 990, 516, 503, 119, 45, 798, 25, 760, 166, 562, 177, 104, 565, 516, 506, 492, 110, 780, 847, 215, 654, 543, 61, 687, 465, 821, 783, 71, 14, 695, 582, 182, 252, 510, 500, 36, 529, 800, 424, 380, 197, 990, 2, 287, 881, 786, 951, 420, 813, 267, 334, 717, 319, 266, 144, 891, 543, 850, 649, 552, 449, 951, 477, 811, 433, 176, 240, 940, 809, 188, 569, 1, 79, 380, 101, 806, 446, 411, 324, 958]
Tree:
None

Fitness:
60.61204751986303