Generation:
1000

Phenotype:
-6.5E-4*KS(x[:,0], 1.4E-5,5.2E+4,None)

Genotype:
[712, 137, 131, 95, 11, 124, 234, 194, 963, 615, 517, 42, 88, 974, 64, 482, 865, 169, 965, 702, 34, 492, 216, 24, 314, 518, 636, 867, 44, 266, 429, 268, 411, 580, 8, 443, 381, 201, 252, 999, 228, 833, 723, 539, 669, 193, 130, 938, 309, 465, 227, 295, 520, 688, 904, 744, 824, 814, 733, 254, 762, 172, 95, 17, 876, 70, 676, 321, 127, 907, 259, 32, 426, 166, 205, 216, 118, 758, 764, 249, 241, 293, 292, 375, 941, 487, 736, 535, 873, 785, 10, 34, 722, 68, 505, 623, 520, 396, 185, 367, 491, 137, 40, 573, 852, 607, 282, 135, 51, 8, 476, 703]
Tree:
None

Fitness:
81.97939080598606