Generation:
1000

Phenotype:
+8.5E-2*KS(x[:,0], 4.5E+0,3.8E-9,None)-2.9E+4*KP(x[:,0], 8.5E-4,2.1E-9,2)

Genotype:
[131, 474, 358, 155, 305, 412, 534, 945, 990, 100, 722, 498, 13, 249, 443, 374, 233, 91, 839, 612, 194, 214, 495, 481, 914, 163, 641, 353, 89, 132, 14, 19, 764, 342, 804, 909, 712, 576, 18, 695, 383, 823, 905, 674, 564, 35, 978, 570, 668, 726, 470, 795, 418, 952, 210, 603, 827, 372, 803, 223, 865, 762, 393, 656, 992, 91, 584, 881, 999, 444, 750, 5, 690, 99, 92, 216, 570, 156, 592, 316, 285, 775, 230, 331, 662, 193, 337, 289, 849, 330]
Tree:
None

Fitness:
2.0805720296115355