Generation:
1000

Phenotype:
+9.9E-0*KS(x[:,0], 6.7E-1,3.4E-6,None)+2.9E-0*KG(x[:,0], 3.3E-2,2.3E-2,None)-9.6E-7*KS(x[:,0], 7.4E+9,1.7E+4,None)+3.9E-4*KP(x[:,0], 9.6E-8,2.1E-0,3)

Genotype:
[83, 846, 836, 629, 355, 780, 599, 337, 231, 351, 236, 94, 859, 806, 68, 31, 402, 919, 19, 713, 600, 2, 263, 785, 772, 730, 643, 361, 32, 307, 371, 101, 638, 656, 939, 897, 717, 314, 482, 329, 918, 67, 830, 84, 522, 968, 778, 524, 209, 787, 264, 674, 256, 383, 858, 226, 81, 781, 360, 123, 272, 793, 789, 20, 8, 494, 500]
Tree:
None

Fitness:
12.118095217736949