Generation:
1000

Phenotype:
+8.7E-0*KS(x[:,0], 9.0E-1,8.1E-2,None)+7.1E+1*KP(x[:,0], 1.3E-4,6.2E-5,4)+7.3E-9*KP(x[:,0], 5.7E-0,7.2E+2,3)

Genotype:
[353, 998, 259, 387, 5, 390, 278, 470, 15, 81, 655, 951, 87, 612, 948, 537, 562, 969, 461, 546, 511, 333, 983, 853, 474, 284, 642, 977, 565, 814, 476, 826, 114, 763, 365, 749, 634, 497, 923, 930, 492, 912, 776, 732, 633, 336, 912, 133, 950, 164, 246, 978, 660, 998, 631, 230, 382, 124, 296, 284, 163, 743, 515, 109, 68, 380, 110, 179, 586, 244, 573, 601, 259, 472, 765, 721, 871, 926, 808, 708, 781, 150, 776, 678, 990, 208, 168, 671, 714, 465, 709, 581, 192, 150, 886, 910, 654, 870, 886, 52, 727, 513, 582, 305, 24, 119, 530, 448, 723, 829, 144, 921, 134, 339, 436, 238, 542, 994, 771, 506, 699, 98, 871, 978, 114, 470, 220, 890, 534, 552, 967, 941, 433, 224, 892, 66, 501, 909, 663, 155, 131, 820, 755, 690, 755, 925, 589, 708, 938, 250, 808, 287, 338, 22, 972, 960, 350]
Tree:
None

Fitness:
13.366343321294668