Generation:
1000

Phenotype:
-6.9E-2*KS(x[:,0], 2.8E-0,3.0E-0,None)+9.9E-1*KG(x[:,0], 3.0E-0,9.9E-1,None)

Genotype:
[791, 965, 131, 479, 517, 872, 550, 838, 185, 740, 452, 580, 945, 160, 610, 252, 448, 683, 769, 347, 131, 938, 940, 469, 800, 503, 659, 211, 61, 355, 894, 547, 371, 180, 742, 225, 819, 713, 432, 543, 873, 206, 442, 954, 258, 49, 390, 380, 975, 877, 630, 165, 916, 22, 820, 719, 533, 636, 19, 237, 560, 925, 864, 865, 74, 882, 935, 501, 248, 818, 359, 251, 717, 167, 343, 903, 150, 692, 660, 279, 762, 337, 401, 95, 216, 510, 140, 996, 222, 879, 570, 551, 202, 497, 214, 339, 914, 632, 445, 261, 116, 801, 352, 562, 22, 820, 502, 760, 191, 56, 899, 537]
Tree:
None

Fitness:
0.045273083349554634