Generation:
1000

Phenotype:
+5.0E-2*KS(x[:,0], 8.4E+9,1.0E-9,None)

Genotype:
[652, 336, 319, 520, 677, 42, 772, 864, 508, 579, 108, 410, 225, 29, 25, 677, 422, 252, 267, 506, 654, 988, 228, 426, 908, 4, 172, 732, 552, 846, 808, 344, 331, 920, 120, 858, 636, 210, 605, 895, 833, 267, 321, 571, 475, 532, 314, 902, 773, 198, 972, 188, 325, 430, 69, 82, 675, 142, 392, 923, 741, 982, 511, 573, 329, 566, 514, 434, 79, 432, 758, 329, 823, 110, 950, 853, 779, 128, 661, 25, 912, 204, 735, 876, 981, 786, 329, 128, 790, 182, 385, 954, 202, 459, 705, 801, 823, 467, 780, 188, 742, 592, 214, 423, 553, 77, 101, 656, 276, 315, 246, 46]
Tree:
None

Fitness:
2.2868615606190237