Generation:
1000

Phenotype:
+9.9E-2*KS(x[:,0], 5.6E+0,1.1E-9,None)-8.5E-9*KP(x[:,0], 9.8E+1,2.9E-1,3)

Genotype:
[707, 832, 503, 179, 807, 262, 256, 46, 564, 820, 639, 321, 369, 229, 420, 962, 923, 520, 35, 703, 539, 368, 848, 252, 591, 100, 719, 59, 461, 53, 369, 761, 851, 455, 482, 44, 594, 305, 382, 857, 749, 23, 989, 858, 458, 566, 247, 727, 785, 632, 403, 393, 278, 476, 950, 830, 341, 223, 372, 653, 578, 579, 397, 53, 739, 82, 442, 785, 498, 394, 155, 800, 414, 396, 444, 947, 422, 886, 563, 111, 572, 750, 29, 29, 503, 158, 157, 551, 16, 745, 786, 902, 758, 836, 909, 414, 948, 359, 569, 648, 156, 93, 579, 739, 881, 123, 16, 667, 67, 361, 757, 306, 629, 545, 411, 142, 337, 271, 242, 116, 114, 694, 626, 220, 431, 214, 415, 643, 769, 664, 111, 106, 88, 430, 309, 659, 26, 128, 142, 420, 835, 321, 890, 944, 569, 466, 889, 830, 729, 747, 848, 768, 274, 522, 974, 246, 417]
Tree:
None

Fitness:
2.0425895154128515