Generation:
1000

Phenotype:
+9.9E-1*KG(x[:,0], 3.1E+0,9.9E-1,None)-6.7E-2*KS(x[:,0], 5.2E-0,5.1E-0,None)

Genotype:
[685, 374, 107, 69, 603, 341, 911, 11, 470, 740, 305, 469, 269, 301, 925, 946, 135, 167, 947, 513, 992, 904, 712, 397, 860, 535, 991, 61, 880, 461, 750, 484, 791, 738, 490, 467, 811, 156, 431, 996, 561, 48, 987, 526, 461, 437, 894, 404, 894, 75, 161, 823, 517, 602, 699, 921, 498, 884, 720, 196, 253, 358, 943, 109, 218, 393, 381, 715, 137, 316, 543, 759, 242, 536, 256, 292, 924, 526, 615, 154, 737, 47, 229, 130, 296, 264, 440, 726, 72, 12]
Tree:
None

Fitness:
0.04570468157625114