Generation:
1000

Phenotype:
+9.9E-1*KG(x[:,0], 3.1E+0,1.0E+0,None)-8.9E-8*KP(x[:,0], 6.6E-4,5.7E+5,1)+7.4E-7*KG(x[:,0], 6.4E-3,6.8E-3,None)

Genotype:
[589, 498, 521, 569, 689, 871, 668, 681, 600, 400, 198, 450, 170, 80, 741, 705, 337, 547, 899, 515, 378, 239, 276, 73, 34, 877, 287, 92, 165, 871, 6, 360, 258, 54, 619, 577, 680, 354, 929, 633, 986, 148, 581, 43, 4, 112, 331, 326, 863, 570, 982, 31, 257, 381, 598, 562, 757, 929, 659, 554, 179, 936, 966, 470, 602, 58, 914]
Tree:
None

Fitness:
0.047291388087473164