Generation:
1000

Phenotype:
+5.0E-2*KS(x[:,0], 6.8E+1,1.0E-9,None)

Genotype:
[898, 896, 265, 590, 771, 22, 140, 988, 384, 291, 378, 310, 559, 869, 25, 920, 189, 456, 132, 476, 592, 77, 277, 604, 756, 933, 448, 675, 202, 396, 861, 737, 539, 550, 146, 584, 492, 320, 517, 91, 657, 816, 171, 61, 606, 348, 699, 69, 619, 655, 341, 305, 899, 694, 724, 410, 455, 753, 6, 69, 743, 695, 675, 94, 95, 933, 429, 662, 421, 809, 560, 378, 407, 749, 622, 365, 105, 38, 974, 581, 860, 564, 543, 213, 476, 925, 607, 912, 140, 102]
Tree:
None

Fitness:
2.2868615606190232