Generation:
1000

Phenotype:
+1.1E-0*KG(x[:,0], 3.0E+0,1.0E+0,None)-9.8E-2*KS(x[:,0], 2.3E+0,2.4E-0,None)

Genotype:
[457, 876, 162, 61, 589, 760, 38, 10, 758, 300, 783, 240, 176, 300, 336, 682, 249, 161, 978, 477, 252, 397, 403, 222, 330, 541, 434, 19, 210, 881, 173, 87, 620, 110, 78, 817, 35, 892, 976, 372, 467, 864, 703, 176, 391, 122, 489, 372, 785, 490, 916, 318, 377, 708, 914, 117, 657, 878, 540, 590, 808, 216, 753, 363, 48, 353, 286, 371, 858, 429, 986, 208, 563, 968, 894, 581, 576, 996, 201, 578, 873, 414, 906, 222, 154, 72, 519, 731, 927, 115, 321, 994, 97, 911, 812, 749, 159, 833, 627, 242, 3, 812, 556, 88, 457, 670, 609, 996, 995, 424, 997, 227, 915, 318, 841, 985, 4, 820, 353, 855, 744, 732, 155, 646, 545, 565, 915, 509, 181, 149, 303, 529, 861, 460, 314]
Tree:
None

Fitness:
0.02566693193347319