Generation:
1000

Phenotype:
+9.0E-0*KS(x[:,0], 5.9E-1,4.9E-5,None)+4.1E+0*KG(x[:,0], 9.9E-2,1.6E+0,None)

Genotype:
[101, 682, 125, 380, 361, 950, 643, 649, 485, 31, 57, 419, 77, 385, 859, 24, 506, 714, 541, 802, 260, 809, 399, 935, 112, 333, 346, 280, 890, 835, 458, 546, 567, 318, 936, 279, 371, 431, 858, 165, 570, 732, 961, 716, 570, 47, 790, 463, 976, 737, 790, 474, 398, 601, 573, 294, 474, 413, 935, 97, 448, 693, 600, 933, 44, 341, 954, 805, 258, 263, 508, 519, 117, 883, 751, 300, 897, 724, 260, 631, 812, 647, 472, 784, 354, 246, 484, 142, 828, 664]
Tree:
None

Fitness:
11.739735568986049