Generation:
1000

Phenotype:
+9.5E+0*KS(x[:,0], 7.3E-1,7.0E-9,None)+9.3E-1*KP(x[:,0], 6.4E-9,1.7E+0,2)-7.4E-2*KS(x[:,0], 1.9E-4,3.5E+5,None)

Genotype:
[95, 0, 899, 115, 846, 450, 114, 263, 99, 91, 636, 130, 847, 469, 216, 333, 176, 26, 733, 623, 191, 50, 264, 407, 179, 0, 37, 172, 890, 172, 430, 617, 717, 84, 65, 402, 612, 179, 263, 894, 668, 855, 882, 975, 744, 600, 770, 660, 261, 749, 599, 909, 797, 840, 163, 214, 291, 545, 195, 311, 309, 28, 35, 135, 136, 761, 636, 568, 782, 595, 668, 722, 677, 329, 9, 409, 920, 881, 544, 80, 21, 801, 917, 896, 137, 45, 712, 187, 288, 728, 14, 226, 144, 855, 594, 189, 169, 495, 464, 959, 390, 945, 914, 846, 595, 142, 913, 971, 969, 419, 423, 64, 503, 773, 493, 779, 130, 764, 174, 928, 240, 902, 455, 499, 947, 897, 226, 365, 994, 296, 516, 4, 586, 950, 647, 365, 655, 143, 561, 886, 366, 407, 77, 1, 440, 538, 477, 708, 214, 880, 297, 527, 852, 24, 797, 695, 398, 540, 0, 586, 436, 147, 665, 766, 940, 396, 544, 17, 463, 1000, 443, 960, 519, 334, 560, 210, 610, 393, 670, 588]
Tree:
None

Fitness:
12.744794968403294