Generation:
1000

Phenotype:
+9.9E-1*KG(x[:,0], 3.0E+0,9.8E-1,None)-9.1E-2*KG(x[:,0], 8.2E-5,9.7E+1,None)-1.1E-1*KG(x[:,0], 5.5E+0,1.0E-9,None)

Genotype:
[31, 170, 872, 109, 359, 501, 830, 760, 518, 760, 701, 348, 209, 181, 682, 775, 127, 413, 981, 295, 772, 43, 142, 537, 615, 116, 837, 658, 491, 452, 786, 591, 963, 141, 683, 651, 508, 925, 396, 0, 81, 210, 721, 249, 582, 921, 770, 410, 674, 141, 195, 664, 303, 753, 264, 634, 189, 466, 609, 327, 851, 208, 333, 563, 876, 937, 856]
Tree:
None

Fitness:
0.03257619188883611