Generation:
1000

Phenotype:
-7.4E-2*KG(x[:,0], 1.1E-1,9.9E-1,None)+5.9E-1*KG(x[:,0], 3.0E+0,6.5E-1,None)+1.3E-3*KP(x[:,0], 6.9E-1,1.3E-9,4)

Genotype:
[631, 271, 879, 154, 605, 652, 207, 641, 287, 571, 152, 149, 563, 781, 211, 691, 566, 994, 989, 999, 91, 677, 170, 848, 720, 473, 585, 385, 131, 881, 998, 782, 45, 643, 991, 783, 842, 389, 289, 721, 801, 973, 613, 699, 799, 905, 358, 992, 971, 81, 26, 679, 405, 863, 658, 151, 132, 792, 58, 427, 77, 982, 77, 558, 217, 38, 495, 767, 103, 104, 151, 318, 44, 322, 67, 95, 986, 950, 755, 697, 416, 661, 867, 413, 192, 493, 323, 787, 298, 440, 328, 972, 83, 100, 784, 694, 173, 656, 738, 202, 657, 694, 647, 600, 952, 760, 741, 397, 373, 847, 968, 910]
Tree:
None

Fitness:
[0.02777600967397858, 0]