Generation:
1000

Phenotype:
+8.7E+0*KS(x[:,0], 1.0E+0,9.5E-2,None)+3.0E-0*KG(x[:,0], 7.9E-3,9.9E-1,None)

Genotype:
[683, 436, 160, 887, 240, 350, 657, 570, 974, 580, 710, 145, 257, 362, 363, 480, 290, 560, 590, 259, 980, 978, 39, 71, 43, 323, 729, 129, 611, 379, 2, 843, 607, 589, 500, 418, 82, 601, 110, 52, 262, 44, 395, 503, 769, 956, 931, 220, 920, 510, 790, 976, 866, 453, 350, 764, 386, 358, 140, 449, 475, 347, 185, 960, 232, 151, 113, 485, 165, 633, 839, 397, 750, 115, 474, 210, 3, 105, 542, 470, 828, 394, 681, 364, 139, 960, 650, 178, 714, 598]
Tree:
None

Fitness:
13.853008013048479