Generation:
1000

Phenotype:
+3.0E-4*KS(x[:,0], 5.8E+2,3.2E+5,None)

Genotype:
[82, 748, 902, 170, 829, 834, 940, 418, 72, 272, 929, 582, 716, 605, 994, 435, 688, 315, 444, 259, 317, 978, 360, 37, 613, 63, 614, 950, 633, 736, 474, 228, 555, 760, 245, 600, 898, 788, 858, 533, 352, 500, 879, 360, 927, 352, 514, 376, 943, 321, 189, 453, 457, 714, 245, 16, 798, 901, 908, 236, 397, 443, 441, 574, 35, 784, 474, 55, 893, 473, 809, 463, 630, 248, 337, 469, 312, 264, 878, 799, 907, 24, 673, 440, 137, 103, 63, 409, 136, 653, 953, 866, 417, 769, 547, 641, 627, 584, 645, 951, 463, 670, 518, 610, 685, 396, 730, 587, 78, 50, 466, 831]
Tree:
None

Fitness:
2.4720211239586725