Generation:
1000

Phenotype:
+1.1E+1*KS(x[:,0], 5.3E-1,3.1E-1,None)+4.7E+0*KG(x[:,0], 1.9E+0,1.9E-0,None)

Genotype:
[509, 942, 54, 381, 90, 261, 895, 33, 945, 51, 686, 341, 705, 721, 777, 456, 736, 102, 957, 772, 170, 936, 559, 726, 710, 162, 529, 749, 570, 894, 462, 612, 623, 767, 817, 788, 253, 500, 728, 513, 702, 75, 703, 956, 195, 514, 531, 574, 251, 204, 996, 617, 939, 90, 882, 435, 227, 360, 122, 318, 785, 933, 864, 640, 678, 767, 214, 830, 260, 335, 35, 99, 314, 298, 425, 936, 945, 578, 79, 492, 757, 405, 375, 189, 779, 503, 27, 16, 20, 751]
Tree:
None

Fitness:
7.741851083668184