Generation:
1000

Phenotype:
+1.2E+1*KS(x[:,0], 5.0E-1,3.0E-1,None)+7.0E-9*KP(x[:,0], 2.4E-2,4.5E+3,2)

Genotype:
[329, 126, 792, 512, 710, 811, 562, 860, 439, 291, 947, 590, 189, 691, 8, 710, 902, 699, 840, 507, 169, 568, 74, 809, 432, 102, 455, 278, 433, 652, 83, 588, 883, 445, 674, 624, 710, 935, 725, 617, 311, 492, 511, 61, 437, 599, 589, 428, 15, 836, 976, 340, 145, 430, 869, 926, 53, 937, 345, 936, 136, 815, 630, 335, 660, 835, 156, 279, 785, 634, 41, 322, 8, 285, 821, 63, 59, 530, 355, 131, 6, 517, 947, 269, 443, 662, 81, 228, 237, 434]
Tree:
None

Fitness:
13.163884896090595