Generation:
1000

Phenotype:
-8.8E+2*KS(x[:,0], 7.4E-7,5.4E-5,None)+6.6E-0*KP(x[:,0], 9.7E-6,3.9E-7,3)+2.1E-2*KS(x[:,0], 8.5E+0,6.3E+2,None)

Genotype:
[725, 665, 916, 668, 108, 152, 960, 154, 567, 127, 958, 104, 161, 95, 715, 117, 58, 995, 316, 113, 880, 98, 437, 125, 46, 515, 989, 933, 657, 703, 868, 912, 811, 331, 947, 552, 61, 915, 194, 450, 527, 333, 194, 812, 389, 763, 787, 585, 817, 383, 823, 590, 813, 248, 82, 825, 83, 2, 380, 627, 210, 648, 695, 364, 143, 578, 165]
Tree:
None

Fitness:
2.3552434446452577