Generation:
1000

Phenotype:
+3.1E+0*KG(x[:,0], 4.0E-2,4.6E-4,None)+9.9E-0*KS(x[:,0], 6.9E-1,8.5E-5,None)

Genotype:
[997, 900, 479, 431, 656, 760, 39, 540, 567, 912, 939, 56, 639, 134, 249, 268, 572, 953, 809, 169, 810, 185, 989, 369, 81, 349, 795, 205, 65, 211, 960, 359, 718, 400, 902, 855, 762, 30, 69, 619, 472, 986, 826, 372, 690, 995, 718, 566, 957, 85, 885, 994, 616, 899, 591, 50, 645, 473, 826, 611, 46, 711, 879, 43, 737, 256, 927, 671, 388, 210, 862, 234, 601, 705, 725, 474, 573, 448, 931, 374, 909, 575, 518, 14, 418, 45, 285, 153, 672, 578, 638, 737, 903, 820, 398, 160, 618, 860, 220, 977, 202, 971, 720, 859, 993, 290, 907, 553, 813, 991, 226, 742, 684, 39, 590, 501, 119, 725, 688, 371, 862, 374, 536, 100, 98, 587, 369, 698, 753, 959, 113, 533, 724, 910, 439]
Tree:
None

Fitness:
12.06954292778605