Generation:
1000

Phenotype:
+2.1E+0*KS(x[:,0], 3.9E+1,3.1E-3,None)+8.5E-4*KP(x[:,0], 2.8E-7,4.6E-0,4)

Genotype:
[65, 516, 361, 211, 266, 710, 137, 659, 438, 941, 578, 751, 267, 313, 662, 488, 178, 124, 235, 951, 574, 235, 808, 383, 897, 39, 596, 953, 990, 324, 893, 889, 681, 549, 764, 495, 336, 327, 534, 697, 885, 626, 602, 727, 758, 565, 165, 846, 35, 60, 962, 293, 334, 737, 129, 57, 304, 236, 209, 274, 681, 613, 387, 992, 989, 23, 306, 7, 406, 504, 323, 372, 129, 226, 98, 957, 140, 809, 7, 202, 214, 142, 48, 692, 257, 697, 341, 545, 571, 834, 660, 620, 916, 885, 760, 388, 584, 244, 840, 909, 755, 783, 21, 428, 84, 143, 532, 215, 578, 762, 165, 515, 408, 580, 696, 605, 692, 176, 948, 639, 246, 175, 258, 488, 907, 660, 972, 891, 22, 252, 564, 247, 268, 785, 51, 857, 478, 496, 909, 727, 318, 292, 623, 659, 530, 210, 24, 179, 667, 351, 793, 429, 958, 990, 717, 405, 916]
Tree:
None

Fitness:
63.72286476448318