Generation:
1000

Phenotype:
+9.9E-1*KG(x[:,0], 3.2E+0,9.9E-1,None)-6.0E-2*KS(x[:,0], 3.3E-1,3.0E+0,None)+9.9E-3*KS(x[:,0], 4.7E+2,1.3E-9,None)

Genotype:
[901, 738, 665, 149, 207, 591, 29, 562, 128, 290, 44, 359, 955, 711, 562, 659, 913, 311, 140, 723, 982, 749, 113, 367, 681, 425, 620, 396, 790, 665, 322, 498, 908, 379, 961, 33, 48, 27, 100, 662, 864, 363, 965, 539, 681, 261, 216, 228, 327, 703, 47, 933, 568, 619, 694, 957, 607, 540, 516, 373, 666, 518, 739, 777, 374, 10, 257, 817, 28, 774, 177, 673, 780, 524, 451, 688, 124, 255, 767, 704, 771, 913, 475, 360, 595, 322, 309, 273, 943, 41]
Tree:
None

Fitness:
0.04671647191151635