Generation:
1000

Phenotype:
-4.7E-2*KG(x[:,0], 7.1E-4,2.3E+0,None)+9.9E-1*KG(x[:,0], 3.3E+0,9.8E-1,None)

Genotype:
[31, 881, 300, 387, 657, 432, 555, 81, 843, 454, 28, 433, 424, 890, 537, 270, 306, 431, 769, 783, 591, 191, 13, 818, 950, 89, 188, 429, 321, 757, 276, 631, 369, 97, 48, 190, 366, 957, 39, 327, 581, 220, 281, 499, 177, 613, 449, 586, 161, 348, 424, 457, 169, 874, 433, 175, 38, 819, 764, 102, 177, 803, 980, 163, 516, 938, 428, 148, 922, 238, 594, 637, 363, 431, 109, 776, 60, 585, 922, 657, 745, 439, 123, 313, 202, 229, 641, 279, 992, 399, 273, 933, 774, 449, 298, 487, 951, 347, 836, 841, 864, 331, 325, 457, 601, 211, 304, 122, 373, 550, 653, 464, 753, 458, 432, 926, 694, 107, 228, 253, 97, 128, 410, 502, 124, 99, 216, 294, 975, 188, 169, 602, 948, 168, 174, 678, 39, 605, 223, 771, 822, 3, 954, 764, 66, 530, 930, 200, 261, 83, 762, 392, 181, 921, 663, 406, 958, 660, 123, 514, 803, 998, 671, 216, 671, 680, 528, 635, 929, 893, 337, 215, 209, 812, 151, 328, 547, 844, 887, 125]
Tree:
None

Fitness:
0.04904466601081682