Generation:
1000

Phenotype:
+9.9E+0*KS(x[:,0], 6.5E-1,3.9E-1,None)

Genotype:
[112, 512, 359, 9, 924, 960, 878, 765, 921, 261, 65, 29, 915, 571, 168, 56, 959, 316, 312, 68, 142, 231, 546, 710, 728, 764, 216, 823, 579, 978, 599, 284, 515, 825, 57, 385, 966, 889, 17, 287, 503, 968, 872, 733, 8, 754, 699, 74, 260, 245, 531, 193, 266, 773, 212, 610, 327, 95, 458, 718, 27, 416, 691, 138, 274, 772, 953, 729, 301, 184, 697, 421, 733, 71, 715, 14, 553, 60, 54, 991, 98, 224, 889, 825, 884, 99, 129, 846, 937, 774, 557, 942, 118, 474, 761, 423, 296, 48, 968, 254, 475, 244, 867, 756, 673, 669, 652, 576, 685, 770, 671, 725, 910, 211, 172, 389, 234, 448, 774, 682, 915, 267, 746, 934, 347, 585, 834, 845, 195, 968, 969, 370, 321, 416, 983, 265, 612, 965, 74, 577, 622, 984, 852, 190, 344, 110, 772, 994, 924, 748, 896, 514, 290, 179, 956, 931, 863, 45, 665, 510, 412, 540, 654, 240, 498, 519, 725, 426, 625, 651, 565, 503, 982, 552, 870, 190, 750, 597, 329, 665]
Tree:
None

Fitness:
18.045831446534375