Generation:
1000

Phenotype:
+3.6E+0*KG(x[:,0], 7.5E-2,9.8E-1,None)+9.9E+0*KS(x[:,0], 6.6E-1,2.4E-9,None)-3.6E-1*KS(x[:,0], 9.1E+7,2.0E+0,None)

Genotype:
[343, 656, 776, 76, 276, 210, 384, 725, 881, 322, 539, 228, 707, 731, 254, 893, 896, 674, 789, 696, 410, 959, 26, 889, 331, 73, 404, 493, 419, 554, 646, 637, 101, 696, 899, 531, 8, 241, 218, 217, 811, 770, 534, 210, 940, 665, 143, 344, 828, 533, 675, 766, 854, 677, 116, 494, 997, 335, 422, 587, 48, 665, 781, 951, 16, 575, 494, 507, 134, 487, 985, 825, 836, 901, 289, 751, 455, 96, 495, 259, 650, 684, 611, 591, 624, 726, 770, 306, 522, 964]
Tree:
None

Fitness:
11.594940300391642