Generation:
1000

Phenotype:
+9.9E+0*KS(x[:,0], 5.7E-1,3.1E-1,None)+7.1E+0*KG(x[:,0], 2.1E-0,2.1E-0,None)+9.1E-2*KS(x[:,0], 2.8E+1,3.7E+7,None)

Genotype:
[275, 740, 395, 369, 832, 610, 247, 617, 317, 991, 695, 241, 779, 391, 361, 367, 780, 582, 691, 330, 680, 514, 741, 303, 130, 55, 541, 867, 550, 628, 868, 450, 107, 401, 763, 352, 1, 838, 920, 251, 416, 757, 540, 277, 169, 967, 404, 262, 772, 18, 200, 467, 177, 938, 637, 878, 189, 296, 954, 206, 997, 90, 803, 747, 846, 96, 776, 666, 231, 997, 985, 851, 422, 991, 545, 588, 906, 36, 218, 167, 163, 231, 487, 43, 606, 11, 451, 449, 449, 322, 940, 560, 794, 990, 783, 69, 761, 309, 2, 724, 461, 668, 395, 522, 284, 544, 381, 362, 950, 481, 852, 841]
Tree:
None

Fitness:
6.040758704198894