Generation:
1000

Phenotype:
+3.3E+1*KS(x[:,0], 9.7E-2,3.8E-7,None)+9.6E+0*KG(x[:,0], 1.4E-0,1.9E-0,None)+3.7E+0*KG(x[:,0], 9.9E-1,5.3E-3,None)

Genotype:
[251, 602, 20, 663, 534, 31, 404, 357, 99, 662, 101, 828, 93, 197, 418, 397, 0, 710, 156, 538, 20, 207, 34, 811, 130, 603, 729, 617, 950, 601, 96, 846, 83, 907, 264, 690, 845, 669, 235, 461, 112, 213, 697, 403, 843, 268, 502, 151, 392, 16, 394, 874, 915, 692, 384, 369, 847, 20, 730, 370, 409, 97, 480, 579, 403, 346, 559, 763, 93, 334, 119, 648, 227, 715, 28, 911, 532, 139, 50, 210, 627, 479, 414, 971, 351, 315, 43, 273, 385, 235]
Tree:
None

Fitness:
3.6924485936693605