Generation:
1000

Phenotype:
+9.9E-0*KS(x[:,0], 6.8E-1,5.1E-2,None)-7.0E-7*KP(x[:,0], 7.5E+0,3.9E-0,4)+2.5E+0*KS(x[:,0], 5.1E-5,6.3E+3,None)

Genotype:
[977, 156, 494, 869, 3, 10, 959, 438, 353, 461, 841, 561, 827, 82, 405, 213, 59, 150, 820, 927, 367, 267, 45, 744, 450, 452, 179, 447, 490, 749, 394, 698, 478, 65, 380, 950, 346, 211, 153, 135, 401, 3, 938, 483, 514, 797, 798, 284, 417, 542, 780, 987, 964, 464, 125, 726, 918, 137, 313, 14, 939, 947, 280, 410, 989, 585, 238, 992, 325, 920, 99, 446, 520, 301, 49, 43, 799, 941, 529, 476, 969, 868, 577, 386, 900, 828, 203, 245, 776, 793]
Tree:
None

Fitness:
12.10509883623469