Generation:
1000

Phenotype:
+5.4E-0*KG(x[:,0], 9.6E-8,4.9E-7,None)+4.2E-0*KS(x[:,0], 6.1E+8,8.0E+0,None)

Genotype:
[631, 236, 184, 754, 687, 480, 638, 436, 135, 698, 867, 309, 495, 917, 864, 148, 476, 903, 932, 263, 190, 275, 581, 482, 28, 16, 900, 314, 240, 876, 596, 244, 145, 266, 409, 368, 441, 855, 802, 897, 275, 483, 182, 557, 383, 872, 753, 111, 546, 370, 995, 62, 443, 963, 692, 422, 144, 317, 697, 50, 241, 364, 624, 498, 979, 215, 42, 360, 499, 546, 840, 625, 418, 950, 144, 389, 81, 756, 200, 769, 569, 514, 289, 511, 900, 575, 336, 126, 844, 472]
Tree:
None

Fitness:
35.93768098541607