Generation:
1000

Phenotype:
+9.4E-0*KS(x[:,0], 7.4E-1,6.7E-2,None)+2.4E+0*KS(x[:,0], 4.3E+2,7.0E+9,None)+9.9E-3*KS(x[:,0], 6.1E+6,5.8E+6,None)

Genotype:
[143, 974, 665, 624, 833, 910, 942, 624, 411, 741, 320, 727, 729, 42, 25, 323, 854, 514, 214, 960, 270, 858, 43, 154, 562, 366, 610, 196, 589, 280, 184, 400, 449, 59, 161, 683, 950, 431, 976, 266, 607, 208, 420, 256, 422, 855, 149, 949, 977, 479, 722, 294, 121, 915, 767, 681, 422, 121, 402, 955, 515, 389, 805, 48, 505, 41, 700]
Tree:
None

Fitness:
12.47717415309354