Generation:
1000

Phenotype:
+9.9E-0*KS(x[:,0], 6.6E-1,4.0E-1,None)

Genotype:
[616, 984, 224, 299, 549, 990, 842, 446, 367, 381, 12, 960, 777, 211, 321, 785, 827, 387, 761, 86, 212, 950, 444, 309, 721, 493, 387, 520, 50, 333, 556, 25, 15, 11, 382, 557, 55, 109, 249, 427, 148, 728, 210, 810, 368, 242, 355, 732, 524, 259, 407, 840, 681, 691, 247, 75, 236, 292, 460, 97, 79, 376, 623, 167, 724, 153, 410, 381, 391, 4, 421, 785, 685, 308, 34, 589, 746, 384, 869, 781, 445, 452, 440, 490, 430, 728, 10, 371, 550, 596]
Tree:
None

Fitness:
18.0502401757406