Generation:
1000

Phenotype:
+4.2E-0*KS(x[:,0], 6.1E+3,8.1E+1,None)

Genotype:
[994, 304, 435, 12, 815, 190, 905, 891, 652, 873, 664, 571, 182, 151, 146, 381, 927, 418, 685, 905, 211, 543, 850, 703, 724, 720, 151, 895, 656, 56, 792, 693, 423, 169, 59, 98, 152, 714, 899, 839, 932, 679, 613, 712, 450, 248, 74, 6, 746, 588, 194, 705, 320, 54, 886, 424, 678, 524, 655, 611, 896, 424, 408, 202, 398, 347, 546, 835, 51, 612, 436, 500, 192, 18, 557, 953, 758, 158, 593, 961, 957, 399, 204, 300, 136, 960, 256, 81, 872, 664]
Tree:
None

Fitness:
51.26512058828346