Generation:
1000

Phenotype:
-7.7E-2*KS(x[:,0], 5.7E+1,7.6E+6,None)+9.9E-1*KG(x[:,0], 2.9E+0,9.9E-1,None)-6.3E-9*KG(x[:,0], 3.4E-8,3.9E-0,None)

Genotype:
[59, 495, 438, 17, 847, 802, 148, 987, 418, 141, 861, 16, 390, 106, 595, 529, 640, 395, 259, 551, 821, 55, 489, 508, 650, 647, 149, 793, 21, 630, 642, 205, 581, 573, 561, 659, 812, 14, 321, 438, 290, 679, 123, 730, 439, 117, 16, 540, 55, 348, 84, 577, 933, 80, 432, 350, 652, 39, 539, 968, 802, 348, 232, 995, 773, 67, 909, 360, 408, 663, 957, 420, 400, 165, 769, 683, 494, 43, 488, 820, 111, 817, 372, 410, 84, 412, 182, 987, 214, 34, 130, 184, 459, 226, 661, 217, 757, 232, 2, 523, 411, 125, 482, 581, 571, 98, 557, 402, 425, 275, 765, 142, 363, 543, 779, 723, 100, 894, 898, 686, 806, 102, 429, 757, 12, 115, 426, 850, 57, 849, 22, 64, 790, 230, 990, 61, 174, 714, 146, 56, 278, 107, 657, 769, 321, 316, 420, 76, 158, 74, 456, 566, 781, 280, 951, 629, 212]
Tree:
None

Fitness:
0.04892156272870382