Generation:
1000

Phenotype:
+9.9E-1*KG(x[:,0], 3.1E+0,9.9E-1,None)-5.9E-2*KP(x[:,0], 6.3E-5,6.9E+4,0)-5.0E-5*KG(x[:,0], 6.1E-5,5.6E-3,None)

Genotype:
[781, 806, 863, 199, 277, 981, 317, 181, 598, 940, 296, 939, 729, 181, 700, 3, 199, 733, 109, 75, 762, 437, 953, 857, 525, 545, 229, 262, 194, 805, 180, 593, 769, 260, 389, 425, 554, 941, 13, 525, 616, 366, 587, 843, 785, 198, 428, 287, 491, 636, 548, 350, 507, 770, 438, 504, 223, 622, 343, 241, 0, 895, 186, 106, 626, 556, 730, 197, 456, 553, 182, 67, 651, 653, 685, 224, 715, 708, 33, 288, 7, 152, 178, 69, 215, 699, 959, 203, 510, 545, 438, 850, 235, 862, 191, 413, 244, 671, 927, 470, 299, 19, 841, 861, 674, 793, 340, 206, 914, 320, 420, 39]
Tree:
None

Fitness:
0.047625865339612175