Generation:
1000

Phenotype:
+9.3E-1*KG(x[:,0], 3.9E+0,1.0E-0,None)+5.3E+0*KG(x[:,0], 8.0E-2,1.3E+1,None)+4.7E-2*KS(x[:,0], 3.5E+9,3.0E+2,None)-9.8E-4*KP(x[:,0], 4.4E-0,4.6E-1,2)

Genotype:
[163, 878, 368, 493, 15, 961, 794, 259, 552, 850, 405, 990, 811, 470, 812, 829, 260, 832, 393, 230, 410, 223, 700, 609, 442, 126, 103, 236, 251, 18, 971, 676, 831, 137, 867, 272, 308, 245, 202, 929, 920, 740, 80, 982, 330, 92, 263, 818, 178, 743, 994, 966, 404, 897, 590, 813, 306, 111, 601, 237, 524, 248, 51, 138, 318, 671, 240]
Tree:
None

Fitness:
0.1508132320787391