Generation:
1000

Phenotype:
+9.9E-1*KG(x[:,0], 3.0E+0,9.8E-1,None)-5.4E-2*KS(x[:,0], 8.0E-3,3.1E+9,None)-9.7E-2*KG(x[:,0], 6.5E+0,1.3E-7,None)

Genotype:
[337, 576, 701, 599, 519, 231, 263, 520, 68, 980, 98, 428, 453, 191, 425, 767, 701, 706, 424, 415, 752, 565, 140, 357, 23, 362, 341, 390, 589, 967, 426, 37, 899, 277, 371, 872, 689, 385, 874, 950, 0, 793, 159, 367, 712, 597, 668, 593, 358, 167, 818, 530, 792, 775, 227, 627, 762, 889, 662, 297, 281, 18, 885, 343, 948, 153, 976, 374, 314, 950, 1, 603, 6, 183, 450, 887, 486, 352, 911, 385, 10, 309, 177, 536, 843, 896, 145, 51, 832, 937]
Tree:
None

Fitness:
0.03448146068607121