Generation:
1000

Phenotype:
+2.6E-0*KS(x[:,0], 4.0E+2,7.9E+8,None)+9.2E+0*KS(x[:,0], 8.1E-1,7.9E-2,None)

Genotype:
[293, 640, 325, 896, 901, 80, 840, 890, 824, 402, 861, 749, 184, 568, 567, 184, 78, 170, 162, 854, 910, 205, 51, 369, 591, 402, 569, 809, 292, 64, 749, 250, 189, 111, 733, 384, 701, 263, 936, 316, 602, 586, 688, 389, 71, 465, 615, 56, 481, 505, 998, 919, 524, 195, 364, 449, 166, 120, 761, 457, 724, 463, 91, 547, 547, 684, 502, 940, 678, 856, 98, 403, 51, 345, 197, 398, 47, 476, 905, 119, 262, 1, 201, 610, 15, 543, 943, 542, 601, 263]
Tree:
None

Fitness:
12.764766880147677