Generation:
1000

Phenotype:
+3.8E-0*KG(x[:,0], 5.1E-3,5.6E-0,None)-1.4E+1*KP(x[:,0], 7.1E-2,9.2E-9,2)+9.1E-0*KS(x[:,0], 8.1E-1,1.4E-8,None)

Genotype:
[283, 680, 164, 288, 485, 100, 238, 841, 649, 633, 769, 686, 327, 630, 884, 837, 669, 873, 54, 420, 821, 78, 821, 87, 262, 125, 732, 409, 569, 787, 10, 996, 458, 441, 283, 170, 673, 291, 347, 671, 243, 4, 141, 8, 973, 16, 458, 853, 495, 943, 534, 333, 979, 898, 504, 429, 515, 974, 53, 140, 601, 78, 627, 512, 648, 643, 172, 835, 611, 36, 208, 751, 332, 352, 955, 717, 568, 811, 194, 128, 908, 814, 264, 357, 795, 698, 107, 912, 732, 743, 281, 560, 878, 116, 448, 467, 677, 871, 490, 295, 693, 506, 498, 881, 35, 345, 12, 110, 780, 239, 724, 947, 762, 861, 190, 353, 564, 102, 60, 623, 391, 578, 601, 424, 163, 423, 744, 71, 209, 110, 323, 958, 723, 220, 243, 34, 923, 937, 508, 796, 76, 916, 237, 69, 742, 818, 87, 708, 254, 995, 940, 935, 688, 569, 915, 855, 376, 428, 434, 326, 513, 880, 625, 400, 908, 901, 475, 89, 473, 196, 22, 424, 719, 211, 79, 476, 612, 908, 759, 182]
Tree:
None

Fitness:
12.554189721279599