Generation:
1000

Phenotype:
+9.9E-0*KS(x[:,0], 6.6E-1,2.9E-2,None)+2.8E-0*KG(x[:,0], 3.4E-2,9.4E-5,None)

Genotype:
[533, 512, 260, 359, 793, 40, 185, 236, 47, 641, 28, 959, 183, 2, 952, 798, 916, 964, 208, 687, 330, 902, 534, 889, 422, 962, 864, 425, 235, 856, 630, 567, 570, 950, 803, 938, 125, 194, 620, 474, 612, 56, 887, 237, 76, 733, 991, 586, 471, 890, 866, 870, 234, 833, 856, 267, 340, 71, 731, 152, 228, 213, 354, 494, 820, 454, 276, 374, 778, 296, 310, 965, 421, 501, 70, 123, 897, 521, 28, 798, 940, 608, 65, 740, 801, 826, 158, 116, 377, 861, 430, 31, 691, 145, 623, 112, 973, 540, 856, 134, 803, 833, 505, 534, 932, 360, 298, 745, 147, 671, 932, 800, 939, 881, 132, 186, 632, 812, 872, 925, 177, 208, 303, 968, 270, 407, 265, 220, 131, 877, 34, 361, 711, 963, 706]
Tree:
None

Fitness:
12.13188374915729