Generation:
1000

Phenotype:
+9.6E-0*KS(x[:,0], 7.5E-1,1.3E-1,None)+2.3E-0*KG(x[:,0], 1.6E-5,3.4E-2,None)

Genotype:
[83, 660, 125, 266, 985, 120, 879, 95, 229, 701, 270, 793, 417, 581, 908, 612, 886, 820, 493, 251, 990, 882, 486, 519, 275, 92, 664, 113, 172, 378, 836, 112, 427, 879, 297, 363, 933, 904, 524, 733, 340, 458, 209, 250, 690, 254, 444, 614, 177, 741, 290, 974, 187, 566, 521, 49, 393, 589, 415, 348, 852, 757, 664, 759, 980, 320, 557, 46, 713, 480, 76, 346, 465, 559, 842, 239, 559, 303, 431, 882, 997, 101, 830, 422, 805, 475, 726, 791, 978, 803]
Tree:
None

Fitness:
12.606880934567105