Generation:
1000

Phenotype:
+3.5E+0*KS(x[:,0], 2.0E+6,8.6E+2,None)+4.5E-5*KP(x[:,0], 8.7E-0,1.5E-0,3)+7.6E-2*KS(x[:,0], 8.1E-3,7.4E-6,None)+8.4E-0*KS(x[:,0], 5.4E+5,7.8E+7,None)

Genotype:
[215, 710, 470, 225, 256, 610, 604, 950, 738, 986, 97, 756, 334, 272, 476, 225, 324, 435, 845, 385, 65, 457, 417, 443, 700, 729, 805, 355, 500, 93, 137, 382, 24, 296, 395, 422, 826, 961, 901, 953, 330, 94, 27, 86, 229, 682, 750, 34, 394, 691, 360, 310, 504, 782, 865, 150, 828, 814, 907, 277, 958, 435, 331, 858, 343, 480, 390, 905, 100, 178, 253, 915, 1, 406, 409, 775, 541, 5, 782, 505, 99, 669, 491, 141, 339, 642, 534, 21, 936, 844, 374, 962, 347, 140, 800, 14, 997, 902, 418, 458, 997, 957, 607, 222, 448, 941, 865, 748, 20, 550, 974, 374, 601, 98, 446, 301, 703, 911, 904, 403, 96, 875, 502, 433, 702, 755, 143, 435, 879, 662, 144, 466, 924, 631, 798, 143, 484, 691, 899, 434, 580, 294, 617, 759, 721, 535, 11, 137, 554, 117, 207, 757, 236, 150, 579, 524, 781, 518, 780, 87, 378, 959, 848, 111, 231, 704, 485, 370, 323, 645, 711, 121, 691, 586, 728, 36, 532, 777, 253, 151]
Tree:
None

Fitness:
45.9246090534614