Generation:
1000

Phenotype:
+8.7E-0*KS(x[:,0], 6.0E-1,5.0E-3,None)+4.3E-0*KG(x[:,0], 9.9E-2,1.8E+0,None)

Genotype:
[299, 400, 376, 797, 183, 960, 833, 390, 295, 681, 670, 750, 303, 53, 845, 744, 440, 714, 643, 205, 230, 890, 669, 981, 772, 891, 958, 418, 540, 129, 587, 676, 301, 153, 863, 68, 231, 738, 300, 42, 607, 752, 108, 661, 994, 400, 50, 582, 924, 440, 144, 623, 99, 773, 85, 398, 755, 772, 160, 732, 983, 662, 345, 451, 169, 167, 692, 706, 692, 676, 960, 296, 383, 59, 693, 378, 170, 840, 883, 823, 963, 389, 586, 900, 296, 223, 369, 895, 694, 963, 956, 755, 338, 845, 674, 140, 842, 49, 694, 928, 846, 246, 271, 337, 246, 178, 556, 656, 747, 420, 852, 505]
Tree:
None

Fitness:
11.71263064312747