Generation:
1000

Phenotype:
-2.8E-2*KP(x[:,0], 4.5E-5,7.8E-2,1)

Genotype:
[68, 167, 829, 958, 317, 482, 795, 345, 61, 815, 177, 588, 393, 272, 286, 719, 565, 465, 631, 832, 479, 501, 435, 467, 699, 581, 903, 911, 113, 12, 58, 534, 372, 968, 354, 119, 555, 342, 534, 840, 387, 285, 54, 518, 496, 770, 987, 909, 714, 116, 337, 646, 145, 979, 694, 74, 481, 649, 795, 849, 583, 421, 902, 172, 183, 908, 674, 434, 661, 886, 45, 830, 557, 401, 271, 179, 868, 89, 580, 585, 618, 407, 575, 937, 180, 395, 513, 478, 389, 212]
Tree:
None

Fitness:
2.431956174549368