Generation:
1000

Phenotype:
+9.3E+0*KS(x[:,0], 7.8E-1,3.9E-5,None)+3.5E-0*KS(x[:,0], 8.2E-1,2.0E-0,None)-8.6E-1*KS(x[:,0], 6.2E+3,1.0E-6,None)

Genotype:
[173, 986, 656, 233, 420, 440, 42, 928, 343, 891, 47, 809, 707, 825, 262, 971, 562, 29, 785, 691, 850, 421, 942, 719, 451, 739, 710, 191, 520, 865, 316, 713, 511, 476, 287, 261, 743, 842, 254, 173, 801, 650, 825, 166, 94, 623, 388, 284, 466, 261, 367, 667, 526, 804, 272, 246, 635, 377, 637, 558, 831, 274, 711, 883, 49, 725, 53, 284, 930, 123, 559, 351, 565, 524, 896, 630, 306, 671, 919, 570, 21, 413, 122, 278, 851, 535, 750, 520, 72, 950, 278, 110, 61, 444, 590, 103, 5, 648, 806, 204, 150, 404, 753, 297, 962, 899, 771, 810, 408, 58, 960, 88, 824, 251, 779, 65, 595, 506, 662, 603, 629, 413, 53, 830, 758, 95, 800, 510, 969, 694, 56, 594, 32, 622, 146, 342, 703, 966, 883, 520, 379, 638, 202, 656, 643, 415, 401, 350, 494, 848, 904, 992, 546, 296, 867, 682, 765]
Tree:
None

Fitness:
12.015051536249228