Generation:
1000

Phenotype:
+9.9E-1*KG(x[:,0], 3.1E-0,1.0E-0,None)-5.1E-2*KS(x[:,0], 8.3E+2,5.8E+4,None)

Genotype:
[25, 988, 530, 179, 1, 11, 911, 491, 699, 270, 423, 950, 657, 400, 600, 148, 961, 868, 691, 773, 562, 286, 243, 274, 12, 337, 758, 514, 944, 276, 504, 386, 503, 476, 652, 449, 974, 604, 228, 611, 568, 243, 317, 235, 59, 738, 617, 946, 45, 829, 940, 175, 431, 75, 459, 51, 768, 158, 102, 719, 96, 497, 278, 988, 84, 231, 184, 104, 925, 494, 106, 885, 684, 235, 700, 656, 619, 649, 425, 360, 789, 690, 176, 172, 159, 989, 831, 246, 310, 877, 963, 397, 53, 804, 488, 965, 963, 571, 283, 336, 600, 174, 775, 896, 193, 798, 703, 884, 543, 733, 643, 851, 894, 51, 594, 456, 241, 473, 935, 644, 997, 0, 47, 663, 457, 417, 663, 416, 667, 755, 819, 416, 536, 282, 491, 378, 61, 441, 280, 572, 850, 856, 916, 151, 14, 668, 761, 70, 573, 463, 804, 155, 434, 643, 615, 388, 623]
Tree:
None

Fitness:
0.047297991268053376