Generation:
1000

Phenotype:
+3.6E+2*KG(x[:,0], 9.1E-8,5.9E+3,None)-6.0E-0*KS(x[:,0], 8.0E-9,5.8E+5,None)+7.6E-8*KP(x[:,0], 9.3E-2,8.3E-6,2)-9.0E-6*KS(x[:,0], 8.0E-2,8.4E+6,None)-1.2E-4*KS(x[:,0], 1.4E+0,1.4E-3,None)

Genotype:
[217, 34, 740, 146, 120, 962, 143, 801, 223, 688, 931, 139, 94, 663, 858, 821, 793, 275, 90, 235, 910, 61, 810, 159, 509, 400, 348, 68, 275, 588, 495, 500, 528, 516, 191, 568, 269, 253, 859, 672, 52, 523, 909, 506, 847, 59, 843, 323, 10, 959, 416, 907, 260, 525, 842, 484, 764, 460, 886, 471, 688, 103, 234, 502, 77, 854, 657, 4, 768, 740, 126, 104, 363, 423, 39, 939, 157, 943, 896, 281, 514, 64, 42, 238, 904, 485, 39, 746, 535, 194, 379, 3, 178, 414, 853, 147, 441, 262, 536, 923, 74, 923, 739, 93, 721, 801, 153, 102, 100, 527, 193, 837, 911, 187, 519, 748, 809, 955, 624, 296, 736, 479, 210, 743, 264, 874, 491, 526, 120, 807, 786, 96, 730, 951, 15]
Tree:
None

Fitness:
60.50718286082549